0 0.232421875 0.0654296875 0.05859375 0.130859375
0 0.4189453125 0.0966796875 0.080078125 0.193359375
0 0.533203125 0.048828125 0.0859375 0.09765625
0 0.74609375 0.134765625 0.1171875 0.26953125
0 0.8837890625 0.0771484375 0.126953125 0.150390625
0 0.314453125 0.13671875 0.07421875 0.2578125
0 0.607421875 0.1953125 0.109375 0.33984375
0 0.966796875 0.2802734375 0.0625 0.412109375
0 0.1357421875 0.1787109375 0.048828125 0.201171875
0 0.4912109375 0.302734375 0.091796875 0.3125
0 0.0546875 0.2666015625 0.03125 0.138671875
0 0.8369140625 0.380859375 0.119140625 0.375
0 0.2021484375 0.3671875 0.048828125 0.24609375
0 0.39453125 0.3857421875 0.0703125 0.263671875
0 0.6982421875 0.4775390625 0.115234375 0.353515625
0 0.2900390625 0.478515625 0.060546875 0.2578125
0 0.099609375 0.470703125 0.04296875 0.1640625
0 0.572265625 0.5693359375 0.1015625 0.341796875
0 0.4580078125 0.650390625 0.083984375 0.31640625
0 0.939453125 0.69140625 0.1171875 0.3671875
0 0.01953125 0.5576171875 0.0390625 0.115234375
0 0.1787109375 0.6455078125 0.037109375 0.150390625
0 0.3603515625 0.7353515625 0.076171875 0.275390625
0 0.791015625 0.7822265625 0.1171875 0.373046875
0 0.0810546875 0.767578125 0.037109375 0.1640625
0 0.2529296875 0.8046875 0.056640625 0.2421875
0 0.6533203125 0.8427734375 0.115234375 0.310546875
0 0.5361328125 0.8837890625 0.091796875 0.228515625
0 0.4267578125 0.923828125 0.080078125 0.1484375
0 0.14453125 0.9306640625 0.0546875 0.134765625
0 0.8896484375 0.95703125 0.107421875 0.08203125
0 0.3193359375 0.958984375 0.060546875 0.07421875
0 0.0625 0.9853515625 0.02734375 0.025390625
0 0.2353515625 0.9873046875 0.033203125 0.021484375
0 0.7431640625 0.9912109375 0.041015625 0.013671875
