0 0.3955078125 0.0341796875 0.025390625 0.048828125
0 0.5859375 0.025390625 0.0078125 0.0078125
0 0.638671875 0.03125 0.01171875 0.015625
0 0.443359375 0.056640625 0.03125 0.03515625
0 0.904296875 0.0703125 0.01171875 0.01171875
0 0.91796875 0.0732421875 0.00390625 0.009765625
0 0.93359375 0.076171875 0.0078125 0.01171875
0 0.9501953125 0.07421875 0.005859375 0.0078125
0 0.9677734375 0.0791015625 0.009765625 0.013671875
0 0.7685546875 0.0927734375 0.025390625 0.025390625
0 0.8134765625 0.091796875 0.029296875 0.02734375
0 0.9833984375 0.083984375 0.009765625 0.01171875
0 0.8544921875 0.09375 0.033203125 0.02734375
0 0.8994140625 0.0986328125 0.037109375 0.029296875
0 0.9453125 0.1044921875 0.0390625 0.037109375
0 0.07421875 0.3203125 0.14453125 0.43359375
0 0.2509765625 0.3759765625 0.216796875 0.521484375
0 0.533203125 0.421875 0.3046875 0.609375
0 0.02734375 0.6787109375 0.0546875 0.369140625
0 0.1640625 0.751953125 0.16015625 0.4296875
0 0.3525390625 0.8232421875 0.248046875 0.349609375
0 0.6650390625 0.865234375 0.310546875 0.265625
