0 0.5283203125 0.119140625 0.060546875 0.07421875
0 0.7490234375 0.1396484375 0.064453125 0.072265625
0 0.423828125 0.21484375 0.05078125 0.0546875
0 0.056640625 0.2333984375 0.0390625 0.056640625
0 0.837890625 0.2939453125 0.0703125 0.076171875
0 0.4794921875 0.3046875 0.056640625 0.0625
0 0.720703125 0.3251953125 0.0546875 0.060546875
0 0.291015625 0.3486328125 0.05078125 0.060546875
0 0.189453125 0.37890625 0.0390625 0.05078125
0 0.904296875 0.4580078125 0.09375 0.087890625
0 0.4619140625 0.4521484375 0.052734375 0.056640625
0 0.6689453125 0.4541015625 0.052734375 0.052734375
0 0.7724609375 0.4619140625 0.044921875 0.060546875
0 0.3291015625 0.484375 0.044921875 0.05078125
0 0.2021484375 0.5 0.033203125 0.046875
0 0.5849609375 0.5751953125 0.044921875 0.052734375
0 0.7392578125 0.57421875 0.044921875 0.05078125
0 0.349609375 0.595703125 0.046875 0.0546875
0 0.2138671875 0.611328125 0.037109375 0.046875
0 0.060546875 0.6181640625 0.03515625 0.048828125
0 0.8291015625 0.6298828125 0.068359375 0.068359375
0 0.1171875 0.7333984375 0.0390625 0.048828125
0 0.4228515625 0.736328125 0.052734375 0.0546875
0 0.7568359375 0.763671875 0.064453125 0.0625
0 0.048828125 0.7666015625 0.0234375 0.029296875
0 0.3408203125 0.7724609375 0.037109375 0.044921875
0 0.533203125 0.7802734375 0.05859375 0.060546875
0 0.220703125 0.8203125 0.0234375 0.02734375
0 0.1611328125 0.8251953125 0.021484375 0.029296875
0 0.470703125 0.8525390625 0.03125 0.029296875
0 0.0732421875 0.861328125 0.021484375 0.0234375
0 0.912109375 0.8701171875 0.04296875 0.037109375
0 0.7841796875 0.8798828125 0.037109375 0.037109375
0 0.16015625 0.880859375 0.0234375 0.02734375
0 0.2314453125 0.8828125 0.021484375 0.02734375
0 0.2763671875 0.8857421875 0.025390625 0.033203125
0 0.634765625 0.9228515625 0.05859375 0.060546875
0 0.0439453125 0.91015625 0.017578125 0.0234375
0 0.5361328125 0.9267578125 0.033203125 0.029296875
0 0.1142578125 0.931640625 0.021484375 0.0234375
0 0.2783203125 0.9521484375 0.021484375 0.025390625
0 0.337890625 0.94921875 0.0234375 0.0234375
0 0.1943359375 0.9521484375 0.017578125 0.017578125
0 0.044921875 0.9677734375 0.015625 0.017578125
0 0.1181640625 0.9814453125 0.021484375 0.021484375
0 0.166015625 0.98828125 0.01953125 0.01953125
0 0.349609375 0.99609375 0.015625 0.00390625
