0 0.236328125 0.083984375 0.0546875 0.08984375
0 0.369140625 0.0830078125 0.05859375 0.091796875
0 0.501953125 0.083984375 0.0546875 0.08984375
0 0.5673828125 0.08203125 0.060546875 0.0859375
0 0.302734375 0.08203125 0.05859375 0.0859375
0 0.435546875 0.0849609375 0.05859375 0.091796875
0 0.6337890625 0.0849609375 0.060546875 0.091796875
0 0.6708984375 0.166015625 0.060546875 0.08984375
0 0.2021484375 0.169921875 0.060546875 0.08984375
0 0.3359375 0.171875 0.05859375 0.08984375
0 0.46484375 0.171875 0.05859375 0.08984375
0 0.6005859375 0.169921875 0.060546875 0.08984375
0 0.26953125 0.1728515625 0.05859375 0.087890625
0 0.400390625 0.171875 0.0546875 0.08984375
0 0.5341796875 0.171875 0.056640625 0.08984375
0 0.1708984375 0.2548828125 0.060546875 0.091796875
0 0.6337890625 0.2548828125 0.060546875 0.087890625
0 0.7041015625 0.2568359375 0.056640625 0.091796875
0 0.23828125 0.2578125 0.0546875 0.08984375
0 0.3701171875 0.2578125 0.060546875 0.08984375
0 0.5009765625 0.2578125 0.060546875 0.08984375
0 0.568359375 0.2587890625 0.05859375 0.091796875
0 0.3017578125 0.259765625 0.056640625 0.0859375
0 0.4345703125 0.259765625 0.056640625 0.0859375
0 0.140625 0.33984375 0.0625 0.0859375
0 0.669921875 0.341796875 0.05859375 0.08984375
0 0.7373046875 0.3388671875 0.064453125 0.083984375
0 0.2060546875 0.34765625 0.056640625 0.09375
0 0.404296875 0.3427734375 0.05859375 0.087890625
0 0.466796875 0.3447265625 0.0546875 0.091796875
0 0.6015625 0.34375 0.05859375 0.08984375
0 0.26953125 0.3466796875 0.0546875 0.083984375
0 0.533203125 0.345703125 0.0625 0.0859375
0 0.3359375 0.3466796875 0.05859375 0.083984375
0 0.990234375 0.3701171875 0.015625 0.037109375
0 0.962890625 0.3798828125 0.0234375 0.033203125
0 0.705078125 0.42578125 0.0546875 0.09375
0 0.1083984375 0.423828125 0.060546875 0.0859375
0 0.7705078125 0.4267578125 0.060546875 0.091796875
0 0.5048828125 0.4267578125 0.056640625 0.083984375
0 0.5693359375 0.4267578125 0.052734375 0.083984375
0 0.1728515625 0.4296875 0.060546875 0.08984375
0 0.2392578125 0.4296875 0.056640625 0.08984375
0 0.3701171875 0.4287109375 0.064453125 0.087890625
0 0.4384765625 0.4296875 0.060546875 0.08984375
0 0.6376953125 0.4287109375 0.056640625 0.087890625
0 0.3046875 0.431640625 0.05859375 0.0859375
0 0.947265625 0.4169921875 0.0234375 0.033203125
0 0.9775390625 0.41796875 0.021484375 0.03515625
0 0.916015625 0.4208984375 0.0234375 0.033203125
0 0.9599609375 0.455078125 0.021484375 0.03515625
0 0.990234375 0.4541015625 0.015625 0.033203125
0 0.896484375 0.4580078125 0.02734375 0.033203125
0 0.931640625 0.4619140625 0.0234375 0.029296875
0 0.0791015625 0.509765625 0.056640625 0.0859375
0 0.3408203125 0.509765625 0.052734375 0.0859375
0 0.7353515625 0.5107421875 0.052734375 0.083984375
0 0.802734375 0.509765625 0.05859375 0.0859375
0 0.14453125 0.5126953125 0.0546875 0.083984375
0 0.2099609375 0.5146484375 0.060546875 0.087890625
0 0.2763671875 0.513671875 0.056640625 0.08203125
0 0.404296875 0.51171875 0.05859375 0.08203125
0 0.4716796875 0.513671875 0.056640625 0.08984375
0 0.537109375 0.5126953125 0.05859375 0.083984375
0 0.603515625 0.51171875 0.05859375 0.0859375
0 0.671875 0.513671875 0.05859375 0.08203125
0 0.978515625 0.494140625 0.0234375 0.03515625
0 0.8779296875 0.4951171875 0.025390625 0.033203125
0 0.912109375 0.49609375 0.01953125 0.03515625
0 0.9453125 0.5 0.02734375 0.03515625
0 0.990234375 0.5302734375 0.015625 0.033203125
0 0.86328125 0.5341796875 0.0234375 0.033203125
0 0.927734375 0.5341796875 0.0234375 0.037109375
0 0.8935546875 0.5341796875 0.021484375 0.033203125
0 0.9619140625 0.5380859375 0.021484375 0.033203125
0 0.3740234375 0.595703125 0.060546875 0.0859375
0 0.3046875 0.599609375 0.05859375 0.08984375
0 0.4404296875 0.5966796875 0.056640625 0.087890625
0 0.9111328125 0.5693359375 0.021484375 0.033203125
0 0.107421875 0.59765625 0.05859375 0.0859375
0 0.505859375 0.5966796875 0.05859375 0.083984375
0 0.5732421875 0.59765625 0.056640625 0.0859375
0 0.6396484375 0.5986328125 0.060546875 0.083984375
0 0.7099609375 0.599609375 0.060546875 0.0859375
0 0.8515625 0.5712890625 0.01953125 0.029296875
0 0.880859375 0.5703125 0.0234375 0.03125
0 0.9423828125 0.5703125 0.025390625 0.03125
0 0.9765625 0.5732421875 0.0234375 0.037109375
0 0.99609375 0.568359375 0.00390625 0.0234375
0 0.173828125 0.5986328125 0.0546875 0.083984375
0 0.7783203125 0.603515625 0.060546875 0.0859375
0 0.23828125 0.6025390625 0.0546875 0.083984375
0 0.8994140625 0.60546875 0.021484375 0.03515625
0 0.869140625 0.6123046875 0.0234375 0.033203125
0 0.9267578125 0.609375 0.025390625 0.03125
0 0.9580078125 0.611328125 0.025390625 0.03515625
0 0.9892578125 0.6123046875 0.017578125 0.033203125
0 0.8388671875 0.6123046875 0.021484375 0.033203125
0 0.9072265625 0.6474609375 0.021484375 0.033203125
0 0.41015625 0.677734375 0.0546875 0.08984375
0 0.9375 0.6513671875 0.01953125 0.033203125
0 0.34375 0.6787109375 0.05859375 0.087890625
0 0.4736328125 0.6767578125 0.056640625 0.083984375
0 0.5400390625 0.6806640625 0.056640625 0.083984375
0 0.8759765625 0.65234375 0.025390625 0.03515625
0 0.966796875 0.6513671875 0.0234375 0.033203125
0 0.677734375 0.6845703125 0.05859375 0.091796875
0 0.845703125 0.654296875 0.0234375 0.03125
0 0.134765625 0.685546875 0.0625 0.08984375
0 0.2724609375 0.6826171875 0.056640625 0.083984375
0 0.611328125 0.6826171875 0.05859375 0.083984375
0 0.9921875 0.658203125 0.01171875 0.03515625
0 0.203125 0.6884765625 0.05859375 0.083984375
0 0.7451171875 0.69140625 0.056640625 0.08984375
0 0.912109375 0.6875 0.0234375 0.03125
0 0.9443359375 0.69140625 0.021484375 0.03515625
0 0.974609375 0.69140625 0.0234375 0.03515625
0 0.8544921875 0.6943359375 0.021484375 0.033203125
0 0.884765625 0.6953125 0.0234375 0.03125
0 0.92578125 0.728515625 0.0234375 0.03515625
0 0.9921875 0.7255859375 0.01171875 0.033203125
0 0.9599609375 0.7275390625 0.025390625 0.033203125
0 0.869140625 0.73046875 0.0234375 0.03515625
0 0.896484375 0.73046875 0.01953125 0.03515625
0 0.3125 0.7587890625 0.05859375 0.080078125
0 0.3779296875 0.7607421875 0.052734375 0.080078125
0 0.5068359375 0.7607421875 0.056640625 0.083984375
0 0.5732421875 0.759765625 0.052734375 0.0859375
0 0.4423828125 0.759765625 0.056640625 0.08203125
0 0.240234375 0.767578125 0.05859375 0.0859375
0 0.6435546875 0.767578125 0.052734375 0.0859375
0 0.7119140625 0.76953125 0.052734375 0.0859375
0 0.1689453125 0.76953125 0.060546875 0.0859375
0 0.978515625 0.7626953125 0.0234375 0.033203125
0 0.94140625 0.7646484375 0.0234375 0.033203125
0 0.8798828125 0.7705078125 0.021484375 0.037109375
0 0.91015625 0.771484375 0.0234375 0.03515625
0 0.994140625 0.7880859375 0.0078125 0.025390625
0 0.962890625 0.794921875 0.0234375 0.03125
0 0.896484375 0.806640625 0.02734375 0.03125
0 0.9287109375 0.8056640625 0.025390625 0.033203125
0 0.6064453125 0.841796875 0.052734375 0.08984375
0 0.28125 0.8408203125 0.0625 0.083984375
0 0.541015625 0.84375 0.0546875 0.08984375
0 0.3466796875 0.8466796875 0.056640625 0.083984375
0 0.412109375 0.8447265625 0.05859375 0.083984375
0 0.4765625 0.845703125 0.05859375 0.08203125
0 0.20703125 0.8505859375 0.05859375 0.080078125
0 0.67578125 0.849609375 0.0546875 0.08203125
0 0.984375 0.82421875 0.01953125 0.03515625
0 0.9482421875 0.8359375 0.021484375 0.03125
0 0.912109375 0.8388671875 0.0234375 0.033203125
0 0.96484375 0.8837890625 0.0390625 0.068359375
0 0.9951171875 0.8662109375 0.005859375 0.033203125
0 0.93359375 0.87109375 0.0234375 0.03515625
0 0.3154296875 0.9228515625 0.056640625 0.080078125
0 0.380859375 0.9189453125 0.05859375 0.080078125
0 0.443359375 0.9228515625 0.0546875 0.083984375
0 0.5107421875 0.923828125 0.060546875 0.0859375
0 0.638671875 0.9287109375 0.05859375 0.091796875
0 0.25 0.92578125 0.0546875 0.08203125
0 0.986328125 0.904296875 0.01953125 0.03515625
0 0.5751953125 0.931640625 0.056640625 0.0859375
