0 0.1650390625 0.2939453125 0.044921875 0.044921875
0 0.275390625 0.3115234375 0.0390625 0.044921875
0 0.17578125 0.3583984375 0.0390625 0.044921875
0 0.265625 0.3935546875 0.046875 0.048828125
0 0.01953125 0.4091796875 0.0390625 0.048828125
0 0.1416015625 0.416015625 0.048828125 0.05078125
0 0.2060546875 0.4169921875 0.044921875 0.048828125
0 0.3642578125 0.4501953125 0.041015625 0.044921875
0 0.03515625 0.4482421875 0.0390625 0.033203125
0 0.115234375 0.470703125 0.04296875 0.05078125
0 0.2587890625 0.46875 0.044921875 0.046875
0 0.1787109375 0.4755859375 0.044921875 0.044921875
0 0.3935546875 0.505859375 0.041015625 0.046875
0 0.455078125 0.5126953125 0.04296875 0.048828125
0 0.0185546875 0.513671875 0.037109375 0.046875
0 0.2255859375 0.5224609375 0.048828125 0.048828125
0 0.291015625 0.52734375 0.04296875 0.05078125
0 0.08203125 0.529296875 0.04296875 0.046875
0 0.1435546875 0.53125 0.041015625 0.046875
0 0.51171875 0.552734375 0.0390625 0.046875
0 0.349609375 0.560546875 0.04296875 0.046875
0 0.4248046875 0.5634765625 0.041015625 0.044921875
0 0.009765625 0.568359375 0.01953125 0.04296875
0 0.0537109375 0.578125 0.041015625 0.04296875
0 0.1826171875 0.5869140625 0.041015625 0.044921875
0 0.095703125 0.599609375 0.04296875 0.046875
0 0.236328125 0.599609375 0.0390625 0.046875
0 0.4599609375 0.619140625 0.044921875 0.05078125
0 0.5244140625 0.630859375 0.041015625 0.046875
0 0.2880859375 0.6318359375 0.048828125 0.044921875
0 0.59375 0.634765625 0.04296875 0.05078125
0 0.017578125 0.6328125 0.03515625 0.04296875
0 0.3623046875 0.6337890625 0.041015625 0.044921875
0 0.1435546875 0.6474609375 0.041015625 0.044921875
0 0.064453125 0.654296875 0.04296875 0.046875
0 0.203125 0.6572265625 0.046875 0.052734375
0 0.640625 0.673828125 0.046875 0.05078125
0 0.8525390625 0.6748046875 0.052734375 0.048828125
0 0.7802734375 0.6787109375 0.048828125 0.044921875
0 0.5634765625 0.6796875 0.044921875 0.046875
0 0.48046875 0.693359375 0.04296875 0.046875
0 0.3134765625 0.703125 0.044921875 0.046875
0 0.3857421875 0.705078125 0.048828125 0.05078125
0 0.23828125 0.7041015625 0.04296875 0.044921875
0 0.10546875 0.705078125 0.0390625 0.0390625
0 0.67578125 0.71484375 0.05078125 0.05078125
0 0.01171875 0.7333984375 0.0234375 0.048828125
0 0.142578125 0.732421875 0.05078125 0.046875
0 0.8203125 0.7314453125 0.0390625 0.044921875
0 0.95703125 0.736328125 0.05078125 0.05078125
0 0.8876953125 0.7353515625 0.044921875 0.044921875
0 0.5888671875 0.7451171875 0.041015625 0.048828125
0 0.7314453125 0.75 0.044921875 0.05078125
0 0.5166015625 0.75 0.044921875 0.046875
0 0.6591796875 0.7548828125 0.041015625 0.037109375
0 0.201171875 0.76171875 0.046875 0.05078125
0 0.2626953125 0.767578125 0.041015625 0.046875
0 0.3388671875 0.7705078125 0.041015625 0.044921875
0 0.4130859375 0.7734375 0.044921875 0.046875
0 0.044921875 0.78515625 0.046875 0.05078125
0 0.1025390625 0.79296875 0.044921875 0.05078125
0 0.9873046875 0.7900390625 0.021484375 0.044921875
0 0.7734375 0.7978515625 0.04296875 0.044921875
0 0.8447265625 0.7978515625 0.048828125 0.044921875
0 0.9052734375 0.8125 0.048828125 0.05078125
0 0.6298828125 0.8115234375 0.041015625 0.044921875
0 0.6875 0.814453125 0.046875 0.05078125
0 0.5390625 0.822265625 0.04296875 0.0546875
0 0.220703125 0.8330078125 0.046875 0.052734375
0 0.1552734375 0.8349609375 0.044921875 0.048828125
0 0.279296875 0.8466796875 0.046875 0.048828125
0 0.3515625 0.8544921875 0.046875 0.048828125
0 0.0556640625 0.86328125 0.048828125 0.05078125
0 0.0126953125 0.8662109375 0.025390625 0.044921875
0 0.4169921875 0.873046875 0.041015625 0.046875
0 0.775390625 0.8916015625 0.046875 0.048828125
0 0.990234375 0.88671875 0.015625 0.0390625
0 0.1005859375 0.908203125 0.044921875 0.05078125
0 0.169921875 0.9091796875 0.046875 0.048828125
0 0.236328125 0.9130859375 0.04296875 0.048828125
0 0.3046875 0.9169921875 0.04296875 0.052734375
0 0.375 0.921875 0.046875 0.05078125
0 0.548828125 0.9228515625 0.05078125 0.048828125
0 0.8349609375 0.9248046875 0.048828125 0.048828125
0 0.462890625 0.935546875 0.04296875 0.046875
0 0.6103515625 0.94140625 0.041015625 0.05078125
0 0.6689453125 0.9404296875 0.048828125 0.048828125
0 0.89453125 0.9453125 0.05078125 0.046875
