0 0.265625 0.0576171875 0.08203125 0.068359375
0 0.546875 0.0986328125 0.09375 0.146484375
0 0.3759765625 0.1640625 0.166015625 0.2265625
0 0.6875 0.146484375 0.0625 0.140625
0 0.7568359375 0.1865234375 0.044921875 0.119140625
0 0.53515625 0.2294921875 0.10546875 0.177734375
0 0.8515625 0.25 0.02734375 0.07421875
0 0.7841796875 0.234375 0.001953125 0.0
0 0.884765625 0.2705078125 0.01953125 0.064453125
0 0.7236328125 0.296875 0.052734375 0.11328125
0 0.7841796875 0.2412109375 0.001953125 0.001953125
0 0.7763671875 0.2626953125 0.021484375 0.033203125
0 0.59765625 0.2900390625 0.015625 0.044921875
0 0.9375 0.3037109375 0.01171875 0.048828125
0 0.9560546875 0.296875 0.001953125 0.0
0 0.4638671875 0.3935546875 0.130859375 0.189453125
0 0.95703125 0.318359375 0.00390625 0.02734375
0 0.869140625 0.3515625 0.01953125 0.0703125
0 0.595703125 0.41015625 0.0859375 0.1484375
0 0.9453125 0.380859375 0.01171875 0.04296875
0 0.7529296875 0.4248046875 0.041015625 0.115234375
0 0.84765625 0.4423828125 0.02734375 0.068359375
0 0.8818359375 0.4482421875 0.017578125 0.064453125
0 0.912109375 0.4462890625 0.01171875 0.052734375
0 0.5341796875 0.5703125 0.111328125 0.16796875
0 0.720703125 0.546875 0.05078125 0.11328125
0 0.7802734375 0.541015625 0.041015625 0.09765625
0 0.94140625 0.5146484375 0.0078125 0.033203125
0 0.6142578125 0.55859375 0.033203125 0.11328125
0 0.8642578125 0.525390625 0.017578125 0.0546875
0 0.962890625 0.513671875 0.00390625 0.01953125
0 0.953125 0.5810546875 0.0078125 0.033203125
0 0.9296875 0.5859375 0.01171875 0.046875
0 0.8798828125 0.6103515625 0.017578125 0.064453125
0 0.8466796875 0.62109375 0.025390625 0.0703125
0 0.765625 0.6376953125 0.03125 0.080078125
0 0.681640625 0.6865234375 0.0625 0.126953125
0 0.94140625 0.65234375 0.0078125 0.04296875
0 0.2890625 0.7119140625 0.125 0.146484375
0 0.5947265625 0.7236328125 0.083984375 0.154296875
0 0.91796875 0.66796875 0.0078125 0.05078125
0 0.8935546875 0.6826171875 0.017578125 0.064453125
0 0.8623046875 0.7060546875 0.021484375 0.068359375
0 0.779296875 0.7548828125 0.0390625 0.091796875
0 0.6416015625 0.8447265625 0.068359375 0.138671875
0 0.5341796875 0.9111328125 0.103515625 0.169921875
