1 0.4755859375 0.626953125 0.134765625 0.203125
1 0.9521484375 0.6591796875 0.091796875 0.197265625
1 0.0478515625 0.6748046875 0.095703125 0.185546875
1 0.8046875 0.677734375 0.14453125 0.19140625
1 0.6357421875 0.6826171875 0.142578125 0.193359375
1 0.173828125 0.685546875 0.13671875 0.1875
1 0.322265625 0.6904296875 0.13671875 0.185546875
1 0.9736328125 0.8603515625 0.048828125 0.181640625
1 0.021484375 0.869140625 0.04296875 0.1640625
1 0.716796875 0.884765625 0.1328125 0.1875
1 0.1142578125 0.8828125 0.126953125 0.171875
1 0.8701171875 0.8876953125 0.138671875 0.181640625
1 0.564453125 0.8896484375 0.1328125 0.177734375
1 0.2578125 0.9072265625 0.140625 0.181640625
1 0.4091796875 0.9072265625 0.142578125 0.181640625
