1 0.46875 0.08984375 0.08984375 0.15234375
1 0.5625 0.10546875 0.0703125 0.1328125
1 0.9873046875 0.1005859375 0.021484375 0.130859375
1 0.625 0.1162109375 0.04296875 0.130859375
1 0.5078125 0.2685546875 0.078125 0.150390625
1 0.802734375 0.2470703125 0.0390625 0.107421875
1 0.8525390625 0.2412109375 0.025390625 0.087890625
1 0.5810546875 0.263671875 0.056640625 0.1328125
1 0.6513671875 0.2587890625 0.052734375 0.123046875
1 0.716796875 0.25390625 0.04296875 0.11328125
1 0.9912109375 0.2294921875 0.013671875 0.060546875
1 0.8916015625 0.234375 0.021484375 0.0703125
1 0.298828125 0.2783203125 0.1015625 0.150390625
1 0.962890625 0.2373046875 0.015625 0.064453125
1 0.15234375 0.337890625 0.13671875 0.171875
1 0.9873046875 0.3037109375 0.013671875 0.060546875
1 0.9580078125 0.310546875 0.017578125 0.06640625
1 0.8525390625 0.3193359375 0.025390625 0.068359375
1 0.8857421875 0.3193359375 0.025390625 0.052734375
1 0.7607421875 0.3369140625 0.033203125 0.060546875
1 0.6787109375 0.3779296875 0.037109375 0.103515625
1 0.7119140625 0.353515625 0.005859375 0.0546875
1 0.6328125 0.392578125 0.03515625 0.12109375
1 0.5771484375 0.412109375 0.064453125 0.1328125
1 0.9794921875 0.3779296875 0.013671875 0.052734375
1 0.9541015625 0.384765625 0.013671875 0.05859375
1 0.4287109375 0.41796875 0.060546875 0.125
1 0.9287109375 0.3935546875 0.017578125 0.060546875
1 0.8486328125 0.4013671875 0.025390625 0.064453125
1 0.8173828125 0.3857421875 0.025390625 0.025390625
1 0.35546875 0.4521484375 0.1015625 0.150390625
1 0.9775390625 0.4375 0.017578125 0.05078125
1 0.8115234375 0.4619140625 0.029296875 0.091796875
1 0.953125 0.4521484375 0.015625 0.052734375
1 0.21484375 0.5283203125 0.125 0.185546875
1 0.7548828125 0.48046875 0.029296875 0.09765625
1 0.705078125 0.4990234375 0.04296875 0.115234375
1 0.921875 0.470703125 0.015625 0.05859375
1 0.853515625 0.5009765625 0.0234375 0.076171875
1 0.8916015625 0.4892578125 0.021484375 0.056640625
1 0.98046875 0.49609375 0.015625 0.03515625
1 0.5791015625 0.552734375 0.060546875 0.13671875
1 0.96484375 0.4814453125 0.0 0.001953125
1 0.9560546875 0.50390625 0.009765625 0.0390625
1 0.4775390625 0.578125 0.083984375 0.15625
1 0.9072265625 0.5517578125 0.021484375 0.052734375
1 0.94921875 0.5263671875 0.0 0.001953125
1 0.345703125 0.607421875 0.08984375 0.15625
1 0.7587890625 0.5869140625 0.037109375 0.095703125
1 0.8544921875 0.55859375 0.013671875 0.01953125
1 0.70703125 0.6142578125 0.046875 0.115234375
1 0.880859375 0.59765625 0.0078125 0.04296875
1 0.646484375 0.640625 0.0546875 0.12109375
1 0.8505859375 0.6171875 0.029296875 0.06640625
1 0.7861328125 0.6533203125 0.029296875 0.087890625
1 0.8154296875 0.623046875 0.013671875 0.0390625
1 0.572265625 0.6796875 0.06640625 0.1328125
1 0.4833984375 0.720703125 0.068359375 0.140625
1 0.7177734375 0.6884765625 0.041015625 0.068359375
1 0.6591796875 0.732421875 0.052734375 0.0703125
1 0.38671875 0.7900390625 0.09375 0.181640625
1 0.7412109375 0.7451171875 0.025390625 0.052734375
1 0.5986328125 0.7724609375 0.044921875 0.087890625
1 0.697265625 0.775390625 0.03515625 0.07421875
1 0.537109375 0.8203125 0.06640625 0.1171875
1 0.6572265625 0.8125 0.033203125 0.109375
1 0.4609375 0.8662109375 0.08203125 0.126953125
1 0.5966796875 0.869140625 0.048828125 0.09765625
1 0.3720703125 0.9013671875 0.083984375 0.056640625
