1 0.2509765625 0.3271484375 0.005859375 0.021484375
1 0.236328125 0.3291015625 0.00390625 0.017578125
1 0.1669921875 0.404296875 0.025390625 0.05859375
1 0.125 0.4072265625 0.03125 0.052734375
1 0.7451171875 0.408203125 0.029296875 0.05078125
1 0.822265625 0.40234375 0.03125 0.0390625
1 0.783203125 0.408203125 0.02734375 0.0390625
1 0.861328125 0.404296875 0.0234375 0.03515625
1 0.08984375 0.4453125 0.01171875 0.04296875
1 0.908203125 0.458984375 0.02734375 0.0546875
1 0.7861328125 0.4609375 0.025390625 0.04296875
1 0.865234375 0.462890625 0.0234375 0.046875
1 0.337890625 0.4716796875 0.03515625 0.052734375
1 0.7470703125 0.4638671875 0.025390625 0.037109375
1 0.8291015625 0.4658203125 0.029296875 0.041015625
1 0.125 0.48046875 0.03125 0.046875
1 0.1689453125 0.48046875 0.029296875 0.046875
1 0.8310546875 0.517578125 0.025390625 0.03515625
1 0.90625 0.515625 0.0234375 0.04296875
1 0.8671875 0.517578125 0.02734375 0.03515625
1 0.75 0.5234375 0.02734375 0.046875
1 0.791015625 0.5234375 0.02734375 0.03515625
1 0.125 0.55078125 0.03125 0.05859375
1 0.17578125 0.5478515625 0.03125 0.052734375
1 0.34375 0.55078125 0.03125 0.046875
1 0.9365234375 0.6220703125 0.064453125 0.087890625
1 0.8642578125 0.626953125 0.064453125 0.078125
1 0.79296875 0.6298828125 0.06640625 0.083984375
1 0.7275390625 0.6318359375 0.052734375 0.080078125
1 0.3056640625 0.7060546875 0.064453125 0.095703125
1 0.1015625 0.703125 0.0546875 0.08984375
1 0.166015625 0.7060546875 0.05859375 0.095703125
1 0.236328125 0.7099609375 0.0546875 0.103515625
1 0.3828125 0.708984375 0.0625 0.1015625
1 0.8740234375 0.7333984375 0.060546875 0.095703125
1 0.9462890625 0.7275390625 0.068359375 0.083984375
1 0.7275390625 0.7353515625 0.060546875 0.091796875
1 0.798828125 0.732421875 0.0625 0.0859375
1 0.1083984375 0.8115234375 0.048828125 0.091796875
1 0.1728515625 0.81640625 0.052734375 0.08984375
1 0.2412109375 0.8193359375 0.060546875 0.095703125
1 0.318359375 0.8203125 0.06640625 0.09375
1 0.3876953125 0.828125 0.060546875 0.1015625
1 0.46484375 0.828125 0.06640625 0.1015625
1 0.1162109375 0.9228515625 0.048828125 0.083984375
1 0.1845703125 0.9267578125 0.056640625 0.087890625
1 0.2587890625 0.9345703125 0.056640625 0.095703125
1 0.3251953125 0.9365234375 0.060546875 0.099609375
1 0.400390625 0.9443359375 0.0625 0.107421875
1 0.4765625 0.947265625 0.0703125 0.1015625
