1 0.958984375 0.0400390625 0.078125 0.080078125
1 0.9658203125 0.15625 0.064453125 0.1171875
1 0.880859375 0.1611328125 0.0859375 0.115234375
1 0.779296875 0.173828125 0.08984375 0.1328125
1 0.6806640625 0.18359375 0.087890625 0.125
1 0.58203125 0.1923828125 0.08203125 0.126953125
1 0.392578125 0.2080078125 0.08984375 0.126953125
1 0.4912109375 0.2001953125 0.087890625 0.123046875
1 0.296875 0.21484375 0.08984375 0.11328125
1 0.2080078125 0.220703125 0.083984375 0.11328125
1 0.123046875 0.2333984375 0.08203125 0.107421875
1 0.0390625 0.244140625 0.078125 0.11328125
1 0.9658203125 0.2822265625 0.064453125 0.111328125
1 0.87890625 0.2919921875 0.08203125 0.111328125
1 0.787109375 0.2978515625 0.08203125 0.111328125
1 0.681640625 0.310546875 0.08203125 0.1171875
1 0.5908203125 0.3193359375 0.076171875 0.103515625
1 0.408203125 0.3349609375 0.08203125 0.111328125
1 0.4970703125 0.33203125 0.083984375 0.10546875
1 0.3154296875 0.33984375 0.080078125 0.109375
1 0.220703125 0.3466796875 0.0859375 0.107421875
1 0.0498046875 0.3642578125 0.087890625 0.111328125
1 0.130859375 0.359375 0.08203125 0.1015625
1 0.962890625 0.4111328125 0.0703125 0.111328125
1 0.87109375 0.4189453125 0.08203125 0.115234375
1 0.78125 0.4189453125 0.0859375 0.107421875
1 0.6806640625 0.4296875 0.083984375 0.10546875
1 0.0029296875 0.400390625 0.005859375 0.0390625
1 0.591796875 0.4375 0.078125 0.10546875
1 0.5048828125 0.4453125 0.076171875 0.10546875
1 0.4140625 0.4501953125 0.078125 0.095703125
1 0.3271484375 0.45703125 0.083984375 0.1015625
1 0.2421875 0.4658203125 0.08203125 0.095703125
1 0.1494140625 0.470703125 0.083984375 0.09765625
1 0.064453125 0.478515625 0.08203125 0.1015625
1 0.0087890625 0.49609375 0.017578125 0.08203125
1 0.95703125 0.5322265625 0.08203125 0.107421875
1 0.771484375 0.53125 0.08203125 0.09765625
1 0.677734375 0.541015625 0.078125 0.109375
1 0.86328125 0.5322265625 0.08203125 0.095703125
1 0.58984375 0.544921875 0.07421875 0.1015625
1 0.509765625 0.5556640625 0.0703125 0.091796875
1 0.423828125 0.5556640625 0.07421875 0.091796875
1 0.341796875 0.560546875 0.08203125 0.08984375
1 0.255859375 0.5712890625 0.078125 0.091796875
1 0.16796875 0.5791015625 0.078125 0.087890625
1 0.0888671875 0.5810546875 0.076171875 0.080078125
1 0.0185546875 0.59375 0.037109375 0.0859375
1 0.763671875 0.6416015625 0.08203125 0.095703125
1 0.8525390625 0.638671875 0.076171875 0.08984375
1 0.947265625 0.64453125 0.0859375 0.09765625
1 0.58984375 0.6484375 0.06640625 0.08984375
1 0.6728515625 0.6484375 0.072265625 0.08984375
1 0.43359375 0.65625 0.0703125 0.0859375
1 0.5087890625 0.6552734375 0.068359375 0.087890625
1 0.3505859375 0.6611328125 0.076171875 0.087890625
1 0.267578125 0.6689453125 0.0703125 0.091796875
1 0.181640625 0.6748046875 0.07421875 0.080078125
1 0.10546875 0.6787109375 0.0703125 0.080078125
1 0.033203125 0.6904296875 0.06640625 0.080078125
1 0.85546875 0.73828125 0.07421875 0.0859375
1 0.6015625 0.74609375 0.06640625 0.08984375
1 0.6826171875 0.7490234375 0.076171875 0.095703125
1 0.955078125 0.7490234375 0.078125 0.095703125
1 0.5244140625 0.7509765625 0.068359375 0.080078125
1 0.771484375 0.7568359375 0.07421875 0.091796875
1 0.44140625 0.7568359375 0.0703125 0.080078125
1 0.3623046875 0.763671875 0.072265625 0.0859375
1 0.2841796875 0.7666015625 0.068359375 0.080078125
1 0.169921875 0.77734375 0.140625 0.08984375
1 0.0458984375 0.7900390625 0.068359375 0.076171875
1 0.47265625 0.939453125 0.0625 0.07421875
1 0.62890625 0.9453125 0.06640625 0.0859375
1 0.396484375 0.9443359375 0.05859375 0.076171875
1 0.552734375 0.9443359375 0.0625 0.076171875
1 0.962890625 0.9521484375 0.0703125 0.091796875
1 0.3212890625 0.9501953125 0.064453125 0.076171875
1 0.708984375 0.9521484375 0.07421875 0.080078125
1 0.7958984375 0.9521484375 0.080078125 0.080078125
1 0.8779296875 0.955078125 0.068359375 0.0859375
1 0.0244140625 0.962890625 0.048828125 0.0703125
1 0.23828125 0.962890625 0.06640625 0.0703125
1 0.1630859375 0.9658203125 0.060546875 0.064453125
1 0.091796875 0.9677734375 0.07421875 0.060546875
1 0.4052734375 0.9912109375 0.060546875 0.013671875
1 0.482421875 0.9912109375 0.06640625 0.013671875
1 0.3330078125 0.99609375 0.052734375 0.00390625
