0 0.4326171875 0.078125 0.146484375 0.15625
0 0.60546875 0.0625 0.12890625 0.125
0 0.791015625 0.07421875 0.1171875 0.1484375
0 0.8896484375 0.0263671875 0.091796875 0.052734375
0 0.9716796875 0.07421875 0.052734375 0.1484375
0 0.248046875 0.146484375 0.15625 0.1875
0 0.9072265625 0.1552734375 0.107421875 0.154296875
0 0.5537109375 0.205078125 0.138671875 0.17578125
0 0.6787109375 0.203125 0.111328125 0.16796875
0 0.99609375 0.2197265625 0.00390625 0.029296875
0 0.134765625 0.306640625 0.1640625 0.1953125
0 0.8203125 0.298828125 0.11328125 0.1640625
0 0.3896484375 0.3193359375 0.142578125 0.185546875
0 0.95703125 0.318359375 0.08203125 0.15625
0 0.708984375 0.3916015625 0.125 0.169921875
0 0.5380859375 0.40234375 0.134765625 0.17578125
0 0.876953125 0.4736328125 0.109375 0.162109375
0 0.9794921875 0.4755859375 0.037109375 0.142578125
0 0.287109375 0.5 0.1484375 0.1875
0 0.1220703125 0.5205078125 0.166015625 0.197265625
0 0.4677734375 0.5673828125 0.138671875 0.177734375
0 0.76953125 0.5693359375 0.1171875 0.166015625
0 0.6220703125 0.5927734375 0.126953125 0.173828125
0 0.947265625 0.6201171875 0.1015625 0.150390625
0 0.2333984375 0.6943359375 0.158203125 0.197265625
0 0.8447265625 0.712890625 0.111328125 0.1640625
0 0.3818359375 0.75 0.142578125 0.18359375
0 0.7109375 0.7470703125 0.125 0.169921875
0 0.9892578125 0.72265625 0.017578125 0.08203125
0 0.546875 0.771484375 0.12890625 0.171875
0 0.931640625 0.7451171875 0.08203125 0.095703125
0 0.9775390625 0.8583984375 0.041015625 0.134765625
0 0.7470703125 0.8681640625 0.107421875 0.134765625
0 0.896484375 0.8740234375 0.10546875 0.138671875
0 0.599609375 0.9013671875 0.12109375 0.134765625
0 0.2451171875 0.9296875 0.158203125 0.13671875
0 0.078125 0.943359375 0.15625 0.109375
0 0.9541015625 0.96484375 0.087890625 0.06640625
0 0.7119140625 0.9755859375 0.095703125 0.044921875
0 0.84765625 0.9794921875 0.0859375 0.037109375
0 0.5322265625 0.9853515625 0.072265625 0.021484375
