0 0.173828125 0.0615234375 0.0390625 0.123046875
0 0.1953125 0.025390625 0.02734375 0.05078125
0 0.1220703125 0.0400390625 0.025390625 0.064453125
0 0.09765625 0.076171875 0.0234375 0.0703125
0 0.2158203125 0.0791015625 0.029296875 0.068359375
0 0.1494140625 0.095703125 0.025390625 0.0703125
0 0.119140625 0.1162109375 0.0234375 0.060546875
0 0.05859375 0.1259765625 0.01953125 0.044921875
0 0.0341796875 0.1357421875 0.021484375 0.052734375
0 0.09375 0.1474609375 0.01953125 0.060546875
0 0.197265625 0.1572265625 0.03125 0.068359375
0 0.1640625 0.1630859375 0.02734375 0.068359375
0 0.140625 0.1611328125 0.015625 0.052734375
0 0.0693359375 0.177734375 0.017578125 0.0546875
0 0.0478515625 0.18359375 0.017578125 0.0546875
0 0.1044921875 0.189453125 0.025390625 0.06640625
0 0.025390625 0.1875 0.01953125 0.046875
0 0.0615234375 0.236328125 0.017578125 0.046875
0 0.125 0.2294921875 0.015625 0.033203125
0 0.0361328125 0.2421875 0.021484375 0.046875
0 0.103515625 0.2373046875 0.01953125 0.025390625
0 0.4228515625 0.2802734375 0.033203125 0.064453125
0 0.3857421875 0.2861328125 0.033203125 0.064453125
0 0.283203125 0.2998046875 0.0546875 0.064453125
0 0.212890625 0.310546875 0.0234375 0.05859375
0 0.1845703125 0.314453125 0.021484375 0.0546875
0 0.15234375 0.32421875 0.01953125 0.05078125
0 0.1337890625 0.353515625 0.033203125 0.1015625
0 0.4462890625 0.3447265625 0.037109375 0.068359375
0 0.09375 0.3349609375 0.015625 0.041015625
0 0.40625 0.3486328125 0.03125 0.068359375
0 0.0673828125 0.3408203125 0.021484375 0.044921875
0 0.3701171875 0.3544921875 0.033203125 0.068359375
0 0.3193359375 0.357421875 0.029296875 0.0625
0 0.2861328125 0.3603515625 0.029296875 0.060546875
0 0.2412109375 0.3681640625 0.048828125 0.060546875
0 0.1982421875 0.369140625 0.021484375 0.0546875
0 0.1728515625 0.376953125 0.021484375 0.0546875
0 0.1171875 0.3798828125 0.015625 0.041015625
0 0.1015625 0.3779296875 0.01171875 0.033203125
0 0.072265625 0.390625 0.0390625 0.04296875
0 0.42578125 0.416015625 0.03515625 0.06640625
0 0.3896484375 0.4169921875 0.029296875 0.068359375
0 0.271484375 0.427734375 0.02734375 0.0625
0 0.302734375 0.423828125 0.02734375 0.0625
0 0.21484375 0.427734375 0.0234375 0.0546875
0 0.185546875 0.431640625 0.0234375 0.0546875
0 0.154296875 0.431640625 0.01953125 0.046875
0 0.1298828125 0.4326171875 0.017578125 0.048828125
0 0.0966796875 0.4365234375 0.017578125 0.044921875
0 0.0732421875 0.4384765625 0.017578125 0.037109375
0 0.427734375 0.5263671875 0.03125 0.064453125
0 0.466796875 0.529296875 0.03125 0.0625
0 0.31640625 0.5263671875 0.02734375 0.056640625
0 0.3486328125 0.52734375 0.025390625 0.0546875
0 0.103515625 0.521484375 0.01953125 0.04296875
0 0.1708984375 0.52734375 0.025390625 0.0546875
0 0.2353515625 0.525390625 0.021484375 0.05078125
0 0.080078125 0.5224609375 0.01953125 0.041015625
0 0.1484375 0.52734375 0.015625 0.05078125
0 0.263671875 0.5283203125 0.02734375 0.052734375
0 0.07421875 0.576171875 0.01953125 0.046875
0 0.095703125 0.572265625 0.01171875 0.0390625
0 0.115234375 0.576171875 0.015625 0.04296875
0 0.1845703125 0.580078125 0.021484375 0.0546875
0 0.2197265625 0.5791015625 0.021484375 0.052734375
0 0.24609375 0.5810546875 0.0234375 0.052734375
0 0.1494140625 0.58203125 0.041015625 0.05078125
0 0.2900390625 0.5888671875 0.052734375 0.052734375
0 0.3349609375 0.5869140625 0.029296875 0.060546875
0 0.3681640625 0.5908203125 0.029296875 0.060546875
0 0.4111328125 0.5888671875 0.029296875 0.064453125
0 0.4482421875 0.5927734375 0.025390625 0.060546875
0 0.4833984375 0.5947265625 0.033203125 0.060546875
0 0.09375 0.6279296875 0.03515625 0.048828125
0 0.15234375 0.6337890625 0.01953125 0.044921875
0 0.1767578125 0.6328125 0.021484375 0.046875
0 0.232421875 0.6376953125 0.01953125 0.052734375
0 0.26171875 0.6435546875 0.0234375 0.052734375
0 0.318359375 0.65234375 0.02734375 0.0625
0 0.3505859375 0.654296875 0.029296875 0.0625
0 0.427734375 0.658203125 0.03125 0.06640625
0 0.466796875 0.6591796875 0.03125 0.064453125
0 0.1025390625 0.7041015625 0.021484375 0.044921875
0 0.0791015625 0.70703125 0.013671875 0.0390625
0 0.154296875 0.7138671875 0.01953125 0.044921875
0 0.181640625 0.7216796875 0.01953125 0.048828125
0 0.24609375 0.724609375 0.0234375 0.046875
0 0.275390625 0.7294921875 0.0234375 0.052734375
0 0.322265625 0.7431640625 0.0234375 0.052734375
0 0.353515625 0.7470703125 0.02734375 0.052734375
0 0.419921875 0.759765625 0.03125 0.05859375
0 0.1162109375 0.7568359375 0.025390625 0.048828125
0 0.4541015625 0.765625 0.029296875 0.0625
0 0.0927734375 0.7568359375 0.013671875 0.044921875
0 0.0703125 0.763671875 0.015625 0.046875
0 0.14453125 0.7685546875 0.01953125 0.048828125
0 0.16796875 0.7734375 0.01953125 0.046875
0 0.1923828125 0.779296875 0.021484375 0.05078125
0 0.236328125 0.7822265625 0.0234375 0.052734375
0 0.263671875 0.7861328125 0.01953125 0.052734375
0 0.2880859375 0.791015625 0.017578125 0.0546875
0 0.32421875 0.8037109375 0.05078125 0.048828125
0 0.3671875 0.8125 0.02734375 0.05859375
0 0.111328125 0.8095703125 0.01953125 0.044921875
0 0.4013671875 0.8203125 0.025390625 0.0625
0 0.0859375 0.8125 0.015625 0.0390625
0 0.4365234375 0.826171875 0.029296875 0.0625
0 0.1572265625 0.8251953125 0.021484375 0.052734375
0 0.4736328125 0.83203125 0.033203125 0.05859375
0 0.181640625 0.8310546875 0.01953125 0.048828125
0 0.2470703125 0.83984375 0.021484375 0.0546875
0 0.275390625 0.845703125 0.0234375 0.0546875
0 0.3232421875 0.8662109375 0.025390625 0.060546875
0 0.3544921875 0.8720703125 0.029296875 0.056640625
0 0.419921875 0.8916015625 0.02734375 0.060546875
0 0.458984375 0.8955078125 0.03125 0.060546875
