0 0.271484375 0.037109375 0.09375 0.07421875
0 0.51171875 0.0146484375 0.0234375 0.029296875
0 0.83203125 0.0263671875 0.02734375 0.052734375
0 0.958984375 0.017578125 0.0546875 0.03515625
0 0.978515625 0.04296875 0.0390625 0.078125
0 0.4736328125 0.0244140625 0.037109375 0.041015625
0 0.6142578125 0.01953125 0.060546875 0.03515625
0 0.796875 0.05859375 0.0625 0.11328125
0 0.126953125 0.087890625 0.1015625 0.1484375
0 0.859375 0.0830078125 0.046875 0.091796875
0 0.498046875 0.09765625 0.06640625 0.1171875
0 0.609375 0.1220703125 0.07421875 0.126953125
0 0.9423828125 0.1162109375 0.056640625 0.119140625
0 0.7529296875 0.1337890625 0.072265625 0.126953125
0 0.3095703125 0.1259765625 0.037109375 0.091796875
0 0.259765625 0.1591796875 0.08984375 0.158203125
0 0.4140625 0.1748046875 0.06640625 0.126953125
0 0.84765625 0.181640625 0.0703125 0.1171875
0 0.98828125 0.173828125 0.01953125 0.09765625
0 0.650390625 0.2421875 0.078125 0.13671875
0 0.3310546875 0.2373046875 0.072265625 0.115234375
0 0.5009765625 0.2412109375 0.068359375 0.123046875
0 0.97265625 0.3115234375 0.05078125 0.107421875
0 0.4169921875 0.302734375 0.037109375 0.07421875
0 0.37109375 0.2998046875 0.07421875 0.064453125
0 0.8193359375 0.3193359375 0.064453125 0.087890625
0 0.6689453125 0.384765625 0.068359375 0.11328125
0 0.80078125 0.3837890625 0.06640625 0.072265625
0 0.734375 0.39453125 0.046875 0.06640625
0 0.849609375 0.498046875 0.0625 0.13671875
0 0.744140625 0.5126953125 0.05078125 0.115234375
0 0.8994140625 0.556640625 0.068359375 0.14453125
0 0.8017578125 0.599609375 0.060546875 0.13671875
0 0.7216796875 0.5693359375 0.052734375 0.060546875
0 0.76953125 0.6845703125 0.05859375 0.126953125
0 0.904296875 0.6611328125 0.046875 0.080078125
0 0.8779296875 0.625 0.001953125 0.0
0 0.9482421875 0.7021484375 0.064453125 0.134765625
0 0.857421875 0.732421875 0.0625 0.1328125
0 0.98828125 0.759765625 0.01953125 0.12109375
0 0.7333984375 0.7734375 0.060546875 0.125
0 0.6875 0.7763671875 0.02734375 0.080078125
0 0.826171875 0.8173828125 0.0546875 0.123046875
0 0.9462890625 0.8037109375 0.056640625 0.087890625
0 0.03125 0.8583984375 0.046875 0.138671875
0 0.6650390625 0.830078125 0.037109375 0.07421875
0 0.88671875 0.876953125 0.05859375 0.1328125
0 0.9794921875 0.8115234375 0.001953125 0.001953125
0 0.9873046875 0.85546875 0.021484375 0.0703125
0 0.6865234375 0.8974609375 0.048828125 0.123046875
0 0.6240234375 0.865234375 0.044921875 0.0546875
0 0.5625 0.87890625 0.03125 0.0546875
0 0.7490234375 0.9140625 0.060546875 0.125
0 0.9599609375 0.92578125 0.060546875 0.11328125
0 0.60546875 0.947265625 0.02734375 0.1015625
0 0.8349609375 0.951171875 0.056640625 0.09375
0 0.642578125 0.953125 0.04296875 0.08984375
0 0.9833984375 0.9677734375 0.029296875 0.060546875
0 0.8935546875 0.98046875 0.048828125 0.03515625
