0 0.0712890625 0.037109375 0.076171875 0.07421875
0 0.228515625 0.0361328125 0.05078125 0.064453125
0 0.43359375 0.0888671875 0.12109375 0.177734375
0 0.646484375 0.0703125 0.203125 0.140625
0 0.87109375 0.1044921875 0.22265625 0.208984375
0 0.2158203125 0.1591796875 0.119140625 0.193359375
0 0.0693359375 0.126953125 0.083984375 0.09765625
0 0.564453125 0.181640625 0.140625 0.19140625
0 0.3125 0.236328125 0.16796875 0.23828125
0 0.7109375 0.2685546875 0.109375 0.134765625
0 0.0615234375 0.35546875 0.119140625 0.23828125
0 0.6328125 0.349609375 0.12890625 0.18359375
0 0.4931640625 0.3447265625 0.111328125 0.154296875
0 0.2509765625 0.439453125 0.158203125 0.20703125
0 0.951171875 0.455078125 0.09375 0.2109375
0 0.728515625 0.46484375 0.12890625 0.1640625
0 0.4208984375 0.5244140625 0.138671875 0.185546875
0 0.6162109375 0.5546875 0.142578125 0.1875
0 0.12890625 0.5966796875 0.14453125 0.193359375
0 0.873046875 0.6240234375 0.14453125 0.181640625
0 0.2822265625 0.6474609375 0.142578125 0.185546875
0 0.509765625 0.6767578125 0.13671875 0.177734375
0 0.7734375 0.7841796875 0.16796875 0.205078125
0 0.923828125 0.7744140625 0.125 0.166015625
0 0.390625 0.787109375 0.125 0.171875
0 0.609375 0.7958984375 0.125 0.166015625
0 0.224609375 0.841796875 0.15234375 0.1875
0 0.068359375 0.8623046875 0.13671875 0.193359375
0 0.814453125 0.9111328125 0.140625 0.162109375
0 0.6728515625 0.931640625 0.123046875 0.1328125
0 0.5380859375 0.9677734375 0.126953125 0.060546875
0 0.23828125 0.970703125 0.1328125 0.0546875
