1 0.5029296875 0.05078125 0.072265625 0.09765625
1 0.6044921875 0.0576171875 0.072265625 0.115234375
1 0.2998046875 0.0498046875 0.083984375 0.095703125
1 0.40625 0.05078125 0.078125 0.09765625
1 0.7197265625 0.0849609375 0.068359375 0.119140625
1 0.8525390625 0.0830078125 0.056640625 0.107421875
1 0.9111328125 0.083984375 0.052734375 0.10546875
1 0.7783203125 0.087890625 0.033203125 0.109375
1 0.97265625 0.0791015625 0.046875 0.087890625
1 0.302734375 0.1826171875 0.08203125 0.126953125
1 0.392578125 0.1806640625 0.07421875 0.123046875
1 0.486328125 0.1845703125 0.0703125 0.119140625
1 0.576171875 0.1904296875 0.07421875 0.115234375
1 0.9638671875 0.1923828125 0.044921875 0.099609375
1 0.908203125 0.2080078125 0.0546875 0.107421875
1 0.8505859375 0.21484375 0.044921875 0.10546875
1 0.70703125 0.2255859375 0.0703125 0.119140625
1 0.8056640625 0.2314453125 0.064453125 0.115234375
1 0.484375 0.3251953125 0.0703125 0.115234375
1 0.4052734375 0.3349609375 0.064453125 0.123046875
1 0.31640625 0.3486328125 0.09765625 0.146484375
1 0.5458984375 0.3203125 0.041015625 0.09375
1 0.9033203125 0.3291015625 0.048828125 0.099609375
1 0.8671875 0.3525390625 0.05859375 0.107421875
1 0.7685546875 0.3916015625 0.068359375 0.123046875
1 0.4765625 0.466796875 0.06640625 0.10546875
1 0.388671875 0.478515625 0.078125 0.1171875
1 0.2880859375 0.4892578125 0.080078125 0.123046875
1 0.8515625 0.44140625 0.046875 0.01953125
1 0.986328125 0.50390625 0.01953125 0.10546875
1 0.8486328125 0.5263671875 0.041015625 0.115234375
1 0.1123046875 0.5517578125 0.099609375 0.146484375
1 0.71875 0.548828125 0.078125 0.1328125
1 0.806640625 0.560546875 0.0703125 0.125
1 0.03125 0.595703125 0.05859375 0.16015625
1 0.9326171875 0.5908203125 0.037109375 0.083984375
1 0.2783203125 0.6259765625 0.076171875 0.115234375
1 0.3818359375 0.6240234375 0.076171875 0.111328125
1 0.8974609375 0.6015625 0.044921875 0.03515625
1 0.6923828125 0.68359375 0.056640625 0.1171875
1 0.8994140625 0.7080078125 0.068359375 0.123046875
1 0.974609375 0.7021484375 0.04296875 0.103515625
1 0.8076171875 0.716796875 0.072265625 0.125
1 0.6337890625 0.7333984375 0.083984375 0.142578125
1 0.04296875 0.7578125 0.08203125 0.15234375
1 0.3515625 0.7470703125 0.0703125 0.091796875
1 0.279296875 0.75390625 0.02734375 0.1015625
1 0.2001953125 0.796875 0.103515625 0.15625
1 0.5185546875 0.7958984375 0.064453125 0.107421875
1 0.7080078125 0.8056640625 0.064453125 0.091796875
1 0.947265625 0.771484375 0.03125 0.01953125
1 0.8984375 0.7890625 0.03515625 0.015625
1 0.767578125 0.8017578125 0.02734375 0.017578125
1 0.796875 0.8115234375 0.03515625 0.033203125
1 0.984375 0.8291015625 0.0234375 0.076171875
1 0.943359375 0.837890625 0.04296875 0.078125
1 0.8466796875 0.80859375 0.037109375 0.0078125
1 0.603515625 0.82421875 0.06640625 0.03125
1 0.8955078125 0.8505859375 0.041015625 0.076171875
1 0.4521484375 0.869140625 0.064453125 0.08984375
1 0.3681640625 0.87890625 0.068359375 0.11328125
1 0.7578125 0.8310546875 0.015625 0.009765625
1 0.84375 0.87109375 0.046875 0.08203125
1 0.279296875 0.8955078125 0.07421875 0.115234375
1 0.060546875 0.84765625 0.0703125 0.01953125
1 0.62109375 0.8671875 0.0546875 0.04296875
1 0.7900390625 0.8857421875 0.048828125 0.083984375
1 0.7294921875 0.896484375 0.048828125 0.08203125
1 0.00390625 0.8642578125 0.00390625 0.013671875
1 0.53125 0.87890625 0.0625 0.0390625
1 0.6025390625 0.9287109375 0.060546875 0.126953125
1 0.66796875 0.91796875 0.0546875 0.08203125
1 0.9814453125 0.921875 0.033203125 0.07421875
1 0.083984375 0.943359375 0.078125 0.109375
1 0.185546875 0.9404296875 0.078125 0.095703125
1 0.939453125 0.935546875 0.0390625 0.078125
1 0.0107421875 0.9501953125 0.021484375 0.091796875
1 0.890625 0.951171875 0.04296875 0.078125
1 0.5283203125 0.9541015625 0.060546875 0.083984375
1 0.4462890625 0.9599609375 0.068359375 0.076171875
1 0.8369140625 0.9580078125 0.044921875 0.068359375
1 0.3603515625 0.9697265625 0.068359375 0.056640625
1 0.779296875 0.9697265625 0.04296875 0.044921875
1 0.7216796875 0.9736328125 0.048828125 0.037109375
1 0.27734375 0.9794921875 0.0703125 0.037109375
1 0.9755859375 0.982421875 0.041015625 0.02734375
1 0.66015625 0.9853515625 0.05078125 0.021484375
