1 0.0439453125 0.353515625 0.017578125 0.0546875
1 0.072265625 0.3564453125 0.01953125 0.048828125
1 0.1025390625 0.3603515625 0.025390625 0.052734375
1 0.1318359375 0.361328125 0.029296875 0.05859375
1 0.1650390625 0.36328125 0.025390625 0.0546875
1 0.2001953125 0.369140625 0.025390625 0.0546875
1 0.236328125 0.37109375 0.02734375 0.05859375
1 0.27734375 0.376953125 0.0234375 0.05859375
1 0.3115234375 0.3857421875 0.025390625 0.056640625
1 0.3525390625 0.38671875 0.029296875 0.05859375
1 0.392578125 0.3916015625 0.03125 0.060546875
1 0.4345703125 0.3935546875 0.044921875 0.064453125
1 0.4775390625 0.40234375 0.037109375 0.0703125
1 0.5224609375 0.408203125 0.033203125 0.0625
1 0.5654296875 0.4169921875 0.041015625 0.068359375
1 0.0556640625 0.4130859375 0.017578125 0.044921875
1 0.6142578125 0.4267578125 0.037109375 0.072265625
1 0.0830078125 0.4169921875 0.025390625 0.048828125
1 0.1123046875 0.419921875 0.021484375 0.0546875
1 0.1435546875 0.4267578125 0.021484375 0.048828125
1 0.173828125 0.4296875 0.01953125 0.0546875
1 0.203125 0.4296875 0.0234375 0.0546875
1 0.2421875 0.4423828125 0.03125 0.056640625
1 0.2763671875 0.4462890625 0.025390625 0.052734375
1 0.3115234375 0.453125 0.033203125 0.05859375
1 0.3486328125 0.4560546875 0.029296875 0.064453125
1 0.3916015625 0.462890625 0.029296875 0.05859375
1 0.4326171875 0.4716796875 0.033203125 0.064453125
1 0.4755859375 0.478515625 0.033203125 0.05859375
1 0.0615234375 0.4755859375 0.021484375 0.044921875
1 0.5185546875 0.484375 0.033203125 0.0625
1 0.0927734375 0.478515625 0.021484375 0.0390625
1 0.1240234375 0.486328125 0.021484375 0.04296875
1 0.1513671875 0.4892578125 0.021484375 0.041015625
1 0.1865234375 0.494140625 0.029296875 0.05859375
1 0.5615234375 0.4951171875 0.033203125 0.060546875
1 0.2216796875 0.49609375 0.029296875 0.0546875
1 0.6083984375 0.501953125 0.041015625 0.06640625
1 0.2578125 0.5068359375 0.0234375 0.052734375
1 0.291015625 0.5146484375 0.01953125 0.048828125
1 0.3212890625 0.521484375 0.029296875 0.0546875
1 0.3564453125 0.5283203125 0.029296875 0.068359375
1 0.3935546875 0.537109375 0.033203125 0.0546875
1 0.4375 0.541015625 0.03125 0.0625
1 0.4873046875 0.544921875 0.017578125 0.05078125
1 0.5224609375 0.560546875 0.033203125 0.05859375
1 0.5654296875 0.572265625 0.033203125 0.0625
1 0.611328125 0.580078125 0.0390625 0.06640625
1 0.0537109375 0.5810546875 0.021484375 0.048828125
1 0.0849609375 0.5849609375 0.021484375 0.048828125
1 0.1240234375 0.5849609375 0.021484375 0.048828125
1 0.146484375 0.576171875 0.01171875 0.0078125
1 0.166015625 0.634765625 0.05859375 0.0546875
1 0.322265625 0.6298828125 0.02734375 0.052734375
1 0.21484375 0.63671875 0.0234375 0.05859375
1 0.0703125 0.6376953125 0.0234375 0.041015625
1 0.0986328125 0.6396484375 0.017578125 0.044921875
1 0.251953125 0.64453125 0.02734375 0.0546875
1 0.357421875 0.64453125 0.02734375 0.0546875
1 0.12890625 0.6474609375 0.015625 0.048828125
1 0.3955078125 0.65234375 0.029296875 0.05859375
1 0.43359375 0.6650390625 0.03125 0.052734375
1 0.478515625 0.6748046875 0.03515625 0.052734375
1 0.5224609375 0.6796875 0.033203125 0.0546875
1 0.5673828125 0.685546875 0.037109375 0.0546875
1 0.6123046875 0.6904296875 0.041015625 0.064453125
1 0.1787109375 0.6826171875 0.021484375 0.037109375
1 0.0830078125 0.6875 0.017578125 0.0390625
1 0.2060546875 0.689453125 0.021484375 0.04296875
1 0.271484375 0.7021484375 0.02734375 0.052734375
1 0.1103515625 0.69921875 0.017578125 0.04296875
1 0.236328125 0.69921875 0.02734375 0.04296875
1 0.314453125 0.705078125 0.02734375 0.0546875
1 0.14453125 0.7060546875 0.03125 0.044921875
1 0.3544921875 0.7109375 0.025390625 0.0546875
1 0.3935546875 0.71875 0.033203125 0.05078125
1 0.4365234375 0.728515625 0.033203125 0.05859375
1 0.1748046875 0.7373046875 0.029296875 0.056640625
1 0.4775390625 0.736328125 0.029296875 0.0546875
1 0.5224609375 0.7470703125 0.033203125 0.056640625
1 0.20703125 0.751953125 0.0234375 0.0546875
1 0.5654296875 0.7529296875 0.033203125 0.056640625
1 0.6103515625 0.76171875 0.037109375 0.0546875
1 0.240234375 0.7587890625 0.01953125 0.048828125
1 0.2734375 0.767578125 0.03125 0.0546875
1 0.33203125 0.7607421875 0.0234375 0.041015625
1 0.3662109375 0.7724609375 0.025390625 0.044921875
1 0.4052734375 0.7822265625 0.025390625 0.044921875
1 0.4423828125 0.7900390625 0.029296875 0.048828125
1 0.48046875 0.796875 0.02734375 0.0546875
1 0.5205078125 0.8095703125 0.037109375 0.056640625
1 0.564453125 0.822265625 0.03125 0.05078125
1 0.6064453125 0.830078125 0.037109375 0.05859375
