0 0.431640625 0.224609375 0.0546875 0.125
0 0.380859375 0.3134765625 0.0703125 0.138671875
0 0.4892578125 0.3115234375 0.044921875 0.111328125
0 0.43359375 0.3740234375 0.0546875 0.126953125
0 0.484375 0.44921875 0.046875 0.1171875
0 0.365234375 0.4765625 0.0703125 0.125
0 0.4287109375 0.5224609375 0.060546875 0.123046875
0 0.4482421875 0.62109375 0.052734375 0.1015625
0 0.359375 0.646484375 0.0625 0.125
0 0.1884765625 0.6533203125 0.080078125 0.130859375
0 0.57421875 0.6494140625 0.0390625 0.091796875
0 0.2744140625 0.77734375 0.072265625 0.12109375
0 0.17578125 0.8212890625 0.07421875 0.130859375
0 0.408203125 0.9453125 0.0546875 0.09765625
