0 0.0419921875 0.3798828125 0.083984375 0.130859375
0 0.1591796875 0.392578125 0.126953125 0.12890625
0 0.837890625 0.416015625 0.1171875 0.1328125
0 0.701171875 0.4248046875 0.1484375 0.150390625
0 0.9482421875 0.4150390625 0.099609375 0.130859375
0 0.537109375 0.439453125 0.171875 0.16015625
0 0.0849609375 0.4990234375 0.123046875 0.119140625
0 0.224609375 0.5146484375 0.12890625 0.119140625
0 0.4384765625 0.521484375 0.126953125 0.13671875
0 0.5888671875 0.5302734375 0.130859375 0.095703125
0 0.7470703125 0.548828125 0.138671875 0.1328125
0 0.931640625 0.6083984375 0.1328125 0.150390625
0 0.03515625 0.603515625 0.0703125 0.1171875
0 0.1669921875 0.6201171875 0.119140625 0.115234375
0 0.5048828125 0.6298828125 0.130859375 0.115234375
0 0.34765625 0.6728515625 0.1484375 0.146484375
0 0.8203125 0.7109375 0.15234375 0.140625
0 0.431640625 0.716796875 0.10546875 0.109375
0 0.951171875 0.7216796875 0.09375 0.115234375
0 0.09375 0.7216796875 0.11328125 0.115234375
0 0.7001953125 0.765625 0.119140625 0.125
0 0.5634765625 0.7724609375 0.134765625 0.123046875
0 0.033203125 0.8037109375 0.06640625 0.107421875
0 0.982421875 0.84375 0.03125 0.09765625
0 0.8896484375 0.8798828125 0.119140625 0.107421875
0 0.4833984375 0.8984375 0.126953125 0.125
0 0.775390625 0.9365234375 0.1484375 0.123046875
0 0.646484375 0.96875 0.1484375 0.05859375
