0 0.3662109375 0.2822265625 0.025390625 0.064453125
0 0.458984375 0.2958984375 0.0390625 0.091796875
0 0.515625 0.2734375 0.04296875 0.046875
0 0.623046875 0.3173828125 0.05859375 0.134765625
0 0.6923828125 0.2880859375 0.060546875 0.076171875
0 0.4072265625 0.318359375 0.037109375 0.12890625
0 0.552734375 0.3505859375 0.0546875 0.169921875
0 0.732421875 0.3837890625 0.03125 0.212890625
0 0.3173828125 0.341796875 0.021484375 0.09765625
0 0.4951171875 0.40234375 0.044921875 0.15625
0 0.27734375 0.3818359375 0.015625 0.072265625
0 0.6689453125 0.4404296875 0.060546875 0.185546875
0 0.3505859375 0.4326171875 0.025390625 0.123046875
0 0.447265625 0.4404296875 0.03515625 0.134765625
0 0.5986328125 0.490234375 0.056640625 0.17578125
0 0.3955078125 0.4892578125 0.029296875 0.134765625
0 0.298828125 0.486328125 0.01953125 0.08203125
0 0.53515625 0.5361328125 0.05078125 0.158203125
0 0.4794921875 0.5751953125 0.041015625 0.158203125
0 0.259765625 0.5263671875 0.01953125 0.052734375
0 0.71875 0.59375 0.05859375 0.18359375
0 0.3388671875 0.572265625 0.017578125 0.07421875
0 0.4306640625 0.6142578125 0.037109375 0.134765625
0 0.64453125 0.642578125 0.05859375 0.1875
0 0.2900390625 0.634765625 0.017578125 0.0859375
0 0.3759765625 0.65234375 0.029296875 0.12109375
0 0.5771484375 0.673828125 0.056640625 0.1484375
0 0.5166015625 0.6904296875 0.044921875 0.115234375
0 0.462890625 0.7119140625 0.0390625 0.072265625
0 0.322265625 0.71484375 0.02734375 0.06640625
0 0.6953125 0.7275390625 0.05078125 0.041015625
0 0.41015625 0.7294921875 0.02734375 0.037109375
0 0.2802734375 0.7412109375 0.013671875 0.013671875
0 0.3671875 0.7431640625 0.015625 0.009765625
0 0.6201171875 0.7451171875 0.017578125 0.005859375
