0 0.26171875 0.38671875 0.0234375 0.078125
0 0.3369140625 0.4462890625 0.044921875 0.052734375
0 0.548828125 0.4853515625 0.1171875 0.126953125
0 0.2958984375 0.4599609375 0.041015625 0.068359375
0 0.2646484375 0.4921875 0.025390625 0.0390625
0 0.6767578125 0.525390625 0.076171875 0.07421875
0 0.4951171875 0.5390625 0.072265625 0.08203125
0 0.73046875 0.5576171875 0.03515625 0.095703125
0 0.27734375 0.5595703125 0.0546875 0.080078125
0 0.607421875 0.5849609375 0.06640625 0.068359375
0 0.361328125 0.5830078125 0.05859375 0.048828125
0 0.4638671875 0.6181640625 0.076171875 0.087890625
0 0.5810546875 0.6337890625 0.072265625 0.083984375
0 0.3515625 0.615234375 0.0390625 0.03515625
0 0.40234375 0.6328125 0.046875 0.05859375
0 0.6865234375 0.6748046875 0.123046875 0.146484375
0 0.2578125 0.65625 0.015625 0.04296875
0 0.3017578125 0.701171875 0.064453125 0.07421875
0 0.6376953125 0.7158203125 0.048828125 0.056640625
0 0.55859375 0.732421875 0.0859375 0.03125
