0 0.2919921875 0.4150390625 0.041015625 0.056640625
0 0.6396484375 0.4111328125 0.041015625 0.048828125
0 0.33984375 0.4296875 0.04296875 0.05859375
0 0.6943359375 0.4287109375 0.041015625 0.052734375
0 0.736328125 0.4287109375 0.0234375 0.044921875
0 0.6064453125 0.462890625 0.037109375 0.046875
0 0.2744140625 0.470703125 0.037109375 0.046875
0 0.65625 0.47265625 0.0390625 0.046875
0 0.322265625 0.478515625 0.03515625 0.05078125
0 0.3779296875 0.4853515625 0.041015625 0.048828125
0 0.712890625 0.482421875 0.03515625 0.046875
0 0.4306640625 0.4912109375 0.044921875 0.052734375
0 0.7431640625 0.490234375 0.009765625 0.03515625
0 0.583984375 0.5087890625 0.03125 0.044921875
0 0.6279296875 0.5146484375 0.041015625 0.044921875
0 0.2607421875 0.5205078125 0.017578125 0.048828125
0 0.67578125 0.521484375 0.03515625 0.046875
0 0.2998046875 0.5302734375 0.033203125 0.044921875
0 0.3486328125 0.5341796875 0.037109375 0.052734375
0 0.728515625 0.5380859375 0.0390625 0.044921875
0 0.40234375 0.5498046875 0.0390625 0.052734375
0 0.455078125 0.5615234375 0.04296875 0.056640625
0 0.6025390625 0.5576171875 0.037109375 0.044921875
0 0.6474609375 0.5703125 0.033203125 0.04296875
0 0.693359375 0.576171875 0.03125 0.046875
0 0.2802734375 0.583984375 0.037109375 0.05078125
0 0.3291015625 0.583984375 0.037109375 0.05078125
0 0.3759765625 0.5927734375 0.037109375 0.044921875
0 0.73828125 0.5986328125 0.01953125 0.048828125
0 0.619140625 0.6103515625 0.0390625 0.041015625
0 0.4296875 0.615234375 0.04296875 0.05078125
0 0.6630859375 0.6201171875 0.037109375 0.044921875
0 0.7080078125 0.623046875 0.033203125 0.04296875
0 0.3173828125 0.6259765625 0.029296875 0.033203125
0 0.3544921875 0.6376953125 0.037109375 0.048828125
0 0.40234375 0.65234375 0.0390625 0.046875
