1 0.33984375 0.42578125 0.015625 0.03125
1 0.3076171875 0.4287109375 0.017578125 0.033203125
1 0.2607421875 0.4306640625 0.013671875 0.033203125
1 0.2802734375 0.4306640625 0.017578125 0.033203125
1 0.337890625 0.46484375 0.015625 0.03125
1 0.3583984375 0.46484375 0.017578125 0.03125
1 0.2607421875 0.4677734375 0.017578125 0.029296875
1 0.2822265625 0.4677734375 0.013671875 0.029296875
1 0.306640625 0.46875 0.015625 0.03125
1 0.2529296875 0.501953125 0.001953125 0.0234375
1 0.265625 0.5029296875 0.01171875 0.029296875
1 0.2861328125 0.5029296875 0.013671875 0.029296875
1 0.3125 0.5224609375 0.01953125 0.064453125
1 0.3388671875 0.5029296875 0.017578125 0.029296875
1 0.3583984375 0.5009765625 0.001953125 0.021484375
1 0.37109375 0.5087890625 0.015625 0.033203125
1 0.3916015625 0.5126953125 0.017578125 0.033203125
1 0.2578125 0.533203125 0.01171875 0.02734375
1 0.275390625 0.5361328125 0.01171875 0.025390625
1 0.36328125 0.5400390625 0.0078125 0.025390625
1 0.34765625 0.5380859375 0.01171875 0.025390625
1 0.294921875 0.5390625 0.01171875 0.0234375
1 0.37890625 0.544921875 0.015625 0.03125
1 0.40234375 0.546875 0.015625 0.03125
1 0.2744140625 0.5693359375 0.013671875 0.029296875
1 0.2939453125 0.572265625 0.013671875 0.02734375
1 0.3681640625 0.5732421875 0.013671875 0.029296875
1 0.3134765625 0.5771484375 0.013671875 0.029296875
1 0.3427734375 0.576171875 0.017578125 0.03125
1 0.4130859375 0.578125 0.017578125 0.02734375
1 0.388671875 0.5791015625 0.015625 0.025390625
1 0.29296875 0.6064453125 0.01171875 0.025390625
1 0.3896484375 0.61328125 0.017578125 0.03125
1 0.673828125 0.6083984375 0.01171875 0.021484375
1 0.310546875 0.615234375 0.01171875 0.02734375
1 0.4130859375 0.6337890625 0.021484375 0.068359375
1 0.3310546875 0.619140625 0.017578125 0.03125
1 0.3544921875 0.619140625 0.017578125 0.03125
1 0.6142578125 0.6318359375 0.013671875 0.025390625
1 0.6982421875 0.6259765625 0.009765625 0.009765625
1 0.45703125 0.6376953125 0.015625 0.025390625
1 0.2744140625 0.6396484375 0.013671875 0.029296875
1 0.294921875 0.6435546875 0.01171875 0.029296875
1 0.3916015625 0.6484375 0.017578125 0.03125
1 0.365234375 0.6533203125 0.015625 0.029296875
1 0.3349609375 0.6552734375 0.017578125 0.029296875
1 0.6025390625 0.6591796875 0.029296875 0.021484375
