1 0.33984375 0.3330078125 0.05859375 0.166015625
1 0.3974609375 0.3359375 0.048828125 0.1640625
1 0.529296875 0.265625 0.03515625 0.03125
1 0.5712890625 0.3037109375 0.033203125 0.107421875
1 0.6337890625 0.2548828125 0.013671875 0.009765625
1 0.654296875 0.29296875 0.01953125 0.0859375
1 0.6767578125 0.3115234375 0.013671875 0.123046875
1 0.6357421875 0.3134765625 0.013671875 0.103515625
1 0.533203125 0.318359375 0.03125 0.06640625
1 0.6552734375 0.3564453125 0.017578125 0.033203125
1 0.533203125 0.392578125 0.03515625 0.06640625
1 0.5712890625 0.39453125 0.029296875 0.0625
1 0.7197265625 0.40234375 0.013671875 0.0546875
1 0.6337890625 0.4345703125 0.013671875 0.103515625
1 0.650390625 0.44921875 0.01171875 0.1328125
1 0.6708984375 0.453125 0.021484375 0.12890625
1 0.34765625 0.5693359375 0.0625 0.271484375
1 0.40234375 0.5576171875 0.05078125 0.248046875
1 0.455078125 0.5546875 0.046875 0.23828125
1 0.7314453125 0.458984375 0.029296875 0.046875
1 0.5302734375 0.4755859375 0.033203125 0.068359375
1 0.5712890625 0.5419921875 0.033203125 0.201171875
1 0.7314453125 0.48046875 0.005859375 0.02734375
1 0.7197265625 0.4814453125 0.009765625 0.025390625
1 0.6337890625 0.505859375 0.013671875 0.03125
1 0.5361328125 0.5810546875 0.037109375 0.138671875
1 0.666015625 0.595703125 0.0234375 0.12109375
1 0.673828125 0.5634765625 0.01171875 0.060546875
1 0.63671875 0.603515625 0.02734375 0.1328125
1 0.5703125 0.693359375 0.0234375 0.06640625
1 0.5390625 0.7041015625 0.03125 0.072265625
1 0.6748046875 0.7099609375 0.009765625 0.060546875
1 0.64453125 0.7158203125 0.04296875 0.064453125
1 0.4599609375 0.7197265625 0.041015625 0.056640625
1 0.4072265625 0.724609375 0.044921875 0.046875
1 0.3505859375 0.7314453125 0.056640625 0.033203125
1 0.580078125 0.7373046875 0.03125 0.021484375
1 0.5478515625 0.7431640625 0.021484375 0.009765625
