0 0.5888671875 0.2958984375 0.033203125 0.091796875
0 0.4384765625 0.3134765625 0.025390625 0.048828125
0 0.4814453125 0.3203125 0.021484375 0.05078125
0 0.34375 0.3359375 0.05078125 0.046875
0 0.5478515625 0.43359375 0.076171875 0.19140625
0 0.3857421875 0.36328125 0.017578125 0.0234375
0 0.6884765625 0.380859375 0.013671875 0.05859375
0 0.453125 0.4130859375 0.046875 0.115234375
0 0.47265625 0.3740234375 0.01171875 0.025390625
0 0.4013671875 0.4033203125 0.025390625 0.056640625
0 0.28515625 0.4404296875 0.06640625 0.115234375
0 0.5927734375 0.4287109375 0.013671875 0.041015625
0 0.6904296875 0.4765625 0.025390625 0.1015625
0 0.416015625 0.5546875 0.1015625 0.21875
0 0.4853515625 0.5205078125 0.029296875 0.072265625
0 0.5927734375 0.5537109375 0.017578125 0.060546875
0 0.6103515625 0.5703125 0.009765625 0.0546875
0 0.3486328125 0.6572265625 0.123046875 0.181640625
0 0.6962890625 0.6103515625 0.013671875 0.048828125
0 0.5986328125 0.6494140625 0.041015625 0.115234375
0 0.49609375 0.6630859375 0.04296875 0.056640625
0 0.5673828125 0.71484375 0.064453125 0.06640625
0 0.6689453125 0.728515625 0.033203125 0.0390625
