0 0.40625 0.31640625 0.01171875 0.01953125
0 0.44140625 0.3427734375 0.0234375 0.033203125
0 0.4140625 0.361328125 0.0234375 0.046875
0 0.435546875 0.3935546875 0.0234375 0.033203125
0 0.5830078125 0.4140625 0.029296875 0.05078125
0 0.6162109375 0.4150390625 0.029296875 0.052734375
0 0.3544921875 0.41015625 0.013671875 0.02734375
0 0.3779296875 0.419921875 0.025390625 0.05078125
0 0.3330078125 0.4140625 0.013671875 0.0234375
0 0.2998046875 0.453125 0.037109375 0.0703125
0 0.5634765625 0.45703125 0.029296875 0.05078125
0 0.705078125 0.46875 0.04296875 0.0625
0 0.6142578125 0.466796875 0.060546875 0.0546875
0 0.3369140625 0.48828125 0.041015625 0.0703125
0 0.3857421875 0.4853515625 0.025390625 0.048828125
0 0.74609375 0.505859375 0.00390625 0.03515625
0 0.5791015625 0.5126953125 0.029296875 0.052734375
0 0.6123046875 0.5146484375 0.029296875 0.044921875
0 0.3203125 0.5390625 0.0390625 0.06640625
0 0.3642578125 0.5576171875 0.041015625 0.072265625
0 0.7294921875 0.5556640625 0.037109375 0.068359375
0 0.6845703125 0.560546875 0.041015625 0.06640625
0 0.57421875 0.5732421875 0.0234375 0.041015625
0 0.5341796875 0.5771484375 0.048828125 0.041015625
0 0.625 0.60546875 0.0703125 0.06640625
0 0.2783203125 0.6484375 0.052734375 0.12109375
0 0.5478515625 0.6201171875 0.021484375 0.033203125
0 0.5205078125 0.634765625 0.025390625 0.046875
0 0.57421875 0.63671875 0.0234375 0.04296875
0 0.650390625 0.6630859375 0.04296875 0.064453125
0 0.33203125 0.6728515625 0.046875 0.072265625
0 0.5478515625 0.666015625 0.021484375 0.0390625
0 0.6953125 0.6826171875 0.0859375 0.064453125
0 0.6083984375 0.673828125 0.033203125 0.03515625
0 0.3720703125 0.671875 0.017578125 0.0234375
0 0.5341796875 0.69140625 0.048828125 0.046875
0 0.57421875 0.685546875 0.0234375 0.03515625
0 0.3857421875 0.7021484375 0.017578125 0.021484375
