0 0.3115234375 0.2958984375 0.060546875 0.091796875
0 0.46484375 0.2978515625 0.08203125 0.091796875
0 0.2734375 0.3818359375 0.046875 0.099609375
0 0.3330078125 0.3916015625 0.060546875 0.111328125
0 0.4931640625 0.4130859375 0.099609375 0.150390625
0 0.40625 0.400390625 0.07421875 0.125
0 0.2587890625 0.48046875 0.013671875 0.078125
0 0.2958984375 0.494140625 0.056640625 0.10546875
0 0.357421875 0.5068359375 0.046875 0.111328125
0 0.412109375 0.5439453125 0.08984375 0.142578125
0 0.2685546875 0.5791015625 0.033203125 0.103515625
0 0.3212890625 0.6044921875 0.056640625 0.111328125
0 0.3896484375 0.6435546875 0.068359375 0.099609375
0 0.4755859375 0.6728515625 0.087890625 0.134765625
0 0.275390625 0.6953125 0.046875 0.1015625
0 0.3427734375 0.708984375 0.064453125 0.078125
0 0.421875 0.724609375 0.0703125 0.046875
