0 0.521484375 0.275390625 0.01953125 0.04296875
0 0.546875 0.2890625 0.015625 0.04296875
0 0.5703125 0.296875 0.015625 0.03515625
0 0.5078125 0.314453125 0.01953125 0.0390625
0 0.5908203125 0.3134765625 0.013671875 0.033203125
0 0.53515625 0.3251953125 0.01953125 0.041015625
0 0.5595703125 0.3369140625 0.017578125 0.041015625
0 0.58203125 0.345703125 0.015625 0.03515625
0 0.4931640625 0.357421875 0.025390625 0.046875
0 0.603515625 0.353515625 0.015625 0.03515625
0 0.5224609375 0.3681640625 0.021484375 0.044921875
0 0.5478515625 0.3759765625 0.021484375 0.041015625
0 0.572265625 0.3818359375 0.015625 0.033203125
0 0.59375 0.3896484375 0.015625 0.033203125
0 0.48046875 0.4033203125 0.02734375 0.048828125
0 0.6142578125 0.3984375 0.013671875 0.03125
0 0.509765625 0.4111328125 0.0234375 0.048828125
0 0.5380859375 0.4169921875 0.021484375 0.044921875
0 0.5615234375 0.4228515625 0.017578125 0.041015625
0 0.5859375 0.4267578125 0.015625 0.033203125
0 0.60546875 0.435546875 0.01171875 0.03515625
0 0.6240234375 0.44140625 0.013671875 0.03125
0 0.4912109375 0.4619140625 0.025390625 0.048828125
0 0.52734375 0.462890625 0.0234375 0.04296875
0 0.552734375 0.4658203125 0.01953125 0.041015625
0 0.576171875 0.4697265625 0.01953125 0.041015625
0 0.59765625 0.474609375 0.015625 0.03515625
0 0.6181640625 0.4814453125 0.013671875 0.033203125
0 0.5087890625 0.515625 0.021484375 0.046875
0 0.5400390625 0.51171875 0.021484375 0.0390625
0 0.56640625 0.5146484375 0.015625 0.041015625
0 0.587890625 0.5126953125 0.015625 0.033203125
0 0.609375 0.517578125 0.015625 0.03515625
0 0.5283203125 0.560546875 0.021484375 0.046875
0 0.578125 0.55859375 0.015625 0.03515625
0 0.5986328125 0.5576171875 0.017578125 0.033203125
0 0.5546875 0.5625 0.01953125 0.0390625
0 0.6787109375 0.6171875 0.009765625 0.02734375
0 0.6630859375 0.62109375 0.009765625 0.02734375
0 0.6474609375 0.626953125 0.013671875 0.03515625
0 0.62890625 0.6337890625 0.015625 0.041015625
0 0.505859375 0.654296875 0.02734375 0.05078125
0 0.4736328125 0.6630859375 0.029296875 0.052734375
0 0.6865234375 0.6513671875 0.009765625 0.025390625
0 0.4365234375 0.671875 0.033203125 0.05859375
0 0.6640625 0.6640625 0.02734375 0.03515625
0 0.39453125 0.677734375 0.0390625 0.0625
0 0.638671875 0.6748046875 0.015625 0.037109375
0 0.6162109375 0.681640625 0.017578125 0.04296875
0 0.689453125 0.6904296875 0.0234375 0.037109375
0 0.5234375 0.7041015625 0.0234375 0.048828125
0 0.4931640625 0.7138671875 0.029296875 0.052734375
0 0.666015625 0.701171875 0.01171875 0.0234375
0 0.458984375 0.7216796875 0.03125 0.052734375
0 0.6494140625 0.7099609375 0.013671875 0.025390625
0 0.6298828125 0.7197265625 0.013671875 0.033203125
0 0.4169921875 0.7265625 0.037109375 0.04296875
0 0.6962890625 0.724609375 0.021484375 0.03125
0 0.6083984375 0.73046875 0.017578125 0.03125
0 0.3720703125 0.7314453125 0.041015625 0.033203125
0 0.6669921875 0.7373046875 0.025390625 0.021484375
0 0.5400390625 0.7373046875 0.021484375 0.021484375
0 0.509765625 0.7412109375 0.01953125 0.013671875
0 0.642578125 0.744140625 0.0078125 0.0078125
