1 0.0341796875 0.28515625 0.068359375 0.15234375
1 0.20703125 0.2822265625 0.08203125 0.146484375
1 0.1171875 0.28515625 0.08203125 0.140625
1 0.2978515625 0.28515625 0.080078125 0.140625
1 0.3876953125 0.28515625 0.080078125 0.140625
1 0.658203125 0.2880859375 0.078125 0.146484375
1 0.478515625 0.291015625 0.078125 0.140625
1 0.568359375 0.2880859375 0.078125 0.134765625
1 0.7470703125 0.291015625 0.080078125 0.140625
1 0.837890625 0.291015625 0.08203125 0.140625
1 0.9404296875 0.296875 0.080078125 0.140625
1 0.9931640625 0.3017578125 0.009765625 0.142578125
1 0.0322265625 0.4482421875 0.064453125 0.146484375
1 0.1171875 0.4453125 0.08203125 0.140625
1 0.20703125 0.4453125 0.08203125 0.140625
1 0.296875 0.4453125 0.08203125 0.140625
1 0.3876953125 0.4453125 0.080078125 0.140625
1 0.474609375 0.451171875 0.07421875 0.140625
1 0.5654296875 0.451171875 0.076171875 0.140625
1 0.654296875 0.451171875 0.08203125 0.140625
1 0.7421875 0.451171875 0.078125 0.140625
1 0.83203125 0.4482421875 0.078125 0.134765625
1 0.935546875 0.45703125 0.078125 0.140625
1 0.990234375 0.46484375 0.015625 0.140625
1 0.208984375 0.599609375 0.0859375 0.140625
1 0.3857421875 0.6025390625 0.076171875 0.146484375
1 0.0341796875 0.6083984375 0.068359375 0.146484375
1 0.1171875 0.60546875 0.08203125 0.140625
1 0.298828125 0.6025390625 0.078125 0.134765625
1 0.478515625 0.60546875 0.078125 0.140625
1 0.5673828125 0.6083984375 0.080078125 0.146484375
1 0.6572265625 0.6083984375 0.080078125 0.146484375
1 0.744140625 0.6083984375 0.07421875 0.146484375
1 0.8291015625 0.6083984375 0.076171875 0.134765625
1 0.9306640625 0.6181640625 0.080078125 0.142578125
1 0.9892578125 0.62890625 0.017578125 0.140625
1 0.2958984375 0.7548828125 0.076171875 0.142578125
1 0.3837890625 0.7548828125 0.080078125 0.142578125
1 0.119140625 0.76171875 0.0859375 0.140625
1 0.2099609375 0.76171875 0.083984375 0.140625
1 0.0361328125 0.7646484375 0.072265625 0.134765625
1 0.4775390625 0.767578125 0.080078125 0.140625
1 0.5654296875 0.767578125 0.076171875 0.140625
1 0.650390625 0.767578125 0.08203125 0.140625
1 0.73828125 0.767578125 0.07421875 0.140625
1 0.826171875 0.767578125 0.078125 0.140625
1 0.927734375 0.78125 0.08203125 0.14453125
1 0.9873046875 0.7880859375 0.021484375 0.146484375
1 0.587890625 0.9599609375 0.07421875 0.076171875
1 0.6689453125 0.9599609375 0.072265625 0.076171875
1 0.7490234375 0.9599609375 0.072265625 0.076171875
1 0.505859375 0.962890625 0.0703125 0.0703125
1 0.8291015625 0.962890625 0.072265625 0.0703125
1 0.9091796875 0.962890625 0.064453125 0.0703125
1 0.9755859375 0.962890625 0.044921875 0.0703125
1 0.24609375 0.97265625 0.078125 0.05078125
1 0.33203125 0.97265625 0.078125 0.05078125
1 0.416015625 0.97265625 0.078125 0.05078125
1 0.1572265625 0.9755859375 0.080078125 0.044921875
1 0.072265625 0.978515625 0.078125 0.0390625
