0 0.6259765625 0.2939453125 0.115234375 0.087890625
0 0.6728515625 0.3583984375 0.048828125 0.037109375
0 0.4384765625 0.373046875 0.076171875 0.0625
0 0.724609375 0.3857421875 0.046875 0.052734375
0 0.369140625 0.4189453125 0.0703125 0.056640625
0 0.4853515625 0.44921875 0.033203125 0.02734375
0 0.5322265625 0.458984375 0.037109375 0.02734375
0 0.4443359375 0.4765625 0.033203125 0.0234375
0 0.486328125 0.484375 0.03125 0.0234375
0 0.41015625 0.5 0.03125 0.0234375
0 0.7353515625 0.6171875 0.025390625 0.09765625
0 0.6552734375 0.6396484375 0.072265625 0.060546875
0 0.3330078125 0.6943359375 0.166015625 0.107421875
