0 0.30859375 0.2880859375 0.09765625 0.076171875
0 0.4130859375 0.2900390625 0.095703125 0.080078125
0 0.5126953125 0.2900390625 0.091796875 0.080078125
0 0.61328125 0.2900390625 0.08984375 0.080078125
0 0.708984375 0.2919921875 0.078125 0.083984375
0 0.2763671875 0.384765625 0.052734375 0.1328125
0 0.361328125 0.3828125 0.09375 0.12890625
0 0.4619140625 0.384765625 0.091796875 0.12890625
0 0.6650390625 0.3857421875 0.091796875 0.126953125
0 0.5634765625 0.3876953125 0.091796875 0.126953125
0 0.732421875 0.3837890625 0.03125 0.111328125
0 0.3115234375 0.5009765625 0.095703125 0.126953125
0 0.4111328125 0.5009765625 0.091796875 0.126953125
0 0.5146484375 0.5029296875 0.087890625 0.123046875
0 0.70703125 0.5 0.08203125 0.125
0 0.6142578125 0.5009765625 0.091796875 0.119140625
0 0.28125 0.615234375 0.0625 0.12890625
0 0.6640625 0.615234375 0.08984375 0.125
0 0.3623046875 0.6162109375 0.087890625 0.123046875
0 0.4638671875 0.6162109375 0.091796875 0.123046875
0 0.5634765625 0.6171875 0.091796875 0.12109375
0 0.732421875 0.615234375 0.03125 0.1171875
0 0.3173828125 0.705078125 0.091796875 0.0859375
0 0.4150390625 0.7060546875 0.091796875 0.083984375
0 0.5126953125 0.7080078125 0.091796875 0.080078125
0 0.61328125 0.7099609375 0.08984375 0.076171875
0 0.7080078125 0.7099609375 0.080078125 0.076171875
