1 0.2724609375 0.427734375 0.009765625 0.0234375
1 0.2861328125 0.427734375 0.009765625 0.0234375
1 0.2998046875 0.427734375 0.013671875 0.0234375
1 0.3154296875 0.4306640625 0.013671875 0.029296875
1 0.33203125 0.4306640625 0.01171875 0.025390625
1 0.349609375 0.43359375 0.01171875 0.02734375
1 0.3681640625 0.4345703125 0.013671875 0.029296875
1 0.388671875 0.4384765625 0.01171875 0.029296875
1 0.40625 0.4423828125 0.01171875 0.025390625
1 0.42578125 0.4423828125 0.015625 0.029296875
1 0.46875 0.4482421875 0.05859375 0.037109375
1 0.5224609375 0.45703125 0.041015625 0.03125
1 0.27734375 0.4560546875 0.0078125 0.021484375
1 0.291015625 0.458984375 0.01171875 0.02734375
1 0.5546875 0.4619140625 0.015625 0.033203125
1 0.3056640625 0.4609375 0.009765625 0.0234375
1 0.3212890625 0.462890625 0.009765625 0.0234375
1 0.3369140625 0.46484375 0.009765625 0.02734375
1 0.3515625 0.4658203125 0.01171875 0.025390625
1 0.3701171875 0.4697265625 0.013671875 0.025390625
1 0.388671875 0.4716796875 0.01171875 0.025390625
1 0.416015625 0.4775390625 0.03515625 0.029296875
1 0.4453125 0.4814453125 0.015625 0.029296875
1 0.466796875 0.501953125 0.01953125 0.06640625
1 0.4873046875 0.4892578125 0.017578125 0.029296875
1 0.2802734375 0.4873046875 0.009765625 0.021484375
1 0.2958984375 0.48828125 0.009765625 0.0234375
1 0.5087890625 0.4921875 0.017578125 0.03125
1 0.3115234375 0.4931640625 0.009765625 0.021484375
1 0.3251953125 0.4931640625 0.009765625 0.021484375
1 0.3427734375 0.498046875 0.013671875 0.02734375
1 0.5302734375 0.4970703125 0.017578125 0.029296875
1 0.3603515625 0.4970703125 0.013671875 0.025390625
1 0.552734375 0.5029296875 0.01953125 0.033203125
1 0.37890625 0.501953125 0.01171875 0.0234375
1 0.4130859375 0.5126953125 0.044921875 0.033203125
1 0.4462890625 0.5185546875 0.017578125 0.029296875
1 0.4931640625 0.5224609375 0.009765625 0.025390625
1 0.5107421875 0.53125 0.017578125 0.02734375
1 0.5322265625 0.5361328125 0.017578125 0.029296875
1 0.5546875 0.5390625 0.01953125 0.03125
1 0.2763671875 0.5400390625 0.009765625 0.025390625
1 0.2919921875 0.5419921875 0.009765625 0.025390625
1 0.3115234375 0.54296875 0.009765625 0.0234375
1 0.322265625 0.537109375 0.00390625 0.00390625
1 0.33203125 0.5634765625 0.02734375 0.029296875
1 0.4111328125 0.5654296875 0.013671875 0.025390625
1 0.357421875 0.5673828125 0.01171875 0.025390625
1 0.28515625 0.568359375 0.01171875 0.01953125
1 0.298828125 0.568359375 0.0078125 0.01953125
1 0.3759765625 0.572265625 0.013671875 0.02734375
1 0.4287109375 0.572265625 0.013671875 0.02734375
1 0.314453125 0.5732421875 0.0078125 0.021484375
1 0.4482421875 0.576171875 0.013671875 0.02734375
1 0.4658203125 0.58203125 0.017578125 0.02734375
1 0.48828125 0.5869140625 0.01953125 0.025390625
1 0.5107421875 0.58984375 0.017578125 0.02734375
1 0.5322265625 0.591796875 0.017578125 0.02734375
1 0.5546875 0.5947265625 0.01953125 0.033203125
1 0.3388671875 0.5908203125 0.009765625 0.017578125
1 0.291015625 0.59375 0.0078125 0.01953125
1 0.3525390625 0.5947265625 0.009765625 0.021484375
1 0.3046875 0.59765625 0.0078125 0.01953125
1 0.3681640625 0.59765625 0.013671875 0.01953125
1 0.3857421875 0.6005859375 0.013671875 0.025390625
1 0.4072265625 0.6025390625 0.013671875 0.025390625
1 0.3212890625 0.6025390625 0.013671875 0.021484375
1 0.4267578125 0.6064453125 0.013671875 0.025390625
1 0.4462890625 0.6083984375 0.017578125 0.025390625
1 0.4677734375 0.615234375 0.017578125 0.02734375
1 0.3369140625 0.619140625 0.013671875 0.02734375
1 0.4892578125 0.6171875 0.013671875 0.02734375
1 0.5107421875 0.623046875 0.017578125 0.02734375
1 0.353515625 0.6240234375 0.01171875 0.025390625
1 0.5322265625 0.6259765625 0.017578125 0.029296875
1 0.5546875 0.6298828125 0.015625 0.029296875
1 0.3701171875 0.62890625 0.009765625 0.0234375
1 0.38671875 0.6337890625 0.015625 0.029296875
1 0.416015625 0.62890625 0.01171875 0.01953125
1 0.43359375 0.6337890625 0.01171875 0.021484375
1 0.4521484375 0.640625 0.013671875 0.0234375
1 0.470703125 0.64453125 0.015625 0.0234375
1 0.4892578125 0.6494140625 0.013671875 0.025390625
1 0.5107421875 0.6533203125 0.017578125 0.025390625
1 0.54296875 0.6630859375 0.0390625 0.029296875
