0 0.6220703125 0.2880859375 0.029296875 0.076171875
0 0.7060546875 0.3056640625 0.025390625 0.095703125
0 0.521484375 0.3671875 0.03125 0.09765625
0 0.6513671875 0.384765625 0.025390625 0.09765625
0 0.7333984375 0.3857421875 0.021484375 0.044921875
0 0.68359375 0.4072265625 0.01953125 0.068359375
0 0.5029296875 0.4267578125 0.033203125 0.103515625
0 0.740234375 0.439453125 0.015625 0.0390625
0 0.5546875 0.4765625 0.03125 0.09765625
0 0.5927734375 0.4853515625 0.025390625 0.080078125
0 0.6298828125 0.474609375 0.021484375 0.0546875
0 0.703125 0.4951171875 0.0234375 0.087890625
0 0.7451171875 0.5146484375 0.005859375 0.068359375
0 0.529296875 0.5400390625 0.03125 0.103515625
0 0.6552734375 0.564453125 0.025390625 0.08984375
0 0.669921875 0.5703125 0.01171875 0.08203125
0 0.5869140625 0.5751953125 0.029296875 0.080078125
0 0.734375 0.5947265625 0.01953125 0.087890625
0 0.4990234375 0.6064453125 0.033203125 0.103515625
0 0.74609375 0.6025390625 0.00390625 0.080078125
0 0.6279296875 0.65625 0.025390625 0.09765625
0 0.54296875 0.6591796875 0.03125 0.099609375
0 0.6455078125 0.66796875 0.013671875 0.0703125
0 0.6689453125 0.66796875 0.021484375 0.08203125
0 0.595703125 0.67578125 0.02734375 0.09765625
0 0.4873046875 0.71484375 0.033203125 0.06640625
0 0.748046875 0.7041015625 0.0 0.048828125
0 0.5966796875 0.73828125 0.033203125 0.01953125
0 0.560546875 0.7373046875 0.01953125 0.021484375
0 0.6962890625 0.7392578125 0.013671875 0.017578125
0 0.716796875 0.7421875 0.01171875 0.01171875
