1 0.2666015625 0.390625 0.033203125 0.07421875
1 0.3525390625 0.390625 0.041015625 0.07421875
1 0.3076171875 0.392578125 0.041015625 0.0703125
1 0.3984375 0.392578125 0.0390625 0.0703125
1 0.443359375 0.392578125 0.0390625 0.0703125
1 0.5791015625 0.3935546875 0.037109375 0.072265625
1 0.48828125 0.3935546875 0.0390625 0.068359375
1 0.5341796875 0.3935546875 0.037109375 0.068359375
1 0.623046875 0.39453125 0.0390625 0.0703125
1 0.66796875 0.39453125 0.0390625 0.0703125
1 0.7197265625 0.3994140625 0.041015625 0.072265625
1 0.74609375 0.400390625 0.00390625 0.06640625
1 0.265625 0.4736328125 0.03125 0.072265625
1 0.3076171875 0.47265625 0.041015625 0.0703125
1 0.353515625 0.47265625 0.0390625 0.0703125
1 0.3984375 0.47265625 0.0390625 0.0703125
1 0.443359375 0.47265625 0.0390625 0.0703125
1 0.4873046875 0.474609375 0.037109375 0.0703125
1 0.5322265625 0.474609375 0.037109375 0.0703125
1 0.576171875 0.474609375 0.0390625 0.0703125
1 0.62109375 0.474609375 0.0390625 0.0703125
1 0.666015625 0.4736328125 0.0390625 0.068359375
1 0.716796875 0.478515625 0.0390625 0.0703125
1 0.7451171875 0.482421875 0.005859375 0.07421875
1 0.3544921875 0.5478515625 0.041015625 0.068359375
1 0.4423828125 0.5517578125 0.037109375 0.068359375
1 0.2666015625 0.5537109375 0.033203125 0.072265625
1 0.3076171875 0.552734375 0.041015625 0.0703125
1 0.3984375 0.55078125 0.0390625 0.06640625
1 0.48828125 0.552734375 0.0390625 0.0703125
1 0.533203125 0.5546875 0.0390625 0.0703125
1 0.578125 0.5537109375 0.0390625 0.072265625
1 0.6220703125 0.5537109375 0.037109375 0.072265625
1 0.6640625 0.5537109375 0.0390625 0.068359375
1 0.71484375 0.55859375 0.0390625 0.0703125
1 0.744140625 0.564453125 0.0078125 0.0703125
1 0.3974609375 0.626953125 0.037109375 0.0703125
1 0.44140625 0.6279296875 0.0390625 0.072265625
1 0.3115234375 0.630859375 0.123046875 0.0703125
1 0.48828125 0.6328125 0.0390625 0.0703125
1 0.5322265625 0.6328125 0.037109375 0.0703125
1 0.5751953125 0.6328125 0.041015625 0.0703125
1 0.6181640625 0.6328125 0.037109375 0.0703125
1 0.662109375 0.6328125 0.0390625 0.0703125
1 0.712890625 0.6396484375 0.0390625 0.076171875
1 0.7421875 0.6435546875 0.01171875 0.072265625
1 0.5439453125 0.73046875 0.037109375 0.03515625
1 0.583984375 0.7294921875 0.03515625 0.037109375
1 0.6240234375 0.7294921875 0.037109375 0.037109375
1 0.501953125 0.73046875 0.03515625 0.03515625
1 0.6640625 0.73046875 0.03515625 0.03515625
1 0.7041015625 0.73046875 0.033203125 0.03515625
1 0.7373046875 0.73046875 0.021484375 0.03515625
1 0.3720703125 0.7353515625 0.037109375 0.025390625
1 0.4365234375 0.7353515625 0.080078125 0.025390625
1 0.328125 0.7373046875 0.0390625 0.021484375
1 0.28515625 0.73828125 0.0390625 0.01953125
