0 0.259765625 0.3671875 0.01953125 0.0546875
0 0.736328125 0.3681640625 0.0234375 0.052734375
0 0.2939453125 0.3681640625 0.029296875 0.048828125
0 0.333984375 0.369140625 0.03125 0.046875
0 0.66015625 0.3701171875 0.03515625 0.052734375
0 0.701171875 0.3701171875 0.03515625 0.052734375
0 0.3759765625 0.3720703125 0.029296875 0.048828125
0 0.6201171875 0.373046875 0.033203125 0.05078125
0 0.296875 0.4208984375 0.07421875 0.052734375
0 0.677734375 0.421875 0.03515625 0.05078125
0 0.724609375 0.4208984375 0.0390625 0.052734375
0 0.3544921875 0.4228515625 0.033203125 0.052734375
0 0.39453125 0.423828125 0.03515625 0.05078125
0 0.6005859375 0.4248046875 0.033203125 0.048828125
0 0.6396484375 0.4248046875 0.033203125 0.048828125
0 0.26171875 0.470703125 0.0234375 0.05078125
0 0.734375 0.4716796875 0.02734375 0.052734375
0 0.294921875 0.47265625 0.03515625 0.05078125
0 0.697265625 0.47265625 0.03515625 0.05078125
0 0.375 0.474609375 0.03125 0.05078125
0 0.580078125 0.4736328125 0.03125 0.048828125
0 0.6376953125 0.4736328125 0.076171875 0.048828125
0 0.3349609375 0.4765625 0.033203125 0.05078125
0 0.4150390625 0.4755859375 0.033203125 0.048828125
0 0.5966796875 0.5234375 0.033203125 0.05078125
0 0.2763671875 0.5224609375 0.033203125 0.048828125
0 0.5576171875 0.5234375 0.033203125 0.05078125
0 0.3154296875 0.525390625 0.033203125 0.05078125
0 0.35546875 0.525390625 0.03125 0.05078125
0 0.4365234375 0.5244140625 0.033203125 0.048828125
0 0.65625 0.525390625 0.07421875 0.05078125
0 0.7158203125 0.525390625 0.037109375 0.05078125
0 0.396484375 0.5263671875 0.03125 0.048828125
0 0.744140625 0.5244140625 0.0078125 0.041015625
0 0.26171875 0.5751953125 0.0234375 0.056640625
0 0.6943359375 0.5732421875 0.033203125 0.052734375
0 0.732421875 0.5732421875 0.03125 0.052734375
0 0.615234375 0.5751953125 0.03125 0.048828125
0 0.65625 0.57421875 0.03125 0.05078125
0 0.2958984375 0.5751953125 0.033203125 0.048828125
0 0.3349609375 0.5751953125 0.033203125 0.048828125
0 0.3759765625 0.576171875 0.033203125 0.046875
0 0.4541015625 0.5751953125 0.033203125 0.048828125
0 0.5390625 0.5751953125 0.03125 0.044921875
0 0.578125 0.5732421875 0.03125 0.044921875
0 0.416015625 0.576171875 0.03515625 0.046875
0 0.521484375 0.623046875 0.03515625 0.05078125
0 0.271484375 0.650390625 0.04296875 0.1015625
0 0.634765625 0.623046875 0.03125 0.046875
0 0.6748046875 0.6240234375 0.033203125 0.044921875
0 0.712890625 0.6240234375 0.03515625 0.048828125
0 0.3154296875 0.6259765625 0.033203125 0.048828125
0 0.39453125 0.626953125 0.03515625 0.05078125
0 0.4716796875 0.626953125 0.033203125 0.046875
0 0.55859375 0.6240234375 0.03125 0.044921875
0 0.5966796875 0.6240234375 0.033203125 0.044921875
0 0.7421875 0.6240234375 0.01171875 0.041015625
0 0.43359375 0.626953125 0.03515625 0.046875
0 0.3544921875 0.62890625 0.033203125 0.046875
0 0.5771484375 0.6728515625 0.033203125 0.048828125
0 0.6943359375 0.671875 0.033203125 0.05078125
0 0.5380859375 0.673828125 0.033203125 0.05078125
0 0.6142578125 0.6728515625 0.033203125 0.048828125
0 0.654296875 0.673828125 0.03515625 0.05078125
0 0.732421875 0.6728515625 0.03125 0.048828125
0 0.2958984375 0.6748046875 0.033203125 0.048828125
0 0.4560546875 0.6767578125 0.033203125 0.048828125
0 0.337890625 0.6796875 0.03515625 0.046875
0 0.3681640625 0.7021484375 0.052734375 0.091796875
0 0.416015625 0.6806640625 0.03125 0.048828125
0 0.6748046875 0.720703125 0.033203125 0.05078125
0 0.556640625 0.72265625 0.03125 0.05078125
0 0.634765625 0.7216796875 0.03125 0.048828125
0 0.7138671875 0.72265625 0.033203125 0.05078125
0 0.31640625 0.7236328125 0.03515625 0.048828125
0 0.5947265625 0.7216796875 0.029296875 0.044921875
0 0.7421875 0.720703125 0.01171875 0.04296875
0 0.27734375 0.724609375 0.03515625 0.046875
0 0.4375 0.7255859375 0.03125 0.044921875
0 0.3984375 0.7255859375 0.03125 0.044921875
