0 0.54296875 0.294921875 0.03515625 0.08203125
0 0.58203125 0.291015625 0.03125 0.0703125
0 0.623046875 0.2919921875 0.03125 0.068359375
0 0.7294921875 0.291015625 0.025390625 0.0703125
0 0.65625 0.2919921875 0.0234375 0.068359375
0 0.6845703125 0.2900390625 0.025390625 0.064453125
0 0.708984375 0.361328125 0.02734375 0.06640625
0 0.5712890625 0.3759765625 0.033203125 0.080078125
0 0.609375 0.3701171875 0.03515625 0.072265625
0 0.650390625 0.3701171875 0.02734375 0.072265625
0 0.6796875 0.3681640625 0.01953125 0.064453125
0 0.703125 0.4375 0.02734375 0.0703125
0 0.7275390625 0.4375 0.013671875 0.0546875
0 0.5400390625 0.4619140625 0.037109375 0.083984375
0 0.6123046875 0.4521484375 0.029296875 0.068359375
0 0.650390625 0.447265625 0.02734375 0.05859375
0 0.572265625 0.453125 0.01953125 0.05859375
0 0.7197265625 0.513671875 0.029296875 0.07421875
0 0.673828125 0.5146484375 0.01953125 0.068359375
0 0.6533203125 0.5205078125 0.029296875 0.068359375
0 0.568359375 0.5341796875 0.03125 0.083984375
0 0.6162109375 0.5283203125 0.029296875 0.072265625
0 0.7412109375 0.53125 0.013671875 0.0625
0 0.689453125 0.5888671875 0.02734375 0.064453125
0 0.658203125 0.59375 0.02734375 0.0625
0 0.728515625 0.60546875 0.0234375 0.06640625
0 0.625 0.607421875 0.02734375 0.0703125
0 0.5888671875 0.6123046875 0.033203125 0.076171875
0 0.5478515625 0.6298828125 0.037109375 0.080078125
0 0.677734375 0.6640625 0.01953125 0.0703125
0 0.6484375 0.669921875 0.03125 0.07421875
0 0.7421875 0.6669921875 0.0078125 0.064453125
0 0.7197265625 0.681640625 0.025390625 0.07421875
0 0.6142578125 0.6875 0.021484375 0.0703125
0 0.5830078125 0.7001953125 0.037109375 0.072265625
0 0.662109375 0.7275390625 0.015625 0.025390625
0 0.6435546875 0.734375 0.025390625 0.0234375
0 0.7041015625 0.734375 0.025390625 0.02734375
