0 0.3369140625 0.3984375 0.029296875 0.09765625
0 0.3662109375 0.4169921875 0.025390625 0.095703125
0 0.400390625 0.4365234375 0.03125 0.107421875
0 0.46875 0.4912109375 0.0390625 0.123046875
0 0.330078125 0.4814453125 0.0234375 0.083984375
0 0.357421875 0.4990234375 0.0234375 0.099609375
0 0.5107421875 0.525390625 0.041015625 0.125
0 0.38671875 0.5244140625 0.02734375 0.095703125
0 0.4189453125 0.5458984375 0.025390625 0.103515625
0 0.560546875 0.5625 0.046875 0.1328125
0 0.4541015625 0.578125 0.037109375 0.109375
0 0.34765625 0.578125 0.0234375 0.08203125
0 0.494140625 0.615234375 0.03515625 0.12109375
0 0.37890625 0.6044921875 0.02734375 0.080078125
0 0.412109375 0.634765625 0.03125 0.09375
0 0.5390625 0.6591796875 0.0390625 0.126953125
0 0.3349609375 0.6845703125 0.025390625 0.126953125
0 0.5908203125 0.6943359375 0.048828125 0.107421875
0 0.474609375 0.6953125 0.03515625 0.10546875
0 0.349609375 0.708984375 0.0234375 0.078125
0 0.5166015625 0.7177734375 0.037109375 0.060546875
0 0.375 0.720703125 0.0234375 0.0546875
0 0.408203125 0.7353515625 0.02734375 0.025390625
