1 0.5107421875 0.318359375 0.052734375 0.13671875
1 0.732421875 0.31640625 0.03125 0.1328125
1 0.28515625 0.3203125 0.05078125 0.1328125
1 0.341796875 0.31640625 0.05078125 0.125
1 0.6806640625 0.318359375 0.052734375 0.12890625
1 0.453125 0.4638671875 0.05078125 0.138671875
1 0.5107421875 0.462890625 0.052734375 0.1328125
1 0.625 0.458984375 0.05078125 0.12890625
1 0.2802734375 0.46484375 0.052734375 0.13671875
1 0.337890625 0.4599609375 0.05078125 0.126953125
1 0.681640625 0.4619140625 0.05078125 0.130859375
1 0.73046875 0.462890625 0.03515625 0.1328125
1 0.3935546875 0.46484375 0.052734375 0.12890625
1 0.5673828125 0.466796875 0.048828125 0.125
1 0.4541015625 0.607421875 0.052734375 0.13671875
1 0.6259765625 0.6015625 0.052734375 0.1328125
1 0.51171875 0.6064453125 0.046875 0.134765625
1 0.68359375 0.60546875 0.05078125 0.1328125
1 0.3984375 0.6064453125 0.05078125 0.130859375
1 0.568359375 0.607421875 0.05078125 0.1328125
1 0.732421875 0.607421875 0.03125 0.1328125
1 0.2822265625 0.609375 0.052734375 0.12890625
1 0.33984375 0.6083984375 0.05078125 0.126953125
1 0.2763671875 0.7158203125 0.052734375 0.064453125
1 0.453125 0.71484375 0.05078125 0.06640625
1 0.509765625 0.71484375 0.05078125 0.06640625
1 0.68359375 0.7158203125 0.05078125 0.064453125
1 0.625 0.716796875 0.05078125 0.0625
1 0.3369140625 0.716796875 0.052734375 0.0625
1 0.3955078125 0.716796875 0.048828125 0.0625
1 0.5693359375 0.7177734375 0.048828125 0.060546875
1 0.73046875 0.716796875 0.03515625 0.0546875
