1 0.7197265625 0.30078125 0.037109375 0.05859375
1 0.677734375 0.31640625 0.04296875 0.0625
1 0.630859375 0.3310546875 0.04296875 0.064453125
1 0.5830078125 0.345703125 0.044921875 0.0625
1 0.7236328125 0.361328125 0.033203125 0.05859375
1 0.5224609375 0.3720703125 0.044921875 0.064453125
1 0.685546875 0.380859375 0.03515625 0.0625
1 0.4755859375 0.3857421875 0.048828125 0.064453125
1 0.427734375 0.3984375 0.05078125 0.0625
1 0.6337890625 0.396484375 0.037109375 0.046875
1 0.591796875 0.4052734375 0.04296875 0.060546875
1 0.380859375 0.4189453125 0.05078125 0.064453125
1 0.728515625 0.4228515625 0.03515625 0.056640625
1 0.5322265625 0.431640625 0.044921875 0.0625
1 0.6875 0.4375 0.0390625 0.0625
1 0.48828125 0.4423828125 0.046875 0.056640625
1 0.642578125 0.4482421875 0.0390625 0.056640625
1 0.4423828125 0.4580078125 0.048828125 0.064453125
1 0.328125 0.4619140625 0.05078125 0.064453125
1 0.5986328125 0.4638671875 0.041015625 0.060546875
1 0.28125 0.4755859375 0.05078125 0.060546875
1 0.396484375 0.4755859375 0.04296875 0.060546875
1 0.7333984375 0.484375 0.025390625 0.05078125
1 0.54296875 0.490234375 0.04296875 0.0625
1 0.6962890625 0.498046875 0.037109375 0.0546875
1 0.5009765625 0.5048828125 0.037109375 0.056640625
1 0.6533203125 0.5107421875 0.037109375 0.056640625
1 0.2548828125 0.4990234375 0.005859375 0.021484375
1 0.345703125 0.5166015625 0.04296875 0.056640625
1 0.4541015625 0.5185546875 0.048828125 0.052734375
1 0.609375 0.5234375 0.0390625 0.0546875
1 0.2978515625 0.5302734375 0.044921875 0.060546875
1 0.4091796875 0.533203125 0.041015625 0.05859375
1 0.2626953125 0.544921875 0.025390625 0.0546875
1 0.5546875 0.5478515625 0.0390625 0.052734375
1 0.5107421875 0.5595703125 0.041015625 0.052734375
1 0.7392578125 0.556640625 0.017578125 0.046875
1 0.7080078125 0.56640625 0.037109375 0.05078125
1 0.3603515625 0.5712890625 0.041015625 0.056640625
1 0.4677734375 0.5732421875 0.041015625 0.052734375
1 0.314453125 0.587890625 0.05078125 0.0546875
1 0.6650390625 0.5849609375 0.037109375 0.052734375
1 0.4248046875 0.5927734375 0.041015625 0.052734375
1 0.623046875 0.599609375 0.03515625 0.05078125
1 0.2685546875 0.6044921875 0.037109375 0.048828125
1 0.740234375 0.6044921875 0.015625 0.044921875
1 0.568359375 0.615234375 0.0390625 0.0546875
1 0.7109375 0.6171875 0.0390625 0.05078125
1 0.3740234375 0.6318359375 0.044921875 0.052734375
1 0.525390625 0.630859375 0.0390625 0.05078125
1 0.6708984375 0.6337890625 0.033203125 0.041015625
1 0.330078125 0.6455078125 0.04296875 0.048828125
1 0.484375 0.646484375 0.0390625 0.05078125
1 0.62890625 0.6455078125 0.03515625 0.048828125
1 0.7412109375 0.6513671875 0.009765625 0.037109375
1 0.2841796875 0.6630859375 0.041015625 0.052734375
1 0.57421875 0.66015625 0.03515625 0.046875
1 0.7158203125 0.6640625 0.033203125 0.04296875
1 0.4423828125 0.66796875 0.041015625 0.05078125
1 0.2578125 0.6767578125 0.01171875 0.037109375
1 0.5341796875 0.6787109375 0.037109375 0.052734375
1 0.67578125 0.677734375 0.03125 0.046875
1 0.388671875 0.68359375 0.0390625 0.046875
1 0.4931640625 0.693359375 0.037109375 0.046875
1 0.6357421875 0.697265625 0.033203125 0.046875
1 0.34765625 0.69921875 0.0390625 0.046875
1 0.58203125 0.7099609375 0.03515625 0.052734375
1 0.7470703125 0.7041015625 0.001953125 0.029296875
1 0.4541015625 0.71484375 0.037109375 0.04296875
1 0.3046875 0.71484375 0.0390625 0.046875
1 0.724609375 0.71875 0.03125 0.0390625
1 0.546875 0.7255859375 0.0234375 0.044921875
1 0.400390625 0.728515625 0.0390625 0.03515625
1 0.6845703125 0.728515625 0.033203125 0.03515625
1 0.267578125 0.73046875 0.03125 0.03515625
1 0.357421875 0.7373046875 0.03515625 0.021484375
1 0.6435546875 0.736328125 0.033203125 0.0234375
1 0.4990234375 0.7392578125 0.029296875 0.017578125
1 0.3203125 0.7431640625 0.02734375 0.009765625
1 0.4619140625 0.744140625 0.029296875 0.0078125
1 0.591796875 0.7421875 0.02734375 0.01171875
