0 0.732421875 0.3193359375 0.03125 0.083984375
0 0.6787109375 0.34375 0.056640625 0.0859375
0 0.5087890625 0.3232421875 0.013671875 0.021484375
0 0.41796875 0.3271484375 0.01953125 0.021484375
0 0.3916015625 0.333984375 0.021484375 0.0234375
0 0.41015625 0.3466796875 0.01171875 0.021484375
0 0.447265625 0.3447265625 0.015625 0.017578125
0 0.486328125 0.35546875 0.015625 0.01953125
0 0.46484375 0.3564453125 0.015625 0.021484375
0 0.4296875 0.3583984375 0.015625 0.021484375
0 0.3662109375 0.37109375 0.037109375 0.04296875
0 0.3916015625 0.3642578125 0.013671875 0.021484375
0 0.50390625 0.3701171875 0.015625 0.025390625
0 0.4482421875 0.3740234375 0.017578125 0.025390625
0 0.421875 0.3818359375 0.03515625 0.033203125
0 0.5234375 0.4326171875 0.015625 0.103515625
0 0.720703125 0.4130859375 0.05078125 0.083984375
0 0.4853515625 0.40234375 0.052734375 0.0546875
0 0.39453125 0.392578125 0.015625 0.0234375
0 0.3583984375 0.4150390625 0.017578125 0.048828125
0 0.44921875 0.4169921875 0.015625 0.052734375
0 0.4111328125 0.4462890625 0.025390625 0.103515625
0 0.662109375 0.4365234375 0.05859375 0.083984375
0 0.37890625 0.4091796875 0.015625 0.025390625
0 0.44140625 0.4462890625 0.03515625 0.080078125
0 0.3974609375 0.421875 0.013671875 0.0234375
0 0.505859375 0.44140625 0.015625 0.05078125
0 0.3779296875 0.455078125 0.052734375 0.05078125
0 0.4677734375 0.4609375 0.017578125 0.0546875
0 0.4912109375 0.4736328125 0.017578125 0.076171875
0 0.74609375 0.482421875 0.00390625 0.046875
0 0.7109375 0.5068359375 0.05859375 0.091796875
0 0.5078125 0.4892578125 0.015625 0.025390625
0 0.453125 0.4921875 0.015625 0.0234375
0 0.4189453125 0.498046875 0.017578125 0.0234375
0 0.3916015625 0.51171875 0.033203125 0.0390625
0 0.470703125 0.5029296875 0.015625 0.021484375
0 0.5185546875 0.5126953125 0.017578125 0.025390625
0 0.44140625 0.5166015625 0.015625 0.025390625
0 0.3623046875 0.517578125 0.017578125 0.02734375
0 0.4775390625 0.54296875 0.021484375 0.05078125
0 0.5009765625 0.5283203125 0.013671875 0.021484375
0 0.4609375 0.5302734375 0.015625 0.021484375
0 0.380859375 0.53515625 0.015625 0.0234375
0 0.416015625 0.5361328125 0.015625 0.025390625
0 0.6552734375 0.56640625 0.048828125 0.078125
0 0.517578125 0.5419921875 0.015625 0.021484375
0 0.3623046875 0.546875 0.017578125 0.01953125
0 0.328125 0.5751953125 0.05078125 0.060546875
0 0.3896484375 0.5576171875 0.029296875 0.037109375
0 0.435546875 0.5556640625 0.015625 0.025390625
0 0.49609375 0.556640625 0.015625 0.0234375
0 0.416015625 0.5654296875 0.015625 0.021484375
0 0.5283203125 0.5712890625 0.017578125 0.025390625
0 0.3642578125 0.580078125 0.013671875 0.0234375
0 0.5078125 0.5791015625 0.015625 0.025390625
0 0.400390625 0.5830078125 0.015625 0.025390625
0 0.486328125 0.5966796875 0.01953125 0.048828125
0 0.7060546875 0.60546875 0.048828125 0.0703125
0 0.744140625 0.6015625 0.0078125 0.05859375
0 0.2685546875 0.5859375 0.017578125 0.0234375
0 0.46484375 0.5849609375 0.015625 0.021484375
0 0.4345703125 0.5908203125 0.037109375 0.025390625
0 0.345703125 0.595703125 0.015625 0.0234375
0 0.3818359375 0.595703125 0.017578125 0.01953125
0 0.2890625 0.5986328125 0.015625 0.021484375
0 0.521484375 0.603515625 0.015625 0.01953125
0 0.498046875 0.607421875 0.01171875 0.0234375
0 0.3291015625 0.611328125 0.017578125 0.0234375
0 0.36328125 0.6103515625 0.015625 0.025390625
0 0.45703125 0.611328125 0.015625 0.0234375
0 0.2685546875 0.6162109375 0.017578125 0.021484375
0 0.4150390625 0.6171875 0.013671875 0.01953125
0 0.435546875 0.615234375 0.015625 0.01953125
0 0.3955078125 0.6201171875 0.017578125 0.025390625
0 0.3095703125 0.623046875 0.013671875 0.0234375
0 0.3466796875 0.6240234375 0.013671875 0.021484375
0 0.65625 0.6513671875 0.05078125 0.068359375
0 0.53125 0.626953125 0.015625 0.01953125
0 0.2880859375 0.62890625 0.017578125 0.01953125
0 0.5087890625 0.630859375 0.013671875 0.0234375
0 0.4892578125 0.6337890625 0.013671875 0.021484375
0 0.447265625 0.638671875 0.015625 0.01953125
0 0.46484375 0.6474609375 0.0234375 0.044921875
0 0.3291015625 0.640625 0.017578125 0.0234375
0 0.2705078125 0.6435546875 0.017578125 0.021484375
0 0.42578125 0.642578125 0.015625 0.01953125
0 0.3623046875 0.6455078125 0.017578125 0.025390625
0 0.3818359375 0.65625 0.025390625 0.046875
0 0.4072265625 0.642578125 0.013671875 0.01953125
0 0.2998046875 0.6552734375 0.037109375 0.029296875
0 0.5 0.658203125 0.015625 0.0234375
0 0.51953125 0.654296875 0.015625 0.01953125
0 0.4814453125 0.658203125 0.013671875 0.01953125
0 0.439453125 0.6630859375 0.015625 0.021484375
0 0.3486328125 0.6650390625 0.017578125 0.025390625
0 0.70703125 0.6884765625 0.05078125 0.068359375
0 0.396484375 0.66796875 0.01171875 0.01953125
0 0.4169921875 0.6669921875 0.017578125 0.021484375
0 0.744140625 0.6865234375 0.0078125 0.060546875
0 0.328125 0.6728515625 0.015625 0.025390625
0 0.26953125 0.6767578125 0.015625 0.025390625
0 0.51953125 0.6767578125 0.03515625 0.025390625
0 0.48046875 0.68359375 0.03515625 0.0234375
0 0.451171875 0.6865234375 0.015625 0.021484375
0 0.2890625 0.6904296875 0.015625 0.025390625
0 0.310546875 0.6884765625 0.015625 0.025390625
0 0.431640625 0.689453125 0.015625 0.01953125
0 0.3359375 0.70703125 0.02734375 0.046875
0 0.3681640625 0.6953125 0.013671875 0.01953125
0 0.3876953125 0.6953125 0.013671875 0.0234375
0 0.408203125 0.6943359375 0.015625 0.021484375
0 0.521484375 0.7060546875 0.01171875 0.021484375
0 0.26953125 0.7060546875 0.015625 0.021484375
0 0.474609375 0.7216796875 0.01953125 0.052734375
0 0.5029296875 0.7080078125 0.017578125 0.025390625
0 0.6591796875 0.7236328125 0.048828125 0.044921875
0 0.4365234375 0.724609375 0.025390625 0.046875
0 0.4599609375 0.7216796875 0.021484375 0.044921875
0 0.421875 0.7138671875 0.015625 0.021484375
0 0.3515625 0.7177734375 0.015625 0.021484375
0 0.3095703125 0.716796875 0.017578125 0.0234375
0 0.2880859375 0.71875 0.017578125 0.0234375
0 0.3984375 0.720703125 0.015625 0.0234375
0 0.3779296875 0.720703125 0.017578125 0.0234375
0 0.4931640625 0.7333984375 0.013671875 0.025390625
0 0.513671875 0.7294921875 0.015625 0.021484375
0 0.26953125 0.736328125 0.015625 0.0234375
0 0.4130859375 0.73828125 0.013671875 0.01953125
0 0.3203125 0.7392578125 0.01953125 0.017578125
0 0.361328125 0.740234375 0.015625 0.015625
0 0.3408203125 0.740234375 0.013671875 0.015625
0 0.3896484375 0.740234375 0.013671875 0.015625
0 0.712890625 0.740234375 0.03515625 0.015625
0 0.2900390625 0.7412109375 0.017578125 0.013671875
