1 0.658203125 0.408203125 0.015625 0.0234375
1 0.677734375 0.4140625 0.015625 0.0234375
1 0.630859375 0.431640625 0.015625 0.02734375
1 0.5810546875 0.43359375 0.017578125 0.0234375
1 0.60546875 0.4345703125 0.015625 0.025390625
1 0.6708984375 0.4482421875 0.017578125 0.025390625
1 0.6474609375 0.451171875 0.017578125 0.02734375
1 0.5205078125 0.4541015625 0.017578125 0.025390625
1 0.3447265625 0.4560546875 0.013671875 0.025390625
1 0.724609375 0.458984375 0.015625 0.02734375
1 0.5537109375 0.4638671875 0.017578125 0.029296875
1 0.4208984375 0.46875 0.021484375 0.02734375
1 0.576171875 0.46484375 0.015625 0.02734375
1 0.322265625 0.48046875 0.02734375 0.05078125
1 0.3974609375 0.4716796875 0.013671875 0.025390625
1 0.6064453125 0.48046875 0.037109375 0.03515625
1 0.66015625 0.4833984375 0.015625 0.029296875
1 0.5 0.4853515625 0.015625 0.025390625
1 0.63671875 0.4853515625 0.015625 0.025390625
1 0.2861328125 0.48828125 0.017578125 0.0234375
1 0.4423828125 0.494140625 0.021484375 0.02734375
1 0.521484375 0.490234375 0.015625 0.0234375
1 0.4775390625 0.4990234375 0.017578125 0.025390625
1 0.54296875 0.4990234375 0.015625 0.025390625
1 0.3798828125 0.5029296875 0.013671875 0.021484375
1 0.3544921875 0.5087890625 0.017578125 0.025390625
1 0.5732421875 0.5107421875 0.037109375 0.029296875
1 0.423828125 0.5146484375 0.01953125 0.025390625
1 0.4580078125 0.5205078125 0.017578125 0.029296875
1 0.662109375 0.515625 0.015625 0.0234375
1 0.2958984375 0.517578125 0.017578125 0.0234375
1 0.60546875 0.517578125 0.015625 0.0234375
1 0.6396484375 0.517578125 0.017578125 0.0234375
1 0.2744140625 0.5244140625 0.017578125 0.029296875
1 0.3251953125 0.5224609375 0.017578125 0.025390625
1 0.5126953125 0.5185546875 0.017578125 0.013671875
1 0.400390625 0.5302734375 0.01953125 0.025390625
1 0.4912109375 0.529296875 0.017578125 0.02734375
1 0.537109375 0.53125 0.015625 0.0234375
1 0.439453125 0.5390625 0.01953125 0.02734375
1 0.375 0.53515625 0.015625 0.0234375
1 0.5576171875 0.5390625 0.017578125 0.02734375
1 0.46875 0.544921875 0.01953125 0.03515625
1 0.2568359375 0.546875 0.013671875 0.03125
1 0.3505859375 0.5439453125 0.021484375 0.025390625
1 0.525390625 0.5546875 0.0390625 0.046875
1 0.5791015625 0.54296875 0.013671875 0.0234375
1 0.603515625 0.5498046875 0.015625 0.025390625
1 0.6259765625 0.552734375 0.013671875 0.02734375
1 0.6484375 0.55078125 0.015625 0.0234375
1 0.6748046875 0.55078125 0.017578125 0.0234375
1 0.494140625 0.5673828125 0.015625 0.017578125
1 0.5576171875 0.572265625 0.017578125 0.0234375
1 0.5791015625 0.57421875 0.013671875 0.01953125
1 0.65234375 0.583984375 0.015625 0.0234375
1 0.609375 0.5849609375 0.015625 0.021484375
1 0.6298828125 0.5859375 0.013671875 0.0234375
