0 0.53515625 0.2568359375 0.03125 0.013671875
0 0.60546875 0.2587890625 0.03515625 0.017578125
0 0.6435546875 0.2529296875 0.029296875 0.005859375
0 0.7041015625 0.267578125 0.037109375 0.03515625
0 0.669921875 0.26953125 0.03125 0.0234375
0 0.7373046875 0.267578125 0.017578125 0.015625
0 0.494140625 0.2724609375 0.03125 0.021484375
0 0.4013671875 0.28125 0.017578125 0.01953125
0 0.5634765625 0.2822265625 0.029296875 0.021484375
0 0.51953125 0.2841796875 0.02734375 0.021484375
0 0.6337890625 0.2880859375 0.029296875 0.021484375
0 0.740234375 0.2880859375 0.015625 0.021484375
0 0.7001953125 0.326171875 0.037109375 0.0234375
0 0.587890625 0.328125 0.03125 0.01953125
0 0.7412109375 0.3408203125 0.009765625 0.021484375
0 0.6513671875 0.3427734375 0.029296875 0.021484375
0 0.5146484375 0.3505859375 0.029296875 0.021484375
0 0.271484375 0.3564453125 0.02734375 0.021484375
0 0.5576171875 0.357421875 0.025390625 0.01171875
0 0.47265625 0.3662109375 0.03125 0.021484375
0 0.6044921875 0.369140625 0.025390625 0.0234375
0 0.255859375 0.369140625 0.0078125 0.015625
0 0.64453125 0.3701171875 0.03125 0.021484375
0 0.5673828125 0.373046875 0.033203125 0.0234375
0 0.5263671875 0.380859375 0.029296875 0.015625
0 0.693359375 0.3837890625 0.02734375 0.021484375
0 0.41796875 0.38671875 0.02734375 0.0234375
0 0.6611328125 0.3955078125 0.025390625 0.021484375
0 0.732421875 0.3935546875 0.02734375 0.017578125
0 0.4462890625 0.4013671875 0.029296875 0.021484375
0 0.52734375 0.4033203125 0.03515625 0.025390625
0 0.6240234375 0.40234375 0.033203125 0.0234375
0 0.57421875 0.4013671875 0.01953125 0.013671875
0 0.4873046875 0.4052734375 0.029296875 0.021484375
0 0.701171875 0.412109375 0.03125 0.0234375
0 0.740234375 0.4150390625 0.015625 0.025390625
0 0.5888671875 0.4150390625 0.033203125 0.025390625
0 0.6318359375 0.4296875 0.037109375 0.02734375
0 0.443359375 0.4287109375 0.03125 0.021484375
0 0.544921875 0.4326171875 0.03515625 0.025390625
0 0.6728515625 0.4326171875 0.025390625 0.021484375
0 0.71484375 0.4384765625 0.03515625 0.025390625
0 0.310546875 0.4443359375 0.02734375 0.021484375
0 0.4580078125 0.455078125 0.033203125 0.02734375
0 0.744140625 0.4541015625 0.0078125 0.017578125
0 0.603515625 0.45703125 0.03125 0.01953125
0 0.5078125 0.458984375 0.03125 0.01953125
0 0.6796875 0.4619140625 0.03515625 0.025390625
0 0.404296875 0.4619140625 0.02734375 0.017578125
0 0.283203125 0.466796875 0.0234375 0.01953125
0 0.3623046875 0.46875 0.029296875 0.0234375
0 0.3291015625 0.4658203125 0.013671875 0.013671875
0 0.55859375 0.4736328125 0.03515625 0.025390625
0 0.3037109375 0.4765625 0.037109375 0.02734375
0 0.4794921875 0.478515625 0.025390625 0.0234375
0 0.5185546875 0.4814453125 0.033203125 0.025390625
0 0.4111328125 0.482421875 0.029296875 0.0234375
0 0.6044921875 0.4853515625 0.037109375 0.029296875
0 0.708984375 0.48828125 0.03515625 0.02734375
0 0.6484375 0.4921875 0.03515625 0.02734375
0 0.4501953125 0.4931640625 0.037109375 0.025390625
0 0.5400390625 0.5087890625 0.037109375 0.029296875
0 0.7431640625 0.5048828125 0.009765625 0.017578125
0 0.498046875 0.509765625 0.0234375 0.01953125
0 0.388671875 0.517578125 0.03125 0.0234375
0 0.66015625 0.5205078125 0.03515625 0.025390625
0 0.43359375 0.525390625 0.03515625 0.02734375
0 0.3583984375 0.529296875 0.017578125 0.01953125
0 0.7314453125 0.5322265625 0.029296875 0.025390625
0 0.4951171875 0.5419921875 0.033203125 0.029296875
0 0.6376953125 0.5419921875 0.037109375 0.029296875
0 0.53515625 0.5498046875 0.03515625 0.029296875
0 0.5908203125 0.552734375 0.033203125 0.01953125
0 0.6826171875 0.5576171875 0.041015625 0.029296875
0 0.7158203125 0.5595703125 0.017578125 0.025390625
0 0.7451171875 0.560546875 0.005859375 0.01953125
0 0.5576171875 0.5712890625 0.041015625 0.025390625
0 0.44921875 0.58203125 0.03515625 0.03125
0 0.6044921875 0.5810546875 0.033203125 0.029296875
0 0.259765625 0.5830078125 0.01953125 0.017578125
0 0.7333984375 0.5908203125 0.029296875 0.029296875
0 0.5068359375 0.59765625 0.037109375 0.03125
0 0.552734375 0.599609375 0.0390625 0.03125
0 0.70703125 0.6064453125 0.04296875 0.029296875
0 0.2666015625 0.6083984375 0.029296875 0.029296875
0 0.650390625 0.609375 0.0390625 0.03125
0 0.412109375 0.6142578125 0.03125 0.025390625
0 0.361328125 0.6171875 0.03125 0.02734375
0 0.4599609375 0.6220703125 0.037109375 0.033203125
0 0.744140625 0.630859375 0.0078125 0.0234375
0 0.3974609375 0.64453125 0.033203125 0.02734375
0 0.4912109375 0.6533203125 0.041015625 0.033203125
0 0.5986328125 0.673828125 0.044921875 0.03515625
0 0.361328125 0.671875 0.03515625 0.02734375
0 0.5458984375 0.6826171875 0.041015625 0.037109375
0 0.662109375 0.6826171875 0.0390625 0.029296875
0 0.7119140625 0.69140625 0.041015625 0.03125
0 0.2998046875 0.6982421875 0.033203125 0.029296875
0 0.36328125 0.7080078125 0.03515625 0.029296875
0 0.3212890625 0.7294921875 0.037109375 0.029296875
0 0.6572265625 0.736328125 0.041015625 0.0234375
0 0.7177734375 0.7373046875 0.041015625 0.021484375
