1 0.5625 0.3798828125 0.04296875 0.068359375
1 0.498046875 0.3896484375 0.046875 0.064453125
1 0.5927734375 0.41796875 0.037109375 0.06640625
1 0.7197265625 0.3955078125 0.033203125 0.029296875
1 0.744140625 0.3974609375 0.0078125 0.021484375
1 0.53125 0.4287109375 0.04296875 0.072265625
1 0.474609375 0.451171875 0.046875 0.07421875
1 0.734375 0.4423828125 0.02734375 0.048828125
1 0.4287109375 0.4521484375 0.037109375 0.060546875
1 0.6201171875 0.4609375 0.041015625 0.06640625
1 0.693359375 0.44921875 0.03125 0.05078125
1 0.5712890625 0.466796875 0.041015625 0.06640625
1 0.513671875 0.486328125 0.04296875 0.0625
1 0.4091796875 0.5029296875 0.048828125 0.064453125
1 0.7275390625 0.4970703125 0.029296875 0.048828125
1 0.4599609375 0.51171875 0.041015625 0.0625
1 0.6474609375 0.51171875 0.029296875 0.0546875
1 0.5458984375 0.5185546875 0.041015625 0.064453125
1 0.59765625 0.5205078125 0.04296875 0.056640625
1 0.68359375 0.5126953125 0.03125 0.052734375
1 0.4951171875 0.541015625 0.044921875 0.06640625
1 0.37890625 0.548828125 0.046875 0.0703125
1 0.2861328125 0.55859375 0.048828125 0.0703125
1 0.43359375 0.556640625 0.046875 0.06640625
1 0.7421875 0.5478515625 0.01171875 0.044921875
1 0.716796875 0.55078125 0.03125 0.046875
1 0.3349609375 0.572265625 0.044921875 0.06640625
1 0.64453125 0.5703125 0.03125 0.05078125
1 0.6796875 0.5703125 0.03125 0.05078125
1 0.6064453125 0.578125 0.033203125 0.05078125
1 0.5654296875 0.5810546875 0.033203125 0.052734375
1 0.5283203125 0.587890625 0.033203125 0.05078125
1 0.4677734375 0.5966796875 0.044921875 0.064453125
1 0.4111328125 0.6181640625 0.048828125 0.060546875
1 0.2763671875 0.603515625 0.041015625 0.02734375
1 0.3623046875 0.6328125 0.037109375 0.05078125
1 0.267578125 0.650390625 0.03515625 0.05859375
1 0.3193359375 0.65234375 0.041015625 0.0625
1 0.7060546875 0.658203125 0.064453125 0.05078125
1 0.7470703125 0.65234375 0.001953125 0.03515625
1 0.63671875 0.666015625 0.0703125 0.0546875
1 0.5791015625 0.6806640625 0.033203125 0.048828125
1 0.5400390625 0.6865234375 0.033203125 0.048828125
1 0.400390625 0.69140625 0.0390625 0.0546875
1 0.5 0.6953125 0.03125 0.05078125
1 0.2744140625 0.705078125 0.041015625 0.0546875
1 0.4599609375 0.69921875 0.033203125 0.05078125
1 0.33203125 0.703125 0.0390625 0.05078125
1 0.7275390625 0.70703125 0.041015625 0.046875
1 0.6884765625 0.7138671875 0.029296875 0.041015625
1 0.650390625 0.7177734375 0.03125 0.044921875
1 0.61328125 0.7236328125 0.03125 0.037109375
1 0.5751953125 0.7294921875 0.029296875 0.037109375
1 0.5380859375 0.732421875 0.033203125 0.03125
1 0.498046875 0.7353515625 0.03125 0.021484375
1 0.458984375 0.73828125 0.03125 0.01953125
1 0.720703125 0.7421875 0.03125 0.01171875
1 0.673828125 0.744140625 0.05078125 0.0078125
1 0.6328125 0.7421875 0.0 0.0
1 0.625 0.7470703125 0.0078125 0.001953125
