0 0.41796875 0.2548828125 0.01171875 0.009765625
0 0.5537109375 0.2587890625 0.021484375 0.017578125
0 0.6650390625 0.2607421875 0.013671875 0.013671875
0 0.4775390625 0.2646484375 0.001953125 0.005859375
0 0.513671875 0.2685546875 0.00390625 0.005859375
0 0.73046875 0.2724609375 0.00390625 0.005859375
0 0.2568359375 0.2763671875 0.005859375 0.009765625
0 0.298828125 0.2841796875 0.01953125 0.021484375
0 0.6865234375 0.2822265625 0.005859375 0.009765625
0 0.5830078125 0.2861328125 0.009765625 0.005859375
0 0.6767578125 0.291015625 0.009765625 0.01171875
0 0.51171875 0.30078125 0.0078125 0.0078125
0 0.6220703125 0.3134765625 0.013671875 0.013671875
0 0.6923828125 0.31640625 0.005859375 0.00390625
0 0.42578125 0.3212890625 0.01171875 0.013671875
0 0.2822265625 0.328125 0.021484375 0.01953125
0 0.265625 0.3388671875 0.00390625 0.009765625
0 0.408203125 0.3466796875 0.01171875 0.009765625
0 0.28125 0.361328125 0.0234375 0.01953125
0 0.7314453125 0.3583984375 0.009765625 0.013671875
0 0.3173828125 0.369140625 0.021484375 0.01953125
0 0.7060546875 0.3798828125 0.013671875 0.013671875
0 0.251953125 0.388671875 0.00390625 0.0078125
0 0.421875 0.3984375 0.0078125 0.01171875
0 0.6748046875 0.400390625 0.005859375 0.01171875
0 0.3720703125 0.40625 0.013671875 0.01953125
0 0.7314453125 0.4091796875 0.013671875 0.017578125
0 0.55859375 0.412109375 0.01171875 0.015625
0 0.521484375 0.4111328125 0.00390625 0.009765625
0 0.353515625 0.42578125 0.01953125 0.0234375
0 0.6640625 0.416015625 0.0078125 0.0078125
0 0.271484375 0.4228515625 0.0078125 0.009765625
0 0.4697265625 0.4248046875 0.009765625 0.013671875
0 0.57421875 0.427734375 0.01171875 0.01953125
0 0.673828125 0.4296875 0.0078125 0.0078125
0 0.6494140625 0.4306640625 0.001953125 0.005859375
0 0.6220703125 0.4375 0.009765625 0.015625
0 0.283203125 0.4375 0.0078125 0.01171875
0 0.466796875 0.44921875 0.0078125 0.0078125
0 0.5068359375 0.451171875 0.009765625 0.01171875
0 0.4365234375 0.4599609375 0.009765625 0.009765625
0 0.486328125 0.4580078125 0.00390625 0.005859375
0 0.640625 0.4609375 0.01171875 0.01171875
0 0.3359375 0.470703125 0.015625 0.015625
0 0.5078125 0.4658203125 0.00390625 0.005859375
0 0.2802734375 0.470703125 0.009765625 0.01171875
0 0.4951171875 0.4716796875 0.009765625 0.013671875
0 0.671875 0.4794921875 0.015625 0.017578125
0 0.4560546875 0.4775390625 0.009765625 0.009765625
0 0.5048828125 0.4794921875 0.005859375 0.009765625
0 0.486328125 0.4833984375 0.0078125 0.009765625
0 0.2958984375 0.486328125 0.009765625 0.01171875
0 0.470703125 0.4921875 0.0078125 0.01171875
0 0.6083984375 0.5048828125 0.013671875 0.017578125
0 0.396484375 0.515625 0.0078125 0.01953125
0 0.2978515625 0.515625 0.009765625 0.01171875
0 0.595703125 0.5185546875 0.01171875 0.013671875
0 0.728515625 0.515625 0.0078125 0.01171875
0 0.2783203125 0.5185546875 0.009765625 0.013671875
0 0.2587890625 0.5234375 0.009765625 0.01171875
0 0.5654296875 0.5205078125 0.001953125 0.005859375
0 0.3134765625 0.5302734375 0.009765625 0.013671875
0 0.3271484375 0.5419921875 0.021484375 0.021484375
0 0.5693359375 0.537109375 0.009765625 0.01171875
0 0.431640625 0.541015625 0.0078125 0.015625
0 0.6201171875 0.55859375 0.013671875 0.015625
0 0.5458984375 0.5751953125 0.005859375 0.013671875
0 0.3212890625 0.5888671875 0.017578125 0.021484375
0 0.71875 0.5869140625 0.01171875 0.017578125
0 0.4716796875 0.5908203125 0.005859375 0.009765625
0 0.51171875 0.5947265625 0.015625 0.017578125
0 0.3662109375 0.6123046875 0.013671875 0.021484375
0 0.3173828125 0.6123046875 0.005859375 0.005859375
0 0.3974609375 0.6259765625 0.009765625 0.013671875
0 0.671875 0.630859375 0.0078125 0.015625
0 0.3115234375 0.6298828125 0.009765625 0.009765625
0 0.47265625 0.638671875 0.0078125 0.01171875
0 0.419921875 0.6484375 0.01171875 0.01953125
0 0.564453125 0.646484375 0.0078125 0.01171875
0 0.4609375 0.650390625 0.01171875 0.015625
0 0.4462890625 0.6591796875 0.009765625 0.013671875
0 0.7275390625 0.6728515625 0.005859375 0.009765625
0 0.5439453125 0.6767578125 0.005859375 0.013671875
0 0.583984375 0.716796875 0.01171875 0.01953125
0 0.4638671875 0.7353515625 0.005859375 0.013671875
