0 0.345703125 0.2607421875 0.02734375 0.021484375
0 0.3857421875 0.267578125 0.044921875 0.03515625
0 0.4873046875 0.3017578125 0.056640625 0.087890625
0 0.42578125 0.3095703125 0.05078125 0.083984375
0 0.3408203125 0.306640625 0.029296875 0.0625
0 0.5830078125 0.318359375 0.056640625 0.0859375
0 0.353515625 0.408203125 0.0625 0.15625
0 0.294921875 0.3427734375 0.03125 0.052734375
0 0.326171875 0.3544921875 0.03125 0.029296875
0 0.5078125 0.388671875 0.0625 0.09375
0 0.4521484375 0.388671875 0.044921875 0.078125
0 0.4072265625 0.38671875 0.041015625 0.0703125
0 0.60546875 0.4033203125 0.07421875 0.103515625
0 0.2646484375 0.4013671875 0.025390625 0.056640625
0 0.728515625 0.4345703125 0.0390625 0.087890625
0 0.3828125 0.451171875 0.04296875 0.06640625
0 0.4326171875 0.4580078125 0.044921875 0.068359375
0 0.5556640625 0.4677734375 0.056640625 0.083984375
0 0.291015625 0.484375 0.03515625 0.11328125
0 0.48828125 0.4677734375 0.0546875 0.072265625
0 0.259765625 0.4873046875 0.01953125 0.099609375
0 0.650390625 0.490234375 0.07421875 0.09375
0 0.3671875 0.5107421875 0.03515625 0.060546875
0 0.408203125 0.51953125 0.04296875 0.06640625
0 0.3212890625 0.541015625 0.033203125 0.1015625
0 0.4619140625 0.52734375 0.044921875 0.06640625
0 0.525390625 0.5390625 0.0546875 0.0703125
0 0.5908203125 0.5517578125 0.060546875 0.080078125
0 0.6826171875 0.578125 0.072265625 0.0859375
0 0.357421875 0.5654296875 0.03125 0.052734375
0 0.279296875 0.568359375 0.02734375 0.0546875
0 0.3984375 0.5751953125 0.0390625 0.060546875
0 0.4521484375 0.5791015625 0.033203125 0.052734375
0 0.4951171875 0.6005859375 0.048828125 0.064453125
0 0.5556640625 0.6171875 0.056640625 0.07421875
0 0.6220703125 0.640625 0.068359375 0.0859375
