0 0.65625 0.53515625 0.0390625 0.03515625
0 0.50390625 0.544921875 0.0234375 0.0234375
0 0.3623046875 0.5537109375 0.021484375 0.021484375
0 0.3837890625 0.5546875 0.025390625 0.0234375
0 0.443359375 0.5546875 0.02734375 0.0234375
0 0.26171875 0.560546875 0.01953125 0.01953125
0 0.544921875 0.57421875 0.03515625 0.02734375
0 0.6083984375 0.5810546875 0.033203125 0.029296875
0 0.3134765625 0.5771484375 0.025390625 0.021484375
0 0.2685546875 0.5849609375 0.017578125 0.013671875
0 0.435546875 0.595703125 0.01953125 0.01953125
0 0.26171875 0.59765625 0.0234375 0.015625
0 0.3994140625 0.599609375 0.025390625 0.01953125
0 0.6826171875 0.6044921875 0.037109375 0.029296875
0 0.55859375 0.611328125 0.03125 0.02734375
0 0.5166015625 0.6162109375 0.025390625 0.021484375
0 0.4697265625 0.6181640625 0.025390625 0.021484375
0 0.3583984375 0.6201171875 0.025390625 0.021484375
0 0.326171875 0.6220703125 0.0234375 0.017578125
0 0.625 0.6357421875 0.03515625 0.029296875
0 0.7353515625 0.638671875 0.025390625 0.03125
0 0.4140625 0.6357421875 0.0234375 0.021484375
0 0.2998046875 0.63671875 0.017578125 0.015625
0 0.6787109375 0.638671875 0.017578125 0.01953125
0 0.7099609375 0.638671875 0.021484375 0.01953125
0 0.4873046875 0.6455078125 0.021484375 0.017578125
0 0.376953125 0.646484375 0.01953125 0.01171875
0 0.5224609375 0.6513671875 0.029296875 0.021484375
0 0.5576171875 0.6572265625 0.025390625 0.025390625
0 0.2685546875 0.6552734375 0.017578125 0.013671875
0 0.33203125 0.6591796875 0.0234375 0.021484375
0 0.59375 0.6630859375 0.02734375 0.021484375
0 0.375 0.6669921875 0.015625 0.013671875
0 0.517578125 0.6669921875 0.015625 0.005859375
0 0.2724609375 0.673828125 0.013671875 0.015625
0 0.3359375 0.677734375 0.01953125 0.015625
0 0.455078125 0.6796875 0.0234375 0.01953125
0 0.408203125 0.6875 0.01953125 0.01953125
0 0.314453125 0.6923828125 0.01171875 0.009765625
0 0.7265625 0.7021484375 0.03515625 0.029296875
0 0.5615234375 0.7041015625 0.033203125 0.025390625
0 0.6240234375 0.71484375 0.029296875 0.0234375
0 0.3037109375 0.7158203125 0.013671875 0.013671875
0 0.453125 0.7197265625 0.01953125 0.017578125
0 0.6103515625 0.724609375 0.029296875 0.0234375
0 0.33203125 0.7236328125 0.015625 0.013671875
0 0.3916015625 0.7255859375 0.017578125 0.017578125
0 0.4208984375 0.7294921875 0.017578125 0.017578125
0 0.490234375 0.734375 0.02734375 0.01953125
0 0.5283203125 0.734375 0.025390625 0.01953125
0 0.580078125 0.736328125 0.0234375 0.01953125
0 0.671875 0.7373046875 0.03125 0.021484375
0 0.3359375 0.7392578125 0.015625 0.009765625
0 0.7314453125 0.7431640625 0.021484375 0.009765625
