1 0.326171875 0.2919921875 0.046875 0.033203125
1 0.328125 0.310546875 0.05078125 0.03515625
1 0.4755859375 0.3173828125 0.048828125 0.041015625
1 0.3291015625 0.330078125 0.048828125 0.03125
1 0.4130859375 0.333984375 0.068359375 0.0390625
1 0.34765625 0.34375 0.015625 0.01953125
1 0.4755859375 0.3564453125 0.048828125 0.033203125
1 0.328125 0.3505859375 0.01171875 0.013671875
1 0.3134765625 0.3564453125 0.009765625 0.013671875
1 0.412109375 0.3662109375 0.06640625 0.033203125
1 0.4765625 0.388671875 0.046875 0.03125
1 0.4296875 0.39453125 0.03515625 0.02734375
1 0.345703125 0.390625 0.015625 0.01953125
1 0.32421875 0.3935546875 0.00390625 0.013671875
1 0.3330078125 0.39453125 0.001953125 0.01953125
1 0.3935546875 0.3984375 0.029296875 0.0234375
1 0.2978515625 0.3974609375 0.001953125 0.009765625
1 0.3603515625 0.4130859375 0.005859375 0.017578125
1 0.333984375 0.4169921875 0.01171875 0.013671875
1 0.3486328125 0.416015625 0.005859375 0.015625
1 0.474609375 0.4228515625 0.046875 0.029296875
1 0.4130859375 0.4365234375 0.068359375 0.044921875
1 0.3017578125 0.4169921875 0.001953125 0.005859375
1 0.306640625 0.435546875 0.00390625 0.01171875
1 0.3251953125 0.4365234375 0.009765625 0.013671875
1 0.345703125 0.4384765625 0.00390625 0.017578125
1 0.35546875 0.439453125 0.00390625 0.01953125
1 0.3662109375 0.4365234375 0.005859375 0.013671875
1 0.3359375 0.439453125 0.00390625 0.01171875
1 0.4296875 0.453125 0.03515625 0.0234375
1 0.4765625 0.4560546875 0.046875 0.029296875
1 0.3017578125 0.455078125 0.009765625 0.015625
1 0.3115234375 0.4560546875 0.001953125 0.013671875
1 0.318359375 0.45703125 0.00390625 0.01171875
1 0.3251953125 0.45703125 0.001953125 0.01171875
1 0.3466796875 0.458984375 0.013671875 0.015625
1 0.3662109375 0.462890625 0.017578125 0.01953125
1 0.333984375 0.4599609375 0.00390625 0.009765625
1 0.3974609375 0.474609375 0.025390625 0.0234375
1 0.310546875 0.474609375 0.00390625 0.01171875
1 0.4580078125 0.486328125 0.083984375 0.03125
1 0.3203125 0.478515625 0.00390625 0.01171875
1 0.3408203125 0.482421875 0.021484375 0.015625
1 0.3984375 0.498046875 0.02734375 0.0234375
1 0.4580078125 0.5126953125 0.083984375 0.033203125
1 0.3466796875 0.501953125 0.001953125 0.01171875
1 0.322265625 0.5029296875 0.00390625 0.005859375
1 0.3359375 0.5048828125 0.00390625 0.009765625
1 0.3544921875 0.5068359375 0.005859375 0.013671875
1 0.3720703125 0.5068359375 0.005859375 0.013671875
1 0.3984375 0.5234375 0.02734375 0.0234375
1 0.333984375 0.5234375 0.00390625 0.01171875
1 0.345703125 0.5224609375 0.00390625 0.009765625
1 0.4580078125 0.54296875 0.080078125 0.0390625
1 0.361328125 0.53125 0.00390625 0.015625
1 0.34765625 0.5615234375 0.00390625 0.009765625
1 0.36328125 0.5673828125 0.00390625 0.013671875
1 0.345703125 0.5771484375 0.00390625 0.005859375
1 0.353515625 0.580078125 0.00390625 0.01171875
1 0.3642578125 0.5986328125 0.013671875 0.033203125
1 0.408203125 0.6015625 0.01953125 0.03125
1 0.341796875 0.591796875 0.00390625 0.0078125
1 0.349609375 0.599609375 0.00390625 0.015625
1 0.439453125 0.611328125 0.03125 0.0234375
1 0.376953125 0.611328125 0.00390625 0.01171875
1 0.3974609375 0.6142578125 0.005859375 0.009765625
1 0.34765625 0.6171875 0.00390625 0.01171875
1 0.40625 0.6357421875 0.0078125 0.029296875
1 0.341796875 0.62890625 0.01171875 0.015625
1 0.36328125 0.6279296875 0.00390625 0.005859375
1 0.3955078125 0.6328125 0.005859375 0.015625
1 0.42578125 0.63671875 0.0078125 0.0234375
1 0.373046875 0.630859375 0.00390625 0.0078125
1 0.3818359375 0.6337890625 0.005859375 0.009765625
1 0.4404296875 0.64453125 0.009765625 0.0234375
1 0.4619140625 0.6689453125 0.029296875 0.052734375
1 0.37109375 0.6494140625 0.0078125 0.013671875
1 0.4189453125 0.65625 0.009765625 0.0234375
1 0.404296875 0.6630859375 0.03125 0.029296875
1 0.3798828125 0.6552734375 0.005859375 0.013671875
1 0.359375 0.662109375 0.00390625 0.0078125
1 0.376953125 0.6796875 0.0078125 0.01953125
1 0.3642578125 0.6806640625 0.005859375 0.013671875
1 0.3955078125 0.68359375 0.009765625 0.01953125
1 0.427734375 0.685546875 0.01171875 0.0234375
1 0.443359375 0.693359375 0.01171875 0.01953125
1 0.458984375 0.703125 0.01171875 0.015625
1 0.474609375 0.708984375 0.0078125 0.00390625
