1 0.302734375 0.263671875 0.03125 0.01953125
1 0.345703125 0.28125 0.03125 0.015625
1 0.2978515625 0.2880859375 0.029296875 0.025390625
1 0.37109375 0.30859375 0.03125 0.05078125
1 0.3310546875 0.3203125 0.044921875 0.04296875
1 0.41015625 0.3017578125 0.0234375 0.013671875
1 0.4404296875 0.310546875 0.021484375 0.015625
1 0.40625 0.3466796875 0.03125 0.068359375
1 0.4345703125 0.326171875 0.025390625 0.015625
1 0.4599609375 0.3349609375 0.017578125 0.013671875
1 0.4423828125 0.3525390625 0.029296875 0.029296875
1 0.478515625 0.349609375 0.02734375 0.02734375
1 0.365234375 0.3564453125 0.03125 0.033203125
1 0.3251953125 0.353515625 0.033203125 0.01953125
1 0.51171875 0.3486328125 0.01953125 0.009765625
1 0.54296875 0.3701171875 0.0390625 0.021484375
1 0.5048828125 0.36328125 0.021484375 0.015625
1 0.572265625 0.3681640625 0.015625 0.009765625
1 0.3232421875 0.3720703125 0.033203125 0.017578125
1 0.4833984375 0.3759765625 0.048828125 0.021484375
1 0.5908203125 0.3701171875 0.013671875 0.009765625
1 0.6240234375 0.3701171875 0.041015625 0.009765625
1 0.654296875 0.3740234375 0.01171875 0.005859375
1 0.6689453125 0.3759765625 0.009765625 0.005859375
1 0.6845703125 0.3759765625 0.009765625 0.005859375
1 0.697265625 0.376953125 0.0078125 0.0078125
1 0.7119140625 0.3779296875 0.005859375 0.005859375
1 0.365234375 0.3935546875 0.03515625 0.033203125
1 0.4375 0.3818359375 0.0234375 0.013671875
1 0.724609375 0.37890625 0.0078125 0.0078125
1 0.6064453125 0.380859375 0.009765625 0.00390625
1 0.6220703125 0.3828125 0.013671875 0.00390625
1 0.5234375 0.38671875 0.015625 0.01171875
1 0.5712890625 0.3857421875 0.013671875 0.009765625
1 0.6357421875 0.3828125 0.005859375 0.00390625
1 0.46875 0.3896484375 0.0234375 0.013671875
1 0.654296875 0.3857421875 0.0078125 0.001953125
1 0.6669921875 0.384765625 0.005859375 0.00390625
1 0.322265625 0.39453125 0.03515625 0.015625
1 0.595703125 0.3896484375 0.015625 0.009765625
1 0.6875 0.38671875 0.01953125 0.00390625
1 0.708984375 0.38671875 0.0078125 0.00390625
1 0.4033203125 0.39453125 0.029296875 0.015625
1 0.548828125 0.392578125 0.015625 0.01171875
1 0.4970703125 0.3955078125 0.021484375 0.013671875
1 0.6171875 0.3935546875 0.01171875 0.009765625
1 0.638671875 0.39453125 0.01171875 0.0078125
1 0.6533203125 0.39453125 0.009765625 0.0078125
1 0.67578125 0.3955078125 0.01171875 0.009765625
1 0.435546875 0.400390625 0.02734375 0.015625
1 0.689453125 0.396484375 0.0078125 0.0078125
1 0.5712890625 0.400390625 0.017578125 0.01171875
1 0.70703125 0.3974609375 0.0078125 0.005859375
1 0.7216796875 0.3984375 0.009765625 0.0078125
1 0.7333984375 0.3974609375 0.001953125 0.005859375
1 0.7412109375 0.3974609375 0.001953125 0.005859375
1 0.5263671875 0.4033203125 0.021484375 0.013671875
1 0.591796875 0.4033203125 0.01171875 0.009765625
1 0.4697265625 0.4072265625 0.021484375 0.013671875
1 0.55078125 0.408203125 0.01953125 0.01171875
1 0.6123046875 0.4072265625 0.013671875 0.009765625
1 0.29296875 0.4111328125 0.02734375 0.013671875
1 0.4013671875 0.412109375 0.029296875 0.015625
1 0.630859375 0.408203125 0.01171875 0.0078125
1 0.65234375 0.408203125 0.01171875 0.0078125
1 0.6728515625 0.408203125 0.009765625 0.0078125
1 0.4970703125 0.4130859375 0.021484375 0.013671875
1 0.6875 0.4091796875 0.0078125 0.005859375
1 0.703125 0.41015625 0.0078125 0.0078125
1 0.716796875 0.41015625 0.00390625 0.0078125
1 0.73046875 0.4091796875 0.0078125 0.005859375
1 0.7392578125 0.4091796875 0.005859375 0.005859375
1 0.572265625 0.4150390625 0.015625 0.009765625
1 0.330078125 0.4189453125 0.02734375 0.013671875
1 0.43359375 0.41796875 0.02734375 0.01171875
1 0.5234375 0.41796875 0.01953125 0.01171875
1 0.5908203125 0.4189453125 0.009765625 0.009765625
1 0.6123046875 0.4208984375 0.013671875 0.009765625
1 0.7392578125 0.419921875 0.005859375 0.0078125
1 0.365234375 0.42578125 0.02734375 0.015625
1 0.466796875 0.4248046875 0.01953125 0.013671875
1 0.62890625 0.427734375 0.015625 0.01953125
1 0.6513671875 0.421875 0.013671875 0.0078125
1 0.6689453125 0.421875 0.009765625 0.0078125
1 0.6845703125 0.421875 0.009765625 0.0078125
1 0.697265625 0.4208984375 0.0078125 0.005859375
1 0.7099609375 0.421875 0.005859375 0.0078125
1 0.72265625 0.4208984375 0.0078125 0.005859375
1 0.546875 0.4248046875 0.015625 0.009765625
1 0.29296875 0.4287109375 0.02734375 0.013671875
1 0.4951171875 0.4296875 0.021484375 0.01171875
1 0.396484375 0.4306640625 0.0234375 0.009765625
1 0.564453125 0.4306640625 0.01171875 0.009765625
1 0.72265625 0.431640625 0.0078125 0.0078125
1 0.736328125 0.4306640625 0.00390625 0.005859375
1 0.74609375 0.4306640625 0.00390625 0.005859375
1 0.4287109375 0.435546875 0.021484375 0.01171875
1 0.5302734375 0.4365234375 0.041015625 0.013671875
1 0.6103515625 0.43359375 0.013671875 0.0078125
1 0.6455078125 0.43359375 0.013671875 0.0078125
1 0.6806640625 0.43359375 0.009765625 0.0078125
1 0.697265625 0.43359375 0.0078125 0.0078125
1 0.7099609375 0.4326171875 0.005859375 0.005859375
1 0.330078125 0.4375 0.02734375 0.01171875
1 0.662109375 0.4345703125 0.01171875 0.005859375
1 0.453125 0.4404296875 0.01953125 0.009765625
1 0.3662109375 0.4423828125 0.025390625 0.009765625
1 0.4775390625 0.4443359375 0.017578125 0.009765625
1 0.564453125 0.453125 0.02734375 0.02734375
1 0.5810546875 0.4453125 0.013671875 0.01171875
1 0.7236328125 0.4423828125 0.009765625 0.005859375
1 0.7373046875 0.4423828125 0.005859375 0.005859375
1 0.296875 0.4560546875 0.03125 0.029296875
1 0.3974609375 0.4462890625 0.021484375 0.009765625
1 0.64453125 0.4453125 0.01171875 0.0078125
1 0.66015625 0.4453125 0.01171875 0.0078125
1 0.677734375 0.4443359375 0.01171875 0.005859375
1 0.6943359375 0.4443359375 0.009765625 0.005859375
1 0.7099609375 0.4443359375 0.009765625 0.005859375
1 0.4990234375 0.447265625 0.013671875 0.0078125
1 0.6025390625 0.447265625 0.013671875 0.0078125
1 0.623046875 0.447265625 0.015625 0.0078125
1 0.3310546875 0.451171875 0.029296875 0.01171875
1 0.42578125 0.4716796875 0.01953125 0.052734375
1 0.517578125 0.451171875 0.01171875 0.0078125
1 0.451171875 0.4541015625 0.0234375 0.009765625
1 0.5380859375 0.453125 0.013671875 0.0078125
1 0.3681640625 0.45703125 0.025390625 0.01171875
1 0.4873046875 0.458984375 0.037109375 0.01171875
1 0.5927734375 0.466796875 0.013671875 0.0234375
1 0.6005859375 0.47265625 0.029296875 0.03515625
1 0.6953125 0.4736328125 0.015625 0.033203125
1 0.7119140625 0.4736328125 0.009765625 0.029296875
1 0.3984375 0.4619140625 0.0234375 0.009765625
1 0.6259765625 0.47265625 0.013671875 0.02734375
1 0.6435546875 0.4609375 0.009765625 0.0078125
1 0.654296875 0.4736328125 0.0078125 0.033203125
1 0.669921875 0.4755859375 0.01171875 0.033203125
1 0.5185546875 0.46875 0.017578125 0.01953125
1 0.3359375 0.4765625 0.02734375 0.03125
1 0.5380859375 0.46875 0.013671875 0.015625
1 0.4501953125 0.4814453125 0.017578125 0.037109375
1 0.474609375 0.4765625 0.015625 0.0234375
1 0.6875 0.4677734375 0.0078125 0.005859375
1 0.3671875 0.4814453125 0.0234375 0.029296875
1 0.49609375 0.4794921875 0.015625 0.021484375
1 0.6435546875 0.4716796875 0.009765625 0.005859375
1 0.3984375 0.484375 0.0234375 0.02734375
1 0.5546875 0.48828125 0.01171875 0.03125
1 0.5732421875 0.4765625 0.013671875 0.0078125
1 0.2978515625 0.48046875 0.029296875 0.01171875
1 0.685546875 0.4775390625 0.0078125 0.005859375
1 0.638671875 0.486328125 0.0078125 0.015625
1 0.515625 0.494140625 0.015625 0.01953125
1 0.53515625 0.4951171875 0.01171875 0.021484375
1 0.57421875 0.494140625 0.01171875 0.01953125
1 0.681640625 0.4873046875 0.0078125 0.005859375
1 0.6240234375 0.4931640625 0.009765625 0.005859375
1 0.47265625 0.4970703125 0.015625 0.009765625
1 0.6083984375 0.4951171875 0.009765625 0.005859375
1 0.4951171875 0.4990234375 0.013671875 0.009765625
1 0.5908203125 0.4970703125 0.009765625 0.005859375
1 0.51953125 0.5732421875 0.00390625 0.005859375
1 0.4921875 0.576171875 0.0078125 0.0078125
1 0.4130859375 0.580078125 0.009765625 0.0078125
1 0.400390625 0.5849609375 0.0078125 0.005859375
1 0.4326171875 0.5859375 0.005859375 0.0078125
1 0.466796875 0.5849609375 0.00390625 0.005859375
1 0.4521484375 0.5859375 0.005859375 0.00390625
1 0.48828125 0.5859375 0.00390625 0.00390625
1 0.474609375 0.5888671875 0.00390625 0.005859375
1 0.361328125 0.5908203125 0.01171875 0.005859375
1 0.4228515625 0.58984375 0.005859375 0.00390625
1 0.408203125 0.5927734375 0.0078125 0.005859375
1 0.37890625 0.59765625 0.01171875 0.0078125
1 0.3935546875 0.5986328125 0.009765625 0.005859375
1 0.4287109375 0.5986328125 0.005859375 0.005859375
1 0.455078125 0.603515625 0.0078125 0.0078125
1 0.3427734375 0.607421875 0.005859375 0.0078125
1 0.443359375 0.60546875 0.00390625 0.00390625
1 0.365234375 0.609375 0.0078125 0.0078125
1 0.3759765625 0.6083984375 0.005859375 0.005859375
1 0.3251953125 0.611328125 0.009765625 0.0078125
1 0.314453125 0.6201171875 0.01171875 0.009765625
1 0.3876953125 0.6220703125 0.009765625 0.005859375
1 0.4482421875 0.62109375 0.005859375 0.00390625
1 0.365234375 0.625 0.0078125 0.0078125
1 0.41015625 0.623046875 0.0078125 0.00390625
1 0.419921875 0.623046875 0.00390625 0.00390625
1 0.32421875 0.6298828125 0.01171875 0.009765625
1 0.3466796875 0.6298828125 0.009765625 0.009765625
1 0.3984375 0.62890625 0.0078125 0.0078125
1 0.4267578125 0.630859375 0.001953125 0.00390625
1 0.4521484375 0.6318359375 0.005859375 0.005859375
1 0.306640625 0.6357421875 0.01171875 0.009765625
1 0.384765625 0.6376953125 0.015625 0.013671875
1 0.3583984375 0.6435546875 0.009765625 0.017578125
1 0.4130859375 0.6396484375 0.005859375 0.005859375
1 0.44140625 0.6396484375 0.00390625 0.005859375
1 0.3447265625 0.6435546875 0.009765625 0.009765625
1 0.4267578125 0.6416015625 0.009765625 0.005859375
1 0.318359375 0.6455078125 0.01171875 0.009765625
1 0.296875 0.650390625 0.01953125 0.01171875
1 0.375 0.6484375 0.0078125 0.0078125
1 0.4013671875 0.646484375 0.005859375 0.00390625
1 0.31640625 0.6591796875 0.03125 0.025390625
1 0.4326171875 0.6494140625 0.005859375 0.005859375
1 0.474609375 0.65234375 0.00390625 0.0078125
1 0.4228515625 0.6533203125 0.005859375 0.005859375
1 0.337890625 0.6552734375 0.0078125 0.005859375
1 0.4072265625 0.6640625 0.017578125 0.0234375
1 0.3603515625 0.6572265625 0.005859375 0.005859375
1 0.3935546875 0.6572265625 0.005859375 0.005859375
1 0.451171875 0.65625 0.00390625 0.00390625
1 0.55859375 0.65625 0.00390625 0.00390625
1 0.4375 0.658203125 0.00390625 0.00390625
1 0.3779296875 0.6640625 0.013671875 0.01171875
1 0.4560546875 0.6630859375 0.005859375 0.005859375
1 0.349609375 0.6640625 0.0078125 0.00390625
1 0.486328125 0.6650390625 0.00390625 0.001953125
1 0.28515625 0.66796875 0.01171875 0.0078125
1 0.3330078125 0.673828125 0.013671875 0.01953125
1 0.3603515625 0.6669921875 0.005859375 0.005859375
1 0.5068359375 0.6708984375 0.001953125 0.005859375
1 0.3173828125 0.673828125 0.009765625 0.0078125
1 0.4267578125 0.6728515625 0.001953125 0.005859375
1 0.451171875 0.671875 0.00390625 0.00390625
1 0.3447265625 0.67578125 0.005859375 0.0078125
1 0.3701171875 0.67578125 0.009765625 0.0078125
1 0.390625 0.6748046875 0.0078125 0.005859375
1 0.4765625 0.6767578125 0.00390625 0.005859375
1 0.28125 0.681640625 0.01171875 0.01171875
1 0.3544921875 0.6796875 0.009765625 0.0078125
1 0.4658203125 0.6787109375 0.005859375 0.005859375
1 0.453125 0.6806640625 0.00390625 0.005859375
1 0.4189453125 0.68359375 0.005859375 0.00390625
1 0.3017578125 0.685546875 0.009765625 0.0078125
1 0.3369140625 0.6845703125 0.005859375 0.005859375
1 0.380859375 0.68359375 0.00390625 0.00390625
1 0.39453125 0.6845703125 0.00390625 0.005859375
1 0.4443359375 0.6845703125 0.005859375 0.005859375
1 0.314453125 0.6865234375 0.00390625 0.005859375
1 0.4306640625 0.6875 0.005859375 0.0078125
1 0.32421875 0.6904296875 0.00390625 0.005859375
1 0.30078125 0.697265625 0.01953125 0.01171875
1 0.4013671875 0.6923828125 0.009765625 0.005859375
1 0.275390625 0.6962890625 0.015625 0.009765625
1 0.3486328125 0.6943359375 0.005859375 0.005859375
1 0.4111328125 0.6982421875 0.009765625 0.009765625
1 0.3310546875 0.7001953125 0.009765625 0.005859375
1 0.2841796875 0.705078125 0.009765625 0.0078125
1 0.314453125 0.7041015625 0.01171875 0.005859375
1 0.3427734375 0.7041015625 0.009765625 0.005859375
1 0.365234375 0.705078125 0.0078125 0.00390625
1 0.376953125 0.70703125 0.01171875 0.0078125
1 0.3955078125 0.7060546875 0.009765625 0.005859375
1 0.2958984375 0.7099609375 0.009765625 0.005859375
1 0.3505859375 0.7109375 0.009765625 0.0078125
1 0.3349609375 0.71484375 0.009765625 0.0078125
1 0.279296875 0.7177734375 0.01171875 0.009765625
1 0.306640625 0.716796875 0.01171875 0.0078125
1 0.2890625 0.7236328125 0.01171875 0.005859375
1 0.3154296875 0.7236328125 0.009765625 0.005859375
1 0.296875 0.73046875 0.0078125 0.00390625
1 0.2783203125 0.734375 0.009765625 0.0078125
