0 0.6962890625 0.3603515625 0.056640625 0.080078125
0 0.7421875 0.3740234375 0.01171875 0.052734375
0 0.619140625 0.4306640625 0.0546875 0.064453125
0 0.72265625 0.4453125 0.05078125 0.06640625
0 0.50390625 0.494140625 0.0625 0.06640625
0 0.580078125 0.505859375 0.0546875 0.0625
0 0.6494140625 0.5029296875 0.052734375 0.060546875
0 0.4228515625 0.521484375 0.091796875 0.08203125
0 0.4521484375 0.5634765625 0.060546875 0.056640625
0 0.6767578125 0.564453125 0.033203125 0.04296875
0 0.732421875 0.5634765625 0.03125 0.041015625
0 0.3623046875 0.5830078125 0.083984375 0.072265625
0 0.54296875 0.5810546875 0.05859375 0.060546875
0 0.625 0.5830078125 0.0546875 0.056640625
0 0.2744140625 0.5947265625 0.048828125 0.076171875
0 0.48046875 0.6240234375 0.05078125 0.052734375
0 0.404296875 0.630859375 0.0703125 0.05859375
0 0.302734375 0.6572265625 0.08984375 0.056640625
0 0.642578125 0.6611328125 0.03125 0.033203125
0 0.5166015625 0.6640625 0.037109375 0.03125
0 0.587890625 0.6669921875 0.03515625 0.025390625
