1 0.5732421875 0.2626953125 0.037109375 0.025390625
1 0.6181640625 0.2646484375 0.033203125 0.029296875
1 0.662109375 0.2685546875 0.03125 0.037109375
1 0.7216796875 0.275390625 0.052734375 0.05078125
1 0.5771484375 0.30859375 0.041015625 0.07421875
1 0.619140625 0.3173828125 0.03515625 0.072265625
1 0.6572265625 0.3251953125 0.033203125 0.068359375
1 0.7060546875 0.330078125 0.033203125 0.0625
1 0.73828125 0.3349609375 0.01953125 0.064453125
1 0.572265625 0.4013671875 0.0390625 0.072265625
1 0.61328125 0.44140625 0.03515625 0.13671875
1 0.662109375 0.4130859375 0.05078125 0.068359375
1 0.70703125 0.4267578125 0.02734375 0.060546875
1 0.736328125 0.431640625 0.0234375 0.0546875
1 0.5712890625 0.4765625 0.041015625 0.06640625
1 0.65234375 0.48046875 0.03125 0.0625
1 0.6806640625 0.4892578125 0.017578125 0.056640625
1 0.7080078125 0.4892578125 0.029296875 0.056640625
1 0.73828125 0.4921875 0.01953125 0.0546875
1 0.5703125 0.546875 0.04296875 0.0625
1 0.61328125 0.546875 0.03515625 0.0625
1 0.6630859375 0.548828125 0.056640625 0.0625
1 0.7099609375 0.55078125 0.025390625 0.0546875
1 0.7373046875 0.5517578125 0.021484375 0.052734375
1 0.7158203125 0.6259765625 0.025390625 0.056640625
1 0.740234375 0.6240234375 0.015625 0.052734375
1 0.57421875 0.630859375 0.0390625 0.0625
1 0.6669921875 0.62890625 0.064453125 0.05859375
1 0.6123046875 0.6318359375 0.029296875 0.060546875
1 0.7236328125 0.6845703125 0.048828125 0.048828125
1 0.6630859375 0.6884765625 0.064453125 0.056640625
1 0.607421875 0.6962890625 0.03125 0.056640625
1 0.56640625 0.7001953125 0.03515625 0.060546875
1 0.7373046875 0.73046875 0.021484375 0.03515625
1 0.708984375 0.7333984375 0.02734375 0.029296875
1 0.658203125 0.7353515625 0.0625 0.025390625
1 0.60546875 0.7412109375 0.03125 0.013671875
1 0.5654296875 0.7421875 0.033203125 0.01171875
