0 0.271484375 0.2646484375 0.015625 0.029296875
0 0.294921875 0.2822265625 0.015625 0.033203125
0 0.255859375 0.27734375 0.01171875 0.015625
0 0.3173828125 0.3076171875 0.017578125 0.037109375
0 0.255859375 0.3115234375 0.01171875 0.029296875
0 0.294921875 0.33203125 0.015625 0.03125
0 0.3427734375 0.3388671875 0.017578125 0.037109375
0 0.2548828125 0.3408203125 0.009765625 0.009765625
0 0.2705078125 0.361328125 0.013671875 0.03125
0 0.318359375 0.361328125 0.015625 0.03515625
0 0.3701171875 0.3681640625 0.021484375 0.041015625
0 0.2529296875 0.37890625 0.005859375 0.02734375
0 0.296875 0.380859375 0.015625 0.03125
0 0.3388671875 0.392578125 0.017578125 0.03515625
0 0.2744140625 0.40625 0.013671875 0.02734375
0 0.3173828125 0.4111328125 0.017578125 0.033203125
0 0.37109375 0.4208984375 0.0234375 0.037109375
0 0.2548828125 0.4228515625 0.009765625 0.025390625
0 0.2978515625 0.4306640625 0.013671875 0.033203125
0 0.40625 0.4443359375 0.0234375 0.037109375
0 0.3447265625 0.443359375 0.017578125 0.03515625
0 0.2763671875 0.4501953125 0.013671875 0.029296875
0 0.3193359375 0.4599609375 0.017578125 0.029296875
0 0.255859375 0.4658203125 0.01171875 0.025390625
0 0.3759765625 0.474609375 0.021484375 0.03515625
0 0.2978515625 0.4755859375 0.013671875 0.025390625
0 0.42578125 0.4892578125 0.0234375 0.037109375
0 0.345703125 0.4931640625 0.01953125 0.033203125
0 0.27734375 0.4951171875 0.01171875 0.021484375
0 0.255859375 0.5068359375 0.01171875 0.025390625
0 0.3212890625 0.509765625 0.017578125 0.03125
0 0.400390625 0.5146484375 0.0234375 0.037109375
0 0.298828125 0.5205078125 0.01171875 0.029296875
0 0.3681640625 0.52734375 0.017578125 0.03515625
0 0.3466796875 0.5419921875 0.017578125 0.033203125
0 0.275390625 0.5380859375 0.01171875 0.021484375
0 0.443359375 0.5458984375 0.02734375 0.037109375
0 0.255859375 0.5458984375 0.01171875 0.021484375
0 0.322265625 0.55859375 0.015625 0.02734375
0 0.296875 0.5625 0.01171875 0.0234375
0 0.4130859375 0.5673828125 0.021484375 0.033203125
0 0.3740234375 0.5751953125 0.017578125 0.033203125
0 0.2724609375 0.5751953125 0.009765625 0.021484375
0 0.2529296875 0.5830078125 0.005859375 0.021484375
0 0.7421875 0.5771484375 0.00390625 0.005859375
0 0.349609375 0.595703125 0.01953125 0.03125
0 0.31640625 0.59765625 0.015625 0.02734375
0 0.4560546875 0.6005859375 0.025390625 0.037109375
0 0.296875 0.6005859375 0.015625 0.025390625
0 0.7314453125 0.5927734375 0.005859375 0.009765625
0 0.2734375 0.61328125 0.01171875 0.0234375
0 0.392578125 0.619140625 0.0234375 0.03515625
0 0.7197265625 0.6064453125 0.005859375 0.009765625
0 0.42578125 0.6220703125 0.0234375 0.037109375
0 0.2548828125 0.6181640625 0.005859375 0.021484375
0 0.7060546875 0.6123046875 0.005859375 0.009765625
0 0.7373046875 0.611328125 0.005859375 0.00390625
0 0.3427734375 0.6318359375 0.013671875 0.029296875
0 0.69140625 0.619140625 0.00390625 0.00390625
0 0.7216796875 0.623046875 0.005859375 0.0078125
0 0.3173828125 0.634765625 0.013671875 0.0234375
0 0.37109375 0.638671875 0.01953125 0.03125
0 0.70703125 0.626953125 0.00390625 0.00390625
0 0.296875 0.6396484375 0.015625 0.025390625
0 0.6845703125 0.6298828125 0.005859375 0.009765625
0 0.744140625 0.62890625 0.0078125 0.0078125
0 0.6630859375 0.6298828125 0.001953125 0.001953125
0 0.6982421875 0.634765625 0.005859375 0.0078125
0 0.7158203125 0.638671875 0.005859375 0.0078125
0 0.2744140625 0.6494140625 0.013671875 0.021484375
0 0.4638671875 0.6533203125 0.025390625 0.033203125
0 0.6396484375 0.6376953125 0.001953125 0.001953125
0 0.67578125 0.6416015625 0.00390625 0.005859375
0 0.734375 0.6435546875 0.0078125 0.009765625
0 0.25390625 0.650390625 0.0078125 0.01953125
0 0.6552734375 0.64453125 0.001953125 0.00390625
0 0.6904296875 0.6455078125 0.001953125 0.001953125
0 0.7470703125 0.6474609375 0.001953125 0.005859375
0 0.419921875 0.6650390625 0.01953125 0.033203125
0 0.70703125 0.650390625 0.00390625 0.0078125
0 0.6328125 0.6494140625 0.00390625 0.001953125
0 0.66796875 0.65234375 0.00390625 0.00390625
0 0.724609375 0.654296875 0.00390625 0.0078125
0 0.6474609375 0.654296875 0.001953125 0.00390625
0 0.3408203125 0.6689453125 0.013671875 0.025390625
0 0.68359375 0.658203125 0.00390625 0.00390625
0 0.740234375 0.66015625 0.0078125 0.0078125
0 0.31640625 0.67578125 0.015625 0.02734375
0 0.6982421875 0.6611328125 0.001953125 0.001953125
0 0.6416015625 0.6640625 0.005859375 0.00390625
0 0.291015625 0.6748046875 0.01171875 0.021484375
0 0.3681640625 0.6796875 0.017578125 0.02734375
0 0.6611328125 0.6650390625 0.001953125 0.001953125
0 0.396484375 0.6845703125 0.01953125 0.033203125
0 0.67578125 0.66796875 0.00390625 0.00390625
0 0.7138671875 0.66796875 0.001953125 0.00390625
0 0.7314453125 0.6728515625 0.005859375 0.009765625
0 0.271484375 0.681640625 0.01171875 0.0234375
0 0.65234375 0.673828125 0.00390625 0.00390625
0 0.6904296875 0.673828125 0.001953125 0.00390625
0 0.74609375 0.6767578125 0.00390625 0.005859375
0 0.25390625 0.685546875 0.0078125 0.01953125
0 0.7041015625 0.6796875 0.001953125 0.00390625
0 0.66796875 0.6796875 0.00390625 0.00390625
0 0.6826171875 0.6845703125 0.005859375 0.009765625
0 0.7236328125 0.6826171875 0.005859375 0.005859375
0 0.453125 0.697265625 0.0234375 0.03125
0 0.697265625 0.689453125 0.0078125 0.0078125
0 0.736328125 0.689453125 0.0078125 0.0078125
0 0.7138671875 0.6943359375 0.005859375 0.005859375
0 0.3408203125 0.708984375 0.013671875 0.02734375
0 0.294921875 0.7119140625 0.01171875 0.025390625
0 0.3154296875 0.7119140625 0.017578125 0.025390625
0 0.4287109375 0.716796875 0.021484375 0.03515625
0 0.7294921875 0.7021484375 0.005859375 0.005859375
0 0.369140625 0.71875 0.015625 0.02734375
0 0.7451171875 0.7060546875 0.005859375 0.005859375
0 0.2783203125 0.7197265625 0.009765625 0.021484375
0 0.3994140625 0.728515625 0.021484375 0.03125
0 0.2607421875 0.72265625 0.009765625 0.01953125
