0 0.3330078125 0.3955078125 0.025390625 0.025390625
0 0.3857421875 0.404296875 0.025390625 0.02734375
0 0.3359375 0.4296875 0.02734375 0.02734375
0 0.3818359375 0.447265625 0.025390625 0.02734375
0 0.265625 0.4609375 0.03125 0.04296875
0 0.3203125 0.45703125 0.02734375 0.02734375
0 0.3525390625 0.458984375 0.025390625 0.02734375
0 0.431640625 0.4736328125 0.0234375 0.025390625
0 0.306640625 0.484375 0.0234375 0.02734375
0 0.3779296875 0.484375 0.025390625 0.02734375
0 0.337890625 0.48828125 0.0234375 0.02734375
0 0.4443359375 0.5029296875 0.021484375 0.029296875
0 0.4697265625 0.5166015625 0.041015625 0.052734375
0 0.259765625 0.517578125 0.01953125 0.05078125
0 0.36328125 0.5107421875 0.0234375 0.029296875
0 0.2890625 0.5126953125 0.0234375 0.025390625
0 0.39453125 0.513671875 0.0234375 0.02734375
0 0.3212890625 0.5166015625 0.025390625 0.025390625
0 0.50390625 0.5263671875 0.02734375 0.029296875
0 0.423828125 0.529296875 0.02734375 0.02734375
0 0.275390625 0.5390625 0.01953125 0.0234375
0 0.3388671875 0.5439453125 0.021484375 0.025390625
0 0.2978515625 0.55078125 0.025390625 0.02734375
0 0.3681640625 0.548828125 0.025390625 0.02734375
0 0.478515625 0.5595703125 0.02734375 0.025390625
0 0.259765625 0.5634765625 0.015625 0.025390625
0 0.3955078125 0.56640625 0.025390625 0.02734375
0 0.5107421875 0.564453125 0.025390625 0.02734375
0 0.5380859375 0.578125 0.037109375 0.046875
0 0.431640625 0.56640625 0.02734375 0.02734375
0 0.3212890625 0.57421875 0.021484375 0.0234375
0 0.283203125 0.576171875 0.0234375 0.02734375
0 0.3505859375 0.5771484375 0.025390625 0.029296875
0 0.5703125 0.5849609375 0.0234375 0.021484375
0 0.6396484375 0.587890625 0.025390625 0.02734375
0 0.6767578125 0.5869140625 0.025390625 0.025390625
0 0.4892578125 0.595703125 0.025390625 0.02734375
0 0.3681640625 0.6015625 0.025390625 0.02734375
0 0.302734375 0.6025390625 0.0234375 0.029296875
0 0.4052734375 0.6015625 0.025390625 0.02734375
0 0.4423828125 0.6025390625 0.025390625 0.025390625
0 0.5888671875 0.6064453125 0.025390625 0.029296875
0 0.3212890625 0.6142578125 0.025390625 0.025390625
0 0.6591796875 0.615234375 0.025390625 0.02734375
0 0.6943359375 0.615234375 0.025390625 0.02734375
0 0.2568359375 0.6181640625 0.009765625 0.025390625
0 0.7265625 0.6181640625 0.02734375 0.025390625
0 0.5068359375 0.6220703125 0.025390625 0.025390625
0 0.5439453125 0.623046875 0.025390625 0.02734375
0 0.61328125 0.625 0.0234375 0.02734375
0 0.576171875 0.626953125 0.0234375 0.0234375
0 0.3505859375 0.6298828125 0.025390625 0.025390625
0 0.3818359375 0.6337890625 0.025390625 0.025390625
0 0.4189453125 0.634765625 0.025390625 0.02734375
0 0.455078125 0.63671875 0.02734375 0.02734375
0 0.2724609375 0.6435546875 0.025390625 0.029296875
0 0.7421875 0.64453125 0.01171875 0.02734375
0 0.30078125 0.6474609375 0.0234375 0.029296875
0 0.6728515625 0.6484375 0.025390625 0.02734375
0 0.63671875 0.6484375 0.02734375 0.0234375
0 0.564453125 0.6552734375 0.0234375 0.029296875
0 0.701171875 0.6552734375 0.02734375 0.029296875
0 0.5927734375 0.6572265625 0.025390625 0.025390625
0 0.517578125 0.66015625 0.0234375 0.02734375
0 0.326171875 0.6669921875 0.02734375 0.029296875
0 0.359375 0.666015625 0.02734375 0.02734375
0 0.388671875 0.671875 0.02734375 0.02734375
0 0.4248046875 0.6767578125 0.025390625 0.029296875
0 0.2783203125 0.6806640625 0.025390625 0.029296875
0 0.2578125 0.6826171875 0.01171875 0.025390625
0 0.458984375 0.6865234375 0.0234375 0.029296875
0 0.6376953125 0.697265625 0.029296875 0.03125
0 0.7431640625 0.6943359375 0.009765625 0.021484375
0 0.3017578125 0.705078125 0.025390625 0.03125
0 0.333984375 0.703125 0.0234375 0.02734375
0 0.3671875 0.70703125 0.0234375 0.02734375
0 0.40234375 0.7080078125 0.0234375 0.029296875
0 0.4365234375 0.7109375 0.025390625 0.02734375
0 0.6669921875 0.7099609375 0.025390625 0.029296875
0 0.5224609375 0.7119140625 0.025390625 0.025390625
0 0.48046875 0.716796875 0.02734375 0.02734375
0 0.583984375 0.7197265625 0.02734375 0.029296875
0 0.552734375 0.7197265625 0.0234375 0.025390625
0 0.6953125 0.7216796875 0.02734375 0.029296875
