0 0.6669921875 0.33984375 0.041015625 0.0859375
0 0.71484375 0.3447265625 0.0390625 0.083984375
0 0.5068359375 0.37109375 0.048828125 0.09765625
0 0.615234375 0.361328125 0.04296875 0.078125
0 0.4365234375 0.3896484375 0.044921875 0.095703125
0 0.68359375 0.4267578125 0.0390625 0.080078125
0 0.7294921875 0.4306640625 0.037109375 0.083984375
0 0.373046875 0.4462890625 0.05078125 0.095703125
0 0.6357421875 0.4443359375 0.044921875 0.091796875
0 0.5810546875 0.4501953125 0.041015625 0.091796875
0 0.53125 0.4580078125 0.046875 0.087890625
0 0.4736328125 0.47265625 0.044921875 0.0859375
0 0.419921875 0.5 0.05078125 0.08984375
0 0.72265625 0.51953125 0.0390625 0.078125
0 0.67578125 0.5205078125 0.04296875 0.080078125
0 0.619140625 0.5400390625 0.046875 0.083984375
0 0.5673828125 0.544921875 0.044921875 0.0859375
0 0.3603515625 0.55078125 0.048828125 0.09375
0 0.515625 0.5576171875 0.046875 0.083984375
0 0.46484375 0.5712890625 0.046875 0.095703125
0 0.7431640625 0.5673828125 0.009765625 0.060546875
0 0.4091796875 0.6005859375 0.048828125 0.091796875
0 0.6943359375 0.599609375 0.041015625 0.078125
0 0.6435546875 0.6103515625 0.041015625 0.080078125
0 0.5908203125 0.6220703125 0.041015625 0.080078125
0 0.544921875 0.6376953125 0.0390625 0.080078125
0 0.359375 0.650390625 0.0390625 0.078125
0 0.4931640625 0.6533203125 0.044921875 0.087890625
0 0.7421875 0.66015625 0.01171875 0.06640625
0 0.7119140625 0.671875 0.037109375 0.07421875
0 0.6669921875 0.6875 0.041015625 0.08203125
0 0.4208984375 0.6943359375 0.048828125 0.091796875
0 0.6162109375 0.7001953125 0.041015625 0.080078125
0 0.568359375 0.7099609375 0.0390625 0.076171875
0 0.521484375 0.7177734375 0.046875 0.060546875
0 0.734375 0.724609375 0.02734375 0.046875
0 0.4697265625 0.724609375 0.044921875 0.04296875
0 0.3720703125 0.7275390625 0.052734375 0.041015625
0 0.697265625 0.7333984375 0.03515625 0.029296875
0 0.6494140625 0.7412109375 0.029296875 0.013671875
