0 0.302734375 0.28515625 0.00390625 0.00390625
0 0.314453125 0.28515625 0.00390625 0.00390625
0 0.337890625 0.287109375 0.00390625 0.00390625
0 0.349609375 0.287109375 0.00390625 0.00390625
0 0.3720703125 0.287109375 0.005859375 0.00390625
0 0.3837890625 0.287109375 0.001953125 0.00390625
0 0.4072265625 0.2880859375 0.001953125 0.005859375
0 0.41796875 0.2880859375 0.00390625 0.005859375
0 0.2978515625 0.2958984375 0.001953125 0.005859375
0 0.3095703125 0.2958984375 0.001953125 0.005859375
0 0.3203125 0.2958984375 0.00390625 0.005859375
0 0.34375 0.2958984375 0.00390625 0.005859375
0 0.33203125 0.296875 0.00390625 0.00390625
0 0.3564453125 0.2978515625 0.005859375 0.005859375
0 0.3671875 0.2978515625 0.00390625 0.005859375
0 0.390625 0.296875 0.00390625 0.00390625
0 0.37890625 0.298828125 0.00390625 0.00390625
0 0.40234375 0.2978515625 0.00390625 0.001953125
0 0.412109375 0.298828125 0.00390625 0.00390625
0 0.423828125 0.298828125 0.00390625 0.00390625
0 0.3046875 0.3076171875 0.00390625 0.005859375
0 0.31640625 0.306640625 0.00390625 0.00390625
0 0.337890625 0.3056640625 0.00390625 0.001953125
0 0.349609375 0.306640625 0.00390625 0.00390625
0 0.375 0.3076171875 0.00390625 0.005859375
0 0.384765625 0.30859375 0.00390625 0.00390625
0 0.408203125 0.30859375 0.00390625 0.00390625
0 0.41796875 0.30859375 0.00390625 0.00390625
0 0.30078125 0.5654296875 0.03125 0.029296875
0 0.337890625 0.5654296875 0.03125 0.029296875
0 0.375 0.564453125 0.03125 0.02734375
0 0.486328125 0.5634765625 0.02734375 0.025390625
0 0.5244140625 0.5634765625 0.029296875 0.025390625
0 0.5595703125 0.5634765625 0.025390625 0.025390625
0 0.6640625 0.5634765625 0.02734375 0.025390625
0 0.701171875 0.564453125 0.02734375 0.02734375
0 0.736328125 0.5673828125 0.0234375 0.025390625
0 0.359375 0.5908203125 0.02734375 0.025390625
0 0.3974609375 0.5908203125 0.029296875 0.025390625
0 0.4677734375 0.5908203125 0.025390625 0.025390625
0 0.50390625 0.5908203125 0.02734375 0.025390625
0 0.2861328125 0.59375 0.029296875 0.0234375
0 0.322265625 0.591796875 0.02734375 0.0234375
0 0.5390625 0.59375 0.02734375 0.0234375
0 0.5751953125 0.5947265625 0.025390625 0.025390625
0 0.64453125 0.5947265625 0.02734375 0.025390625
0 0.6796875 0.5947265625 0.02734375 0.025390625
0 0.7158203125 0.5947265625 0.025390625 0.025390625
0 0.7431640625 0.5966796875 0.009765625 0.021484375
0 0.4150390625 0.6181640625 0.029296875 0.025390625
0 0.4521484375 0.6181640625 0.025390625 0.025390625
0 0.486328125 0.6181640625 0.02734375 0.025390625
0 0.5205078125 0.6201171875 0.025390625 0.025390625
0 0.34375 0.62109375 0.02734375 0.02734375
0 0.37890625 0.6201171875 0.02734375 0.025390625
0 0.2705078125 0.6220703125 0.029296875 0.025390625
0 0.3076171875 0.6220703125 0.029296875 0.025390625
0 0.5546875 0.6220703125 0.02734375 0.025390625
0 0.58984375 0.6220703125 0.02734375 0.025390625
0 0.6240234375 0.6220703125 0.025390625 0.025390625
0 0.6591796875 0.6220703125 0.025390625 0.025390625
0 0.6943359375 0.623046875 0.025390625 0.0234375
0 0.7294921875 0.625 0.025390625 0.0234375
0 0.5029296875 0.646484375 0.025390625 0.0234375
0 0.328125 0.6494140625 0.02734375 0.025390625
0 0.3642578125 0.6494140625 0.025390625 0.025390625
0 0.4013671875 0.6494140625 0.025390625 0.025390625
0 0.4677734375 0.6484375 0.025390625 0.0234375
0 0.5361328125 0.6484375 0.025390625 0.0234375
0 0.5732421875 0.6494140625 0.025390625 0.025390625
0 0.6728515625 0.6494140625 0.025390625 0.025390625
0 0.7080078125 0.6494140625 0.025390625 0.025390625
0 0.2880859375 0.6513671875 0.025390625 0.025390625
0 0.6376953125 0.650390625 0.025390625 0.0234375
0 0.7392578125 0.650390625 0.017578125 0.0234375
0 0.3125 0.6748046875 0.0234375 0.021484375
0 0.34765625 0.6748046875 0.0234375 0.021484375
0 0.3828125 0.6748046875 0.0234375 0.021484375
0 0.484375 0.6748046875 0.0234375 0.021484375
0 0.517578125 0.6748046875 0.0234375 0.021484375
0 0.5517578125 0.6748046875 0.021484375 0.021484375
0 0.654296875 0.67578125 0.02734375 0.0234375
0 0.6865234375 0.6767578125 0.025390625 0.025390625
0 0.7197265625 0.67578125 0.025390625 0.0234375
