0 0.5302734375 0.359375 0.048828125 0.06640625
0 0.45703125 0.419921875 0.05078125 0.07421875
0 0.6044921875 0.4296875 0.052734375 0.0703125
0 0.7158203125 0.4140625 0.013671875 0.0078125
0 0.37890625 0.466796875 0.05078125 0.0703125
0 0.6796875 0.470703125 0.05078125 0.0703125
0 0.5283203125 0.4814453125 0.052734375 0.072265625
0 0.318359375 0.4990234375 0.046875 0.064453125
0 0.7265625 0.5283203125 0.04296875 0.064453125
0 0.4501953125 0.533203125 0.052734375 0.0703125
0 0.5908203125 0.5341796875 0.048828125 0.064453125
0 0.5185546875 0.5732421875 0.048828125 0.060546875
0 0.6640625 0.57421875 0.046875 0.06640625
0 0.3779296875 0.576171875 0.048828125 0.0625
0 0.322265625 0.595703125 0.0390625 0.0546875
0 0.5791015625 0.6220703125 0.044921875 0.064453125
0 0.7119140625 0.62109375 0.041015625 0.05859375
0 0.4453125 0.6357421875 0.046875 0.060546875
0 0.6357421875 0.640625 0.041015625 0.0546875
0 0.3837890625 0.65625 0.044921875 0.0546875
0 0.5126953125 0.671875 0.044921875 0.05859375
0 0.314453125 0.7138671875 0.04296875 0.056640625
0 0.44140625 0.7216796875 0.04296875 0.052734375
0 0.7080078125 0.7236328125 0.044921875 0.048828125
0 0.5751953125 0.7265625 0.044921875 0.04296875
0 0.505859375 0.7392578125 0.03515625 0.017578125
0 0.373046875 0.744140625 0.02734375 0.0078125
