0 0.548828125 0.349609375 0.01171875 0.01953125
0 0.5703125 0.3603515625 0.0078125 0.021484375
0 0.5810546875 0.3681640625 0.005859375 0.017578125
0 0.5478515625 0.376953125 0.013671875 0.02734375
0 0.5966796875 0.380859375 0.013671875 0.0234375
0 0.5634765625 0.38671875 0.009765625 0.0234375
0 0.580078125 0.3935546875 0.0078125 0.021484375
0 0.6103515625 0.3896484375 0.005859375 0.013671875
0 0.5419921875 0.40625 0.013671875 0.02734375
0 0.595703125 0.400390625 0.015625 0.01953125
0 0.6181640625 0.396484375 0.001953125 0.01171875
0 0.560546875 0.4130859375 0.01171875 0.029296875
0 0.6259765625 0.4013671875 0.005859375 0.009765625
0 0.6123046875 0.412109375 0.005859375 0.015625
0 0.5751953125 0.419921875 0.009765625 0.0234375
0 0.623046875 0.41796875 0.00390625 0.01953125
0 0.59375 0.4267578125 0.015625 0.025390625
0 0.5380859375 0.4375 0.021484375 0.03125
0 0.6337890625 0.42578125 0.001953125 0.015625
0 0.611328125 0.4345703125 0.01171875 0.017578125
0 0.5673828125 0.4443359375 0.009765625 0.021484375
0 0.625 0.4404296875 0.00390625 0.013671875
0 0.5791015625 0.4482421875 0.005859375 0.017578125
0 0.5107421875 0.4658203125 0.037109375 0.044921875
0 0.5458984375 0.4736328125 0.013671875 0.033203125
0 0.568359375 0.4765625 0.01171875 0.02734375
0 0.58203125 0.4814453125 0.0078125 0.025390625
0 0.4873046875 0.5 0.025390625 0.0390625
0 0.513671875 0.505859375 0.01953125 0.03515625
0 0.5341796875 0.505859375 0.013671875 0.0234375
0 0.5517578125 0.5087890625 0.013671875 0.025390625
0 0.47265625 0.5458984375 0.02734375 0.044921875
0 0.5 0.544921875 0.01953125 0.0390625
0 0.5283203125 0.5458984375 0.013671875 0.037109375
0 0.544921875 0.5458984375 0.01171875 0.025390625
0 0.5146484375 0.5859375 0.021484375 0.04296875
0 0.4873046875 0.5927734375 0.025390625 0.044921875
0 0.4541015625 0.6005859375 0.033203125 0.052734375
0 0.4111328125 0.60546875 0.041015625 0.05859375
0 0.5078125 0.6318359375 0.03515625 0.041015625
0 0.44921875 0.6513671875 0.0703125 0.064453125
