0 0.626953125 0.505859375 0.046875 0.14453125
0 0.6708984375 0.48828125 0.009765625 0.04296875
0 0.57421875 0.5576171875 0.03515625 0.099609375
0 0.6904296875 0.5390625 0.009765625 0.04296875
0 0.51953125 0.5458984375 0.01953125 0.048828125
0 0.4404296875 0.5400390625 0.009765625 0.029296875
0 0.6748046875 0.5517578125 0.009765625 0.041015625
0 0.4208984375 0.5478515625 0.013671875 0.025390625
0 0.455078125 0.5791015625 0.01171875 0.025390625
0 0.4345703125 0.5888671875 0.013671875 0.025390625
0 0.5341796875 0.6005859375 0.017578125 0.052734375
0 0.4150390625 0.6005859375 0.013671875 0.025390625
0 0.5078125 0.6171875 0.01953125 0.05078125
0 0.47265625 0.630859375 0.01171875 0.02734375
0 0.453125 0.6416015625 0.01171875 0.025390625
0 0.43359375 0.6552734375 0.01171875 0.029296875
0 0.412109375 0.671875 0.015625 0.03515625
0 0.388671875 0.685546875 0.015625 0.03515625
