0 0.361328125 0.263671875 0.046875 0.02734375
0 0.421875 0.267578125 0.0703125 0.03515625
0 0.560546875 0.2568359375 0.0234375 0.013671875
0 0.6259765625 0.2646484375 0.037109375 0.029296875
0 0.6806640625 0.2529296875 0.009765625 0.005859375
0 0.6923828125 0.259765625 0.017578125 0.01953125
0 0.490234375 0.2763671875 0.05859375 0.033203125
0 0.7021484375 0.2705078125 0.013671875 0.021484375
0 0.65234375 0.2724609375 0.015625 0.017578125
0 0.6689453125 0.2783203125 0.017578125 0.017578125
0 0.326171875 0.2958984375 0.046875 0.041015625
0 0.5859375 0.3037109375 0.04296875 0.044921875
0 0.3740234375 0.2978515625 0.041015625 0.037109375
0 0.625 0.2939453125 0.02734375 0.021484375
0 0.7080078125 0.2919921875 0.013671875 0.013671875
0 0.416015625 0.302734375 0.03515625 0.03125
0 0.4365234375 0.3525390625 0.068359375 0.123046875
0 0.634765625 0.3125 0.05078125 0.04296875
0 0.478515625 0.3076171875 0.0234375 0.029296875
0 0.5078125 0.314453125 0.02734375 0.04296875
0 0.6787109375 0.30859375 0.013671875 0.015625
0 0.689453125 0.3115234375 0.01171875 0.017578125
0 0.701171875 0.3115234375 0.0078125 0.009765625
0 0.2978515625 0.3349609375 0.044921875 0.041015625
0 0.65625 0.3251953125 0.01171875 0.021484375
0 0.353515625 0.3515625 0.04296875 0.06640625
0 0.390625 0.3369140625 0.03515625 0.037109375
0 0.671875 0.33203125 0.01171875 0.01953125
0 0.6826171875 0.33203125 0.009765625 0.015625
0 0.6953125 0.33203125 0.0078125 0.015625
0 0.7060546875 0.3310546875 0.009765625 0.009765625
0 0.4892578125 0.3330078125 0.021484375 0.013671875
0 0.5654296875 0.3349609375 0.037109375 0.013671875
0 0.5927734375 0.3359375 0.009765625 0.01171875
0 0.6123046875 0.33984375 0.009765625 0.0078125
0 0.6435546875 0.3408203125 0.013671875 0.009765625
0 0.333984375 0.4267578125 0.0703125 0.115234375
0 0.51171875 0.4111328125 0.07421875 0.080078125
0 0.3896484375 0.421875 0.052734375 0.05859375
0 0.5986328125 0.44921875 0.099609375 0.08984375
0 0.451171875 0.453125 0.0625 0.0625
0 0.525390625 0.490234375 0.0703125 0.06640625
0 0.408203125 0.48828125 0.046875 0.0546875
0 0.3720703125 0.5146484375 0.044921875 0.048828125
0 0.4677734375 0.5205078125 0.060546875 0.056640625
0 0.609375 0.5361328125 0.09765625 0.076171875
0 0.4228515625 0.5458984375 0.048828125 0.052734375
0 0.53515625 0.5634765625 0.0703125 0.064453125
0 0.3896484375 0.5673828125 0.037109375 0.041015625
0 0.48046875 0.5859375 0.0625 0.0546875
0 0.6220703125 0.611328125 0.091796875 0.0703125
0 0.4365234375 0.60546875 0.052734375 0.046875
0 0.55078125 0.634765625 0.0703125 0.0625
0 0.49609375 0.646484375 0.0546875 0.05078125
