0 0.4306640625 0.4814453125 0.064453125 0.060546875
0 0.498046875 0.48046875 0.05859375 0.05859375
0 0.568359375 0.4794921875 0.0625 0.060546875
0 0.6044921875 0.53515625 0.060546875 0.05859375
0 0.5341796875 0.5341796875 0.060546875 0.052734375
0 0.3984375 0.537109375 0.05859375 0.05859375
0 0.46484375 0.5380859375 0.0625 0.056640625
0 0.3681640625 0.591796875 0.060546875 0.05859375
0 0.43359375 0.5908203125 0.0625 0.056640625
0 0.501953125 0.5888671875 0.05859375 0.052734375
0 0.5693359375 0.5888671875 0.056640625 0.052734375
0 0.6337890625 0.5908203125 0.056640625 0.052734375
0 0.4677734375 0.6396484375 0.056640625 0.052734375
0 0.53125 0.640625 0.0546875 0.05078125
0 0.6005859375 0.6416015625 0.064453125 0.052734375
0 0.3994140625 0.64453125 0.060546875 0.0546875
0 0.5009765625 0.6923828125 0.052734375 0.056640625
0 0.5625 0.69140625 0.05078125 0.05078125
0 0.4375 0.6953125 0.0546875 0.0546875
