0 0.5380859375 0.3173828125 0.087890625 0.134765625
0 0.671875 0.2939453125 0.0625 0.087890625
0 0.73828125 0.271484375 0.01953125 0.04296875
0 0.416015625 0.3583984375 0.11328125 0.201171875
0 0.7216796875 0.3857421875 0.052734375 0.150390625
0 0.625 0.4267578125 0.07421875 0.158203125
0 0.515625 0.4921875 0.08984375 0.1796875
0 0.744140625 0.5068359375 0.0078125 0.080078125
0 0.671875 0.541015625 0.05859375 0.15234375
0 0.427734375 0.654296875 0.109375 0.1875
0 0.6240234375 0.6591796875 0.072265625 0.169921875
0 0.744140625 0.71484375 0.0078125 0.0390625
0 0.537109375 0.7216796875 0.07421875 0.052734375
