0 0.302734375 0.2705078125 0.0703125 0.041015625
0 0.546875 0.296875 0.09375 0.09375
0 0.70703125 0.2705078125 0.078125 0.041015625
0 0.4208984375 0.345703125 0.068359375 0.09375
0 0.73828125 0.3701171875 0.01953125 0.076171875
0 0.6416015625 0.4091796875 0.068359375 0.091796875
0 0.5244140625 0.44921875 0.064453125 0.0859375
0 0.2978515625 0.49609375 0.076171875 0.09375
0 0.3916015625 0.599609375 0.060546875 0.07421875
0 0.6533203125 0.60546875 0.068359375 0.0859375
0 0.5341796875 0.6435546875 0.068359375 0.076171875
0 0.33203125 0.6416015625 0.05078125 0.064453125
0 0.455078125 0.703125 0.0546875 0.0625
