0 0.7109375 0.3623046875 0.0546875 0.107421875
0 0.6513671875 0.3779296875 0.060546875 0.115234375
0 0.580078125 0.3955078125 0.0703125 0.119140625
0 0.498046875 0.4150390625 0.08203125 0.130859375
0 0.73046875 0.4521484375 0.03515625 0.099609375
0 0.6796875 0.4697265625 0.0546875 0.103515625
0 0.615234375 0.4931640625 0.05859375 0.111328125
0 0.541015625 0.5185546875 0.0703125 0.119140625
0 0.4541015625 0.5458984375 0.087890625 0.130859375
0 0.7412109375 0.5419921875 0.013671875 0.076171875
0 0.7041015625 0.5556640625 0.052734375 0.099609375
0 0.646484375 0.5771484375 0.0546875 0.103515625
0 0.576171875 0.607421875 0.0625 0.109375
0 0.4970703125 0.640625 0.076171875 0.12109375
0 0.4072265625 0.6796875 0.087890625 0.125
0 0.3056640625 0.6943359375 0.103515625 0.099609375
