1 0.6240234375 0.279296875 0.041015625 0.05859375
1 0.666015625 0.2919921875 0.0390625 0.060546875
1 0.7041015625 0.263671875 0.029296875 0.02734375
1 0.7021484375 0.30859375 0.033203125 0.05859375
1 0.736328125 0.2998046875 0.0234375 0.025390625
1 0.626953125 0.3271484375 0.0390625 0.033203125
1 0.7353515625 0.330078125 0.025390625 0.02734375
1 0.6669921875 0.3427734375 0.033203125 0.029296875
1 0.703125 0.3681640625 0.03125 0.060546875
1 0.6259765625 0.3583984375 0.037109375 0.033203125
1 0.3525390625 0.4482421875 0.154296875 0.169921875
1 0.732421875 0.3857421875 0.03125 0.080078125
1 0.6669921875 0.373046875 0.033203125 0.03125
1 0.4833984375 0.3955078125 0.041015625 0.033203125
1 0.5283203125 0.40625 0.037109375 0.03125
1 0.5263671875 0.4580078125 0.134765625 0.115234375
1 0.703125 0.43359375 0.03125 0.03125
1 0.71875 0.5087890625 0.05859375 0.130859375
1 0.5673828125 0.5107421875 0.037109375 0.029296875
1 0.4755859375 0.52734375 0.044921875 0.03515625
1 0.5234375 0.533203125 0.0390625 0.03125
1 0.564453125 0.541015625 0.03515625 0.03125
1 0.3447265625 0.6005859375 0.060546875 0.115234375
1 0.404296875 0.5673828125 0.05078125 0.037109375
1 0.4541015625 0.6552734375 0.052734375 0.166015625
1 0.5087890625 0.5791015625 0.044921875 0.033203125
1 0.5771484375 0.654296875 0.083984375 0.16796875
1 0.6904296875 0.6083984375 0.033203125 0.044921875
1 0.40234375 0.625 0.05078125 0.0703125
1 0.7265625 0.6064453125 0.03125 0.029296875
1 0.5078125 0.6318359375 0.046875 0.068359375
1 0.7294921875 0.6689453125 0.033203125 0.091796875
1 0.693359375 0.6630859375 0.03515625 0.029296875
1 0.3408203125 0.6796875 0.060546875 0.03515625
1 0.400390625 0.681640625 0.05078125 0.03515625
1 0.5068359375 0.6845703125 0.048828125 0.033203125
1 0.6962890625 0.7138671875 0.037109375 0.060546875
1 0.3369140625 0.720703125 0.060546875 0.03515625
1 0.3974609375 0.720703125 0.052734375 0.03515625
1 0.505859375 0.7216796875 0.046875 0.033203125
1 0.599609375 0.724609375 0.0390625 0.03125
1 0.7333984375 0.732421875 0.029296875 0.02734375
