0 0.5634765625 0.2998046875 0.048828125 0.099609375
0 0.6025390625 0.326171875 0.044921875 0.14453125
0 0.6552734375 0.2724609375 0.029296875 0.044921875
0 0.6796875 0.291015625 0.03125 0.078125
0 0.5009765625 0.3955078125 0.056640625 0.185546875
0 0.640625 0.375 0.03515625 0.1484375
0 0.701171875 0.345703125 0.02734375 0.08203125
0 0.734375 0.3759765625 0.02734375 0.123046875
0 0.6630859375 0.4150390625 0.029296875 0.126953125
0 0.5517578125 0.44921875 0.052734375 0.16015625
0 0.6982421875 0.4560546875 0.025390625 0.107421875
0 0.5966796875 0.4951171875 0.041015625 0.146484375
0 0.443359375 0.5498046875 0.0703125 0.205078125
0 0.73046875 0.5078125 0.03125 0.109375
0 0.62890625 0.5263671875 0.0390625 0.130859375
0 0.6689453125 0.5556640625 0.037109375 0.126953125
0 0.5 0.583984375 0.05859375 0.17578125
0 0.6904296875 0.5859375 0.025390625 0.109375
0 0.55078125 0.62109375 0.05078125 0.16015625
0 0.724609375 0.625 0.03125 0.10546875
0 0.5830078125 0.6533203125 0.044921875 0.142578125
0 0.6123046875 0.669921875 0.033203125 0.12109375
0 0.4482421875 0.7021484375 0.064453125 0.091796875
0 0.6796875 0.7041015625 0.03125 0.087890625
0 0.509765625 0.7158203125 0.04296875 0.064453125
0 0.712890625 0.7216796875 0.02734375 0.052734375
0 0.55078125 0.7294921875 0.0234375 0.037109375
