1 0.259765625 0.267578125 0.0078125 0.03515625
1 0.275390625 0.251953125 0.015625 0.00390625
1 0.326171875 0.275390625 0.03515625 0.05078125
1 0.37109375 0.2705078125 0.0390625 0.041015625
1 0.419921875 0.2646484375 0.0390625 0.029296875
1 0.4638671875 0.255859375 0.037109375 0.01171875
1 0.5166015625 0.28125 0.044921875 0.0625
1 0.572265625 0.271484375 0.05078125 0.04296875
1 0.6298828125 0.26171875 0.052734375 0.0234375
1 0.6689453125 0.2529296875 0.017578125 0.005859375
1 0.7314453125 0.2783203125 0.033203125 0.056640625
1 0.6865234375 0.2900390625 0.048828125 0.068359375
1 0.2802734375 0.3134765625 0.044921875 0.115234375
1 0.466796875 0.29296875 0.04296875 0.0703125
1 0.6298828125 0.3095703125 0.052734375 0.072265625
1 0.4208984375 0.306640625 0.041015625 0.05859375
1 0.3701171875 0.3212890625 0.037109375 0.056640625
1 0.572265625 0.3271484375 0.05078125 0.068359375
1 0.326171875 0.3310546875 0.03515625 0.052734375
1 0.5166015625 0.33984375 0.044921875 0.06640625
1 0.7314453125 0.3447265625 0.033203125 0.076171875
1 0.46875 0.357421875 0.04296875 0.0625
1 0.685546875 0.3671875 0.05078125 0.0703125
1 0.419921875 0.37109375 0.04296875 0.0625
1 0.62890625 0.3828125 0.0546875 0.0703125
1 0.2587890625 0.3720703125 0.009765625 0.048828125
1 0.37109375 0.380859375 0.0390625 0.05859375
1 0.5732421875 0.39453125 0.048828125 0.06640625
1 0.326171875 0.392578125 0.0390625 0.0546875
1 0.5185546875 0.40625 0.044921875 0.0625
1 0.2841796875 0.400390625 0.037109375 0.05078125
1 0.46875 0.4208984375 0.04296875 0.060546875
1 0.4228515625 0.4228515625 0.041015625 0.041015625
1 0.3740234375 0.4208984375 0.037109375 0.013671875
1 0.3291015625 0.4306640625 0.037109375 0.013671875
1 0.2861328125 0.439453125 0.037109375 0.015625
1 0.3525390625 0.466796875 0.044921875 0.0703125
1 0.669921875 0.4775390625 0.0546875 0.072265625
1 0.2998046875 0.4794921875 0.044921875 0.068359375
1 0.7373046875 0.48046875 0.021484375 0.0625
1 0.607421875 0.48828125 0.0546875 0.06640625
1 0.26171875 0.4892578125 0.0234375 0.060546875
1 0.5517578125 0.49609375 0.048828125 0.0625
1 0.349609375 0.54296875 0.046875 0.06640625
1 0.2978515625 0.552734375 0.044921875 0.0703125
1 0.6669921875 0.5537109375 0.056640625 0.072265625
1 0.7353515625 0.55859375 0.025390625 0.0703125
1 0.2587890625 0.55859375 0.017578125 0.0625
1 0.607421875 0.5615234375 0.0546875 0.072265625
1 0.34765625 0.6181640625 0.046875 0.068359375
1 0.294921875 0.6240234375 0.046875 0.068359375
1 0.66796875 0.6279296875 0.0546875 0.064453125
1 0.2578125 0.6298828125 0.015625 0.068359375
1 0.7333984375 0.6328125 0.029296875 0.07421875
1 0.6064453125 0.6337890625 0.052734375 0.064453125
1 0.3466796875 0.697265625 0.048828125 0.0703125
1 0.2939453125 0.701171875 0.048828125 0.06640625
1 0.66796875 0.7021484375 0.05859375 0.064453125
1 0.2568359375 0.705078125 0.013671875 0.0625
1 0.6064453125 0.705078125 0.052734375 0.05859375
