1 0.5869140625 0.3447265625 0.013671875 0.123046875
1 0.6279296875 0.3671875 0.025390625 0.1328125
1 0.3671875 0.375 0.046875 0.125
1 0.669921875 0.4130859375 0.015625 0.080078125
1 0.705078125 0.4423828125 0.015625 0.064453125
1 0.3271484375 0.513671875 0.005859375 0.01953125
1 0.345703125 0.53125 0.0078125 0.0234375
1 0.318359375 0.5263671875 0.00390625 0.005859375
1 0.314453125 0.53515625 0.00390625 0.0078125
1 0.3701171875 0.5546875 0.009765625 0.02734375
1 0.3134765625 0.552734375 0.005859375 0.0078125
1 0.3359375 0.5634765625 0.0078125 0.017578125
1 0.3486328125 0.5849609375 0.005859375 0.021484375
1 0.3759765625 0.6123046875 0.021484375 0.056640625
1 0.33984375 0.626953125 0.01171875 0.03515625
1 0.6552734375 0.681640625 0.068359375 0.125
1 0.4013671875 0.6416015625 0.009765625 0.021484375
1 0.3623046875 0.6513671875 0.001953125 0.005859375
1 0.421875 0.6806640625 0.015625 0.052734375
1 0.3603515625 0.666015625 0.005859375 0.015625
1 0.37890625 0.6767578125 0.01171875 0.033203125
