0 0.505859375 0.3515625 0.0234375 0.03515625
0 0.62109375 0.3701171875 0.0234375 0.033203125
0 0.66796875 0.3701171875 0.01953125 0.029296875
0 0.4892578125 0.3876953125 0.025390625 0.037109375
0 0.55078125 0.3876953125 0.0234375 0.033203125
0 0.5869140625 0.3896484375 0.044921875 0.037109375
0 0.5166015625 0.3896484375 0.021484375 0.033203125
0 0.650390625 0.390625 0.01953125 0.03125
0 0.62890625 0.404296875 0.01953125 0.03125
0 0.6552734375 0.4208984375 0.025390625 0.044921875
0 0.4736328125 0.423828125 0.021484375 0.03515625
0 0.501953125 0.423828125 0.0234375 0.03515625
0 0.5322265625 0.4248046875 0.021484375 0.037109375
0 0.611328125 0.4228515625 0.01953125 0.033203125
0 0.564453125 0.4599609375 0.02734375 0.099609375
0 0.5869140625 0.4267578125 0.021484375 0.033203125
0 0.634765625 0.44140625 0.01953125 0.03125
0 0.6611328125 0.51171875 0.048828125 0.171875
0 0.4306640625 0.455078125 0.025390625 0.0390625
0 0.4609375 0.4560546875 0.0234375 0.037109375
0 0.4931640625 0.4560546875 0.021484375 0.033203125
0 0.517578125 0.4580078125 0.01953125 0.033203125
0 0.5380859375 0.474609375 0.029296875 0.0625
0 0.623046875 0.466796875 0.0390625 0.046875
0 0.65234375 0.46484375 0.01953125 0.03125
0 0.4091796875 0.4794921875 0.025390625 0.037109375
0 0.5947265625 0.4814453125 0.021484375 0.033203125
0 0.4814453125 0.5068359375 0.029296875 0.068359375
0 0.44921875 0.4921875 0.02734375 0.03515625
0 0.49609375 0.4951171875 0.01171875 0.029296875
0 0.427734375 0.5146484375 0.02734375 0.037109375
0 0.396484375 0.517578125 0.02734375 0.03515625
0 0.6064453125 0.5166015625 0.068359375 0.033203125
0 0.548828125 0.5263671875 0.0234375 0.037109375
0 0.4541015625 0.5283203125 0.021484375 0.033203125
0 0.3720703125 0.5537109375 0.025390625 0.037109375
0 0.431640625 0.552734375 0.02734375 0.03515625
0 0.568359375 0.5517578125 0.0234375 0.033203125
0 0.59765625 0.56640625 0.0234375 0.05859375
0 0.3935546875 0.61328125 0.033203125 0.140625
0 0.46875 0.5615234375 0.0234375 0.037109375
0 0.5185546875 0.578125 0.029296875 0.0703125
0 0.48828125 0.580078125 0.03125 0.0703125
0 0.302734375 0.625 0.03515625 0.11328125
0 0.4248046875 0.6044921875 0.033203125 0.068359375
0 0.451171875 0.5869140625 0.0234375 0.037109375
0 0.6572265625 0.5830078125 0.021484375 0.029296875
0 0.333984375 0.625 0.0390625 0.109375
0 0.5439453125 0.5859375 0.021484375 0.03125
0 0.6201171875 0.583984375 0.013671875 0.02734375
0 0.5712890625 0.5859375 0.021484375 0.02734375
0 0.6220703125 0.61328125 0.021484375 0.02734375
0 0.5888671875 0.6318359375 0.021484375 0.060546875
0 0.3740234375 0.625 0.025390625 0.0390625
0 0.7333984375 0.6259765625 0.021484375 0.033203125
0 0.498046875 0.6298828125 0.0234375 0.033203125
0 0.6552734375 0.6396484375 0.021484375 0.029296875
0 0.6337890625 0.6435546875 0.013671875 0.029296875
0 0.61328125 0.64453125 0.01953125 0.02734375
0 0.5380859375 0.6494140625 0.021484375 0.033203125
0 0.564453125 0.6484375 0.01953125 0.03125
0 0.466796875 0.6513671875 0.01953125 0.033203125
0 0.5087890625 0.65234375 0.021484375 0.03125
0 0.431640625 0.6533203125 0.04296875 0.021484375
0 0.35546875 0.66015625 0.0234375 0.03515625
