0 0.333984375 0.2841796875 0.08203125 0.068359375
0 0.521484375 0.2822265625 0.08984375 0.064453125
0 0.626953125 0.2978515625 0.09765625 0.095703125
0 0.7197265625 0.259765625 0.056640625 0.01953125
0 0.4404296875 0.3271484375 0.087890625 0.123046875
0 0.27734375 0.341796875 0.0546875 0.1171875
0 0.7158203125 0.3544921875 0.064453125 0.134765625
0 0.3603515625 0.3857421875 0.080078125 0.115234375
0 0.541015625 0.3935546875 0.08984375 0.123046875
0 0.6416015625 0.4326171875 0.091796875 0.123046875
0 0.462890625 0.4755859375 0.0859375 0.115234375
0 0.7197265625 0.486328125 0.056640625 0.11328125
0 0.2890625 0.4853515625 0.078125 0.111328125
0 0.37890625 0.5244140625 0.08203125 0.111328125
0 0.55859375 0.5283203125 0.08984375 0.115234375
0 0.65625 0.5693359375 0.08984375 0.115234375
0 0.2578125 0.5771484375 0.015625 0.076171875
0 0.482421875 0.6015625 0.0859375 0.10546875
0 0.7265625 0.6064453125 0.04296875 0.111328125
0 0.3115234375 0.609375 0.080078125 0.10546875
0 0.5791015625 0.6484375 0.087890625 0.10546875
0 0.400390625 0.650390625 0.08203125 0.1015625
0 0.669921875 0.68359375 0.0859375 0.1015625
0 0.2734375 0.69140625 0.046875 0.09765625
0 0.50390625 0.7060546875 0.078125 0.083984375
0 0.3427734375 0.7197265625 0.076171875 0.056640625
0 0.732421875 0.724609375 0.03125 0.046875
0 0.5947265625 0.7275390625 0.076171875 0.041015625
0 0.4267578125 0.7333984375 0.064453125 0.029296875
