1 0.697265625 0.4052734375 0.03125 0.052734375
1 0.6025390625 0.427734375 0.044921875 0.0546875
1 0.6533203125 0.4296875 0.044921875 0.0546875
1 0.7255859375 0.4638671875 0.037109375 0.052734375
1 0.671875 0.46875 0.015625 0.03515625
1 0.5595703125 0.4931640625 0.041015625 0.056640625
1 0.6328125 0.505859375 0.046875 0.0625
1 0.501953125 0.5166015625 0.0546875 0.068359375
1 0.708984375 0.51953125 0.03125 0.04296875
1 0.6669921875 0.53515625 0.041015625 0.05078125
1 0.6279296875 0.5576171875 0.025390625 0.029296875
1 0.5703125 0.5791015625 0.046875 0.056640625
1 0.7392578125 0.57421875 0.017578125 0.04296875
1 0.705078125 0.5859375 0.03515625 0.0546875
1 0.513671875 0.607421875 0.0546875 0.0703125
1 0.6376953125 0.59765625 0.037109375 0.05078125
1 0.591796875 0.634765625 0.046875 0.05859375
1 0.5439453125 0.6416015625 0.029296875 0.048828125
1 0.7216796875 0.6630859375 0.033203125 0.052734375
1 0.4931640625 0.6962890625 0.056640625 0.068359375
1 0.6787109375 0.6962890625 0.041015625 0.064453125
1 0.564453125 0.68359375 0.03515625 0.01953125
1 0.515625 0.708984375 0.046875 0.05859375
1 0.439453125 0.7392578125 0.0234375 0.017578125
1 0.6865234375 0.7392578125 0.029296875 0.017578125
