1 0.2998046875 0.2705078125 0.021484375 0.041015625
1 0.326171875 0.2705078125 0.0234375 0.041015625
1 0.3544921875 0.271484375 0.029296875 0.04296875
1 0.3310546875 0.359375 0.021484375 0.06640625
1 0.3056640625 0.359375 0.017578125 0.05859375
1 0.3671875 0.369140625 0.03125 0.078125
1 0.400390625 0.3759765625 0.03125 0.087890625
1 0.4384765625 0.3798828125 0.037109375 0.087890625
1 0.494140625 0.3837890625 0.0390625 0.091796875
1 0.5419921875 0.3916015625 0.044921875 0.099609375
1 0.3115234375 0.427734375 0.021484375 0.05859375
1 0.3369140625 0.4326171875 0.021484375 0.060546875
1 0.373046875 0.453125 0.02734375 0.0703125
1 0.404296875 0.462890625 0.02734375 0.07421875
1 0.4423828125 0.4736328125 0.029296875 0.083984375
1 0.4951171875 0.4794921875 0.037109375 0.083984375
1 0.5400390625 0.4892578125 0.041015625 0.087890625
1 0.32421875 0.458984375 0.0 0.0
1 0.3486328125 0.5205078125 0.041015625 0.064453125
1 0.3828125 0.53125 0.01953125 0.05859375
1 0.40625 0.5439453125 0.0234375 0.060546875
1 0.4365234375 0.5595703125 0.025390625 0.068359375
1 0.4658203125 0.5751953125 0.029296875 0.072265625
1 0.3408203125 0.572265625 0.017578125 0.05078125
1 0.5029296875 0.58984375 0.029296875 0.07421875
1 0.36328125 0.5830078125 0.01953125 0.052734375
1 0.544921875 0.6044921875 0.0390625 0.080078125
1 0.3974609375 0.6025390625 0.041015625 0.068359375
1 0.439453125 0.626953125 0.0234375 0.0625
1 0.4697265625 0.6435546875 0.029296875 0.068359375
1 0.50390625 0.662109375 0.03125 0.0703125
1 0.5419921875 0.6806640625 0.037109375 0.076171875
