1 0.6787109375 0.52734375 0.037109375 0.0390625
1 0.744140625 0.564453125 0.0078125 0.03515625
1 0.71875 0.5673828125 0.03515625 0.037109375
1 0.6787109375 0.5888671875 0.033203125 0.076171875
1 0.5673828125 0.5947265625 0.033203125 0.076171875
1 0.6044921875 0.57421875 0.033203125 0.03515625
1 0.642578125 0.57421875 0.03125 0.03515625
1 0.5126953125 0.580078125 0.068359375 0.04296875
1 0.458984375 0.583984375 0.03125 0.0390625
1 0.384765625 0.5888671875 0.03515625 0.041015625
1 0.42578125 0.60546875 0.0390625 0.07421875
1 0.2568359375 0.5908203125 0.013671875 0.041015625
1 0.2822265625 0.5908203125 0.033203125 0.037109375
1 0.3173828125 0.58984375 0.033203125 0.03515625
1 0.3505859375 0.58984375 0.029296875 0.03515625
1 0.7158203125 0.609375 0.033203125 0.03515625
1 0.7421875 0.607421875 0.01171875 0.03515625
1 0.6416015625 0.61328125 0.029296875 0.03515625
1 0.60546875 0.615234375 0.03125 0.03515625
1 0.5341796875 0.6162109375 0.029296875 0.033203125
1 0.5 0.66796875 0.03515625 0.125
1 0.46484375 0.6240234375 0.02734375 0.029296875
1 0.3427734375 0.6328125 0.064453125 0.03515625
1 0.392578125 0.6318359375 0.03125 0.033203125
1 0.2880859375 0.6396484375 0.037109375 0.033203125
1 0.2607421875 0.642578125 0.021484375 0.03515625
1 0.7373046875 0.6435546875 0.021484375 0.029296875
1 0.708984375 0.6455078125 0.03125 0.029296875
1 0.6728515625 0.646484375 0.029296875 0.02734375
1 0.5341796875 0.65234375 0.029296875 0.03125
1 0.5673828125 0.65234375 0.029296875 0.03125
1 0.6044921875 0.6513671875 0.029296875 0.029296875
1 0.6376953125 0.650390625 0.029296875 0.02734375
1 0.4677734375 0.6591796875 0.025390625 0.029296875
1 0.43359375 0.6767578125 0.03125 0.048828125
1 0.3642578125 0.669921875 0.033203125 0.02734375
1 0.3994140625 0.6669921875 0.025390625 0.025390625
1 0.3291015625 0.6689453125 0.029296875 0.025390625
1 0.263671875 0.6796875 0.02734375 0.03125
1 0.29296875 0.67578125 0.03125 0.02734375
1 0.7021484375 0.6806640625 0.029296875 0.033203125
1 0.7353515625 0.6796875 0.025390625 0.03125
1 0.6337890625 0.6826171875 0.029296875 0.029296875
1 0.6669921875 0.6826171875 0.025390625 0.029296875
1 0.5654296875 0.6845703125 0.029296875 0.029296875
1 0.5341796875 0.6865234375 0.025390625 0.029296875
1 0.599609375 0.68359375 0.02734375 0.0234375
1 0.46875 0.6884765625 0.0234375 0.017578125
1 0.4052734375 0.6943359375 0.029296875 0.025390625
1 0.3544921875 0.69921875 0.060546875 0.02734375
1 0.3076171875 0.7060546875 0.029296875 0.021484375
1 0.275390625 0.7099609375 0.03125 0.025390625
1 0.595703125 0.7138671875 0.02734375 0.029296875
1 0.6279296875 0.7109375 0.025390625 0.01953125
1 0.6982421875 0.71484375 0.029296875 0.02734375
1 0.732421875 0.712890625 0.03125 0.0234375
1 0.4404296875 0.7158203125 0.025390625 0.025390625
1 0.470703125 0.716796875 0.02734375 0.02734375
1 0.5634765625 0.716796875 0.025390625 0.02734375
1 0.6630859375 0.716796875 0.029296875 0.02734375
1 0.533203125 0.716796875 0.0234375 0.0234375
1 0.4111328125 0.7294921875 0.033203125 0.037109375
1 0.3779296875 0.7255859375 0.029296875 0.025390625
1 0.3447265625 0.728515625 0.025390625 0.01953125
1 0.287109375 0.7353515625 0.0234375 0.017578125
1 0.31640625 0.7353515625 0.03125 0.021484375
1 0.6279296875 0.736328125 0.025390625 0.0234375
1 0.7314453125 0.73828125 0.033203125 0.01953125
1 0.5361328125 0.7412109375 0.025390625 0.013671875
1 0.5654296875 0.7412109375 0.025390625 0.013671875
1 0.59765625 0.7412109375 0.0234375 0.013671875
1 0.6630859375 0.7412109375 0.029296875 0.013671875
1 0.6953125 0.7412109375 0.02734375 0.013671875
1 0.4453125 0.7421875 0.0234375 0.01171875
1 0.474609375 0.7421875 0.0234375 0.01171875
1 0.505859375 0.7421875 0.02734375 0.01171875
1 0.3505859375 0.7451171875 0.029296875 0.005859375
1 0.3828125 0.7451171875 0.02734375 0.005859375
