1 0.666015625 0.3203125 0.11328125 0.140625
1 0.7392578125 0.318359375 0.017578125 0.13671875
1 0.5625 0.3251953125 0.08203125 0.126953125
1 0.4130859375 0.3310546875 0.072265625 0.126953125
1 0.3359375 0.3369140625 0.0546875 0.115234375
1 0.2841796875 0.34375 0.041015625 0.10546875
1 0.2529296875 0.345703125 0.005859375 0.078125
1 0.2568359375 0.443359375 0.013671875 0.08984375
1 0.2900390625 0.4501953125 0.041015625 0.095703125
1 0.55859375 0.458984375 0.078125 0.11328125
1 0.654296875 0.470703125 0.10546875 0.13671875
1 0.341796875 0.4609375 0.05078125 0.10546875
1 0.41015625 0.4697265625 0.06640625 0.119140625
1 0.7314453125 0.4765625 0.033203125 0.13671875
1 0.2578125 0.5380859375 0.015625 0.083984375
1 0.2919921875 0.5537109375 0.041015625 0.091796875
1 0.55078125 0.57421875 0.07421875 0.109375
1 0.3427734375 0.5732421875 0.048828125 0.103515625
1 0.41015625 0.5927734375 0.0625 0.126953125
1 0.6435546875 0.599609375 0.095703125 0.12890625
1 0.7236328125 0.62109375 0.048828125 0.13671875
1 0.2607421875 0.6220703125 0.021484375 0.076171875
1 0.2978515625 0.650390625 0.037109375 0.0859375
1 0.34375 0.6708984375 0.04296875 0.099609375
1 0.5478515625 0.68359375 0.072265625 0.11328125
1 0.6357421875 0.701171875 0.095703125 0.09375
1 0.4013671875 0.703125 0.060546875 0.08984375
1 0.720703125 0.7197265625 0.0546875 0.056640625
