0 0.328125 0.4248046875 0.03125 0.025390625
0 0.40234375 0.4697265625 0.03515625 0.025390625
0 0.49609375 0.4677734375 0.03125 0.021484375
0 0.349609375 0.474609375 0.03515625 0.02734375
0 0.30078125 0.4755859375 0.03125 0.021484375
0 0.2587890625 0.484375 0.017578125 0.01953125
0 0.5341796875 0.5 0.033203125 0.0234375
0 0.4384765625 0.505859375 0.037109375 0.02734375
0 0.3740234375 0.5078125 0.029296875 0.01953125
0 0.408203125 0.5068359375 0.015625 0.021484375
0 0.474609375 0.5107421875 0.01953125 0.021484375
0 0.314453125 0.51171875 0.02734375 0.01953125
0 0.6162109375 0.5126953125 0.017578125 0.017578125
0 0.2607421875 0.5263671875 0.021484375 0.021484375
0 0.5068359375 0.5283203125 0.029296875 0.017578125
0 0.5810546875 0.537109375 0.037109375 0.0234375
0 0.294921875 0.5361328125 0.0234375 0.017578125
0 0.505859375 0.5498046875 0.0234375 0.013671875
0 0.470703125 0.5537109375 0.01953125 0.013671875
0 0.333984375 0.5693359375 0.03125 0.017578125
0 0.435546875 0.5732421875 0.02734375 0.013671875
0 0.533203125 0.5732421875 0.01171875 0.013671875
0 0.4609375 0.5771484375 0.0078125 0.013671875
0 0.58984375 0.5771484375 0.0078125 0.013671875
0 0.4111328125 0.58203125 0.017578125 0.01171875
0 0.484375 0.6083984375 0.02734375 0.013671875
0 0.259765625 0.6103515625 0.01953125 0.013671875
0 0.712890625 0.6162109375 0.0390625 0.021484375
0 0.2958984375 0.6279296875 0.029296875 0.013671875
0 0.3271484375 0.6259765625 0.009765625 0.009765625
0 0.4658203125 0.640625 0.017578125 0.01171875
0 0.556640625 0.6416015625 0.03515625 0.017578125
0 0.4208984375 0.6416015625 0.021484375 0.009765625
0 0.2734375 0.6455078125 0.01953125 0.009765625
0 0.3544921875 0.6591796875 0.029296875 0.017578125
0 0.4033203125 0.658203125 0.013671875 0.0078125
0 0.4501953125 0.6611328125 0.017578125 0.009765625
0 0.6630859375 0.6708984375 0.041015625 0.017578125
0 0.2890625 0.6806640625 0.015625 0.009765625
0 0.5771484375 0.681640625 0.025390625 0.01171875
0 0.498046875 0.6884765625 0.01953125 0.009765625
0 0.3720703125 0.6904296875 0.009765625 0.005859375
0 0.6904296875 0.6943359375 0.025390625 0.013671875
0 0.64453125 0.7060546875 0.03125 0.013671875
0 0.734375 0.71484375 0.02734375 0.015625
0 0.478515625 0.720703125 0.0234375 0.01171875
0 0.58984375 0.7216796875 0.01171875 0.009765625
