1 0.7001953125 0.5048828125 0.025390625 0.072265625
1 0.5751953125 0.53515625 0.021484375 0.04296875
1 0.7119140625 0.591796875 0.060546875 0.08203125
1 0.58984375 0.5849609375 0.03125 0.037109375
1 0.59765625 0.62890625 0.06640625 0.04296875
1 0.5 0.6259765625 0.015625 0.009765625
1 0.4033203125 0.63671875 0.005859375 0.0078125
1 0.4541015625 0.6396484375 0.005859375 0.005859375
1 0.5087890625 0.6494140625 0.017578125 0.009765625
1 0.41015625 0.6552734375 0.00390625 0.005859375
1 0.4619140625 0.65625 0.005859375 0.00390625
