0 0.396484375 0.4736328125 0.0703125 0.072265625
0 0.326171875 0.47265625 0.0234375 0.0625
0 0.4775390625 0.5107421875 0.083984375 0.091796875
0 0.34765625 0.5478515625 0.0625 0.072265625
0 0.4306640625 0.560546875 0.072265625 0.06640625
0 0.33203125 0.6005859375 0.03515625 0.060546875
0 0.5234375 0.607421875 0.08984375 0.0703125
0 0.390625 0.62109375 0.0625 0.05859375
0 0.4677734375 0.6494140625 0.072265625 0.064453125
0 0.359375 0.6669921875 0.05078125 0.052734375
0 0.5849609375 0.6826171875 0.087890625 0.080078125
0 0.4404296875 0.681640625 0.060546875 0.046875
0 0.33984375 0.6982421875 0.046875 0.044921875
0 0.5166015625 0.7197265625 0.068359375 0.056640625
0 0.4052734375 0.72265625 0.052734375 0.046875
