0 0.6982421875 0.28515625 0.056640625 0.0703125
0 0.6337890625 0.33984375 0.099609375 0.12890625
0 0.728515625 0.34765625 0.0390625 0.08984375
0 0.5986328125 0.4091796875 0.056640625 0.091796875
0 0.720703125 0.439453125 0.0546875 0.08984375
0 0.6533203125 0.462890625 0.056640625 0.08984375
0 0.5791015625 0.5068359375 0.056640625 0.083984375
0 0.7431640625 0.5166015625 0.009765625 0.064453125
0 0.708984375 0.5361328125 0.0546875 0.087890625
0 0.638671875 0.556640625 0.0546875 0.08984375
0 0.54296875 0.591796875 0.05078125 0.0859375
0 0.732421875 0.609375 0.02734375 0.08203125
0 0.68359375 0.6318359375 0.05859375 0.087890625
0 0.6064453125 0.646484375 0.052734375 0.0859375
0 0.5283203125 0.6884765625 0.060546875 0.087890625
0 0.7158203125 0.69140625 0.052734375 0.05859375
0 0.6533203125 0.6982421875 0.052734375 0.044921875
0 0.587890625 0.7080078125 0.046875 0.025390625
