1 0.6728515625 0.455078125 0.123046875 0.25
1 0.611328125 0.4189453125 0.046875 0.126953125
1 0.580078125 0.546875 0.046875 0.12890625
1 0.4951171875 0.5107421875 0.021484375 0.052734375
1 0.5341796875 0.552734375 0.021484375 0.05078125
1 0.5078125 0.560546875 0.01953125 0.05078125
1 0.4794921875 0.5732421875 0.025390625 0.056640625
1 0.5439453125 0.6005859375 0.021484375 0.052734375
1 0.5185546875 0.611328125 0.021484375 0.05078125
1 0.4931640625 0.6240234375 0.021484375 0.052734375
1 0.44921875 0.6455078125 0.0546875 0.056640625
