1 0.4638671875 0.3427734375 0.056640625 0.083984375
1 0.4013671875 0.349609375 0.044921875 0.08203125
1 0.32421875 0.349609375 0.078125 0.07421875
1 0.2587890625 0.35546875 0.017578125 0.0703125
1 0.26171875 0.431640625 0.0234375 0.0703125
1 0.306640625 0.4365234375 0.03515625 0.068359375
1 0.3525390625 0.4384765625 0.037109375 0.072265625
1 0.4111328125 0.4462890625 0.048828125 0.080078125
1 0.474609375 0.4482421875 0.0546875 0.087890625
1 0.2529296875 0.505859375 0.005859375 0.0546875
1 0.279296875 0.5166015625 0.03125 0.068359375
1 0.3330078125 0.525390625 0.037109375 0.0703125
1 0.3828125 0.537109375 0.04296875 0.08203125
1 0.4521484375 0.5498046875 0.048828125 0.087890625
1 0.5244140625 0.5654296875 0.060546875 0.095703125
1 0.2529296875 0.5830078125 0.005859375 0.056640625
1 0.279296875 0.5947265625 0.03125 0.068359375
1 0.3369140625 0.609375 0.037109375 0.0703125
1 0.3876953125 0.6279296875 0.044921875 0.080078125
1 0.455078125 0.650390625 0.05078125 0.08984375
1 0.5263671875 0.67578125 0.060546875 0.09765625
