0 0.552734375 0.34375 0.046875 0.15625
0 0.7109375 0.3447265625 0.04296875 0.150390625
0 0.4970703125 0.3505859375 0.048828125 0.154296875
0 0.607421875 0.349609375 0.046875 0.15234375
0 0.66015625 0.3486328125 0.04296875 0.142578125
0 0.744140625 0.3388671875 0.0078125 0.111328125
0 0.5791015625 0.4970703125 0.044921875 0.150390625
0 0.634765625 0.4970703125 0.04296875 0.154296875
0 0.46875 0.505859375 0.05078125 0.15625
0 0.7314453125 0.5009765625 0.033203125 0.142578125
0 0.685546875 0.50390625 0.0390625 0.14453125
0 0.5244140625 0.509765625 0.044921875 0.15625
0 0.5576171875 0.6484375 0.048828125 0.15625
0 0.609375 0.6474609375 0.04296875 0.154296875
0 0.6611328125 0.6474609375 0.044921875 0.142578125
0 0.7119140625 0.6513671875 0.044921875 0.146484375
0 0.498046875 0.6611328125 0.046875 0.154296875
0 0.744140625 0.6455078125 0.0078125 0.107421875
0 0.6357421875 0.73046875 0.033203125 0.0234375
0 0.689453125 0.7314453125 0.03125 0.025390625
0 0.5849609375 0.732421875 0.025390625 0.0234375
0 0.5341796875 0.734375 0.021484375 0.0234375
0 0.736328125 0.734375 0.0234375 0.0234375
0 0.46875 0.7373046875 0.0234375 0.013671875
