0 0.5 0.3046875 0.0546875 0.0859375
0 0.6181640625 0.3359375 0.048828125 0.0859375
0 0.44140625 0.3388671875 0.0546875 0.083984375
0 0.5537109375 0.369140625 0.052734375 0.0859375
0 0.380859375 0.3740234375 0.05859375 0.083984375
0 0.482421875 0.3984375 0.05078125 0.078125
0 0.638671875 0.3935546875 0.03515625 0.072265625
0 0.7275390625 0.4072265625 0.037109375 0.072265625
0 0.5966796875 0.4287109375 0.048828125 0.076171875
0 0.4306640625 0.4326171875 0.052734375 0.083984375
0 0.6806640625 0.4482421875 0.041015625 0.072265625
0 0.5439453125 0.462890625 0.052734375 0.0859375
0 0.7451171875 0.4599609375 0.005859375 0.021484375
0 0.474609375 0.486328125 0.05078125 0.078125
0 0.3779296875 0.49609375 0.068359375 0.09765625
0 0.6533203125 0.4912109375 0.044921875 0.080078125
0 0.5859375 0.5166015625 0.046875 0.080078125
0 0.7373046875 0.5234375 0.021484375 0.07421875
0 0.42578125 0.525390625 0.046875 0.08203125
0 0.5234375 0.5458984375 0.05078125 0.076171875
0 0.607421875 0.5498046875 0.03125 0.060546875
0 0.6513671875 0.5419921875 0.037109375 0.029296875
0 0.3671875 0.591796875 0.0625 0.08203125
0 0.3203125 0.572265625 0.0234375 0.03515625
0 0.2587890625 0.5810546875 0.017578125 0.037109375
0 0.716796875 0.599609375 0.04296875 0.0703125
0 0.4873046875 0.6103515625 0.056640625 0.080078125
0 0.291015625 0.591796875 0.02734375 0.03515625
0 0.5810546875 0.615234375 0.048828125 0.078125
0 0.3271484375 0.6142578125 0.017578125 0.033203125
0 0.2685546875 0.623046875 0.025390625 0.03515625
0 0.681640625 0.6474609375 0.046875 0.076171875
0 0.3095703125 0.6787109375 0.076171875 0.111328125
0 0.423828125 0.6708984375 0.05859375 0.107421875
0 0.6142578125 0.65625 0.044921875 0.0703125
0 0.5322265625 0.6650390625 0.052734375 0.080078125
0 0.3369140625 0.6416015625 0.021484375 0.017578125
0 0.375 0.658203125 0.0234375 0.03125
0 0.255859375 0.6650390625 0.01171875 0.033203125
0 0.712890625 0.6875 0.04296875 0.06640625
0 0.4755859375 0.70703125 0.056640625 0.078125
0 0.576171875 0.712890625 0.046875 0.0703125
0 0.2646484375 0.6982421875 0.025390625 0.037109375
0 0.298828125 0.71875 0.03515625 0.0546875
0 0.7197265625 0.7138671875 0.033203125 0.044921875
0 0.6669921875 0.724609375 0.037109375 0.046875
0 0.43359375 0.716796875 0.015625 0.01953125
0 0.6259765625 0.734375 0.041015625 0.02734375
0 0.2763671875 0.7373046875 0.025390625 0.021484375
0 0.37890625 0.7373046875 0.01953125 0.021484375
0 0.423828125 0.740234375 0.01953125 0.015625
