0 0.3212890625 0.5400390625 0.021484375 0.041015625
0 0.3486328125 0.55859375 0.021484375 0.04296875
0 0.3095703125 0.5771484375 0.021484375 0.044921875
0 0.3369140625 0.591796875 0.021484375 0.04296875
0 0.30078125 0.6044921875 0.01953125 0.033203125
0 0.3642578125 0.611328125 0.021484375 0.04296875
0 0.328125 0.623046875 0.01953125 0.0390625
0 0.294921875 0.634765625 0.01953125 0.03515625
0 0.3544921875 0.6416015625 0.021484375 0.041015625
0 0.318359375 0.654296875 0.01953125 0.0390625
0 0.3837890625 0.6630859375 0.021484375 0.041015625
0 0.34375 0.6708984375 0.01953125 0.037109375
0 0.37109375 0.693359375 0.01953125 0.0390625
0 0.3994140625 0.7158203125 0.021484375 0.044921875
