1 0.7001953125 0.5009765625 0.029296875 0.111328125
1 0.5751953125 0.544921875 0.025390625 0.0703125
1 0.7109375 0.62890625 0.0625 0.125
1 0.5888671875 0.6201171875 0.033203125 0.068359375
1 0.599609375 0.6865234375 0.0703125 0.072265625
1 0.5009765625 0.6806640625 0.021484375 0.025390625
1 0.40234375 0.6982421875 0.0078125 0.013671875
1 0.4541015625 0.703125 0.005859375 0.0234375
1 0.5087890625 0.7119140625 0.017578125 0.025390625
1 0.41015625 0.7236328125 0.0078125 0.017578125
1 0.4599609375 0.7255859375 0.009765625 0.013671875
