0 0.6142578125 0.3486328125 0.087890625 0.158203125
0 0.6982421875 0.3447265625 0.076171875 0.142578125
0 0.5419921875 0.48046875 0.076171875 0.14453125
0 0.7041015625 0.4697265625 0.068359375 0.115234375
0 0.345703125 0.498046875 0.1015625 0.16796875
0 0.455078125 0.4921875 0.09375 0.15625
0 0.623046875 0.4794921875 0.07421875 0.119140625
0 0.2880859375 0.6005859375 0.072265625 0.138671875
0 0.4765625 0.6044921875 0.08203125 0.130859375
0 0.3828125 0.6162109375 0.08984375 0.123046875
0 0.732421875 0.6083984375 0.02734375 0.123046875
0 0.6787109375 0.6181640625 0.076171875 0.134765625
0 0.5830078125 0.623046875 0.083984375 0.140625
0 0.4189453125 0.69921875 0.083984375 0.09375
0 0.5263671875 0.7119140625 0.080078125 0.072265625
0 0.62109375 0.7158203125 0.078125 0.064453125
0 0.712890625 0.7177734375 0.0703125 0.060546875
0 0.33984375 0.7353515625 0.0703125 0.025390625
