1 0.4638671875 0.263671875 0.041015625 0.0234375
1 0.7119140625 0.263671875 0.037109375 0.0234375
1 0.26171875 0.2646484375 0.0234375 0.021484375
1 0.3115234375 0.263671875 0.044921875 0.01953125
1 0.359375 0.263671875 0.0390625 0.01953125
1 0.4130859375 0.2646484375 0.041015625 0.017578125
1 0.517578125 0.265625 0.0390625 0.01953125
1 0.56640625 0.267578125 0.0390625 0.01953125
1 0.6162109375 0.271484375 0.037109375 0.01953125
1 0.66796875 0.271484375 0.03515625 0.01953125
1 0.2744140625 0.2841796875 0.041015625 0.009765625
1 0.3212890625 0.283203125 0.033203125 0.0078125
1 0.7041015625 0.2939453125 0.033203125 0.021484375
1 0.3671875 0.2939453125 0.0390625 0.017578125
1 0.4150390625 0.2958984375 0.037109375 0.017578125
1 0.46875 0.2958984375 0.03515625 0.017578125
1 0.515625 0.296875 0.0390625 0.015625
1 0.5634765625 0.2978515625 0.033203125 0.017578125
1 0.6123046875 0.30078125 0.041015625 0.01953125
1 0.6611328125 0.30078125 0.041015625 0.01953125
1 0.279296875 0.390625 0.03515625 0.0234375
1 0.322265625 0.392578125 0.03125 0.01953125
1 0.6923828125 0.392578125 0.029296875 0.01953125
1 0.3603515625 0.3955078125 0.029296875 0.017578125
1 0.3984375 0.39453125 0.02734375 0.015625
1 0.435546875 0.3955078125 0.02734375 0.017578125
1 0.470703125 0.396484375 0.02734375 0.01953125
1 0.51171875 0.3974609375 0.02734375 0.021484375
1 0.546875 0.3955078125 0.02734375 0.017578125
1 0.5830078125 0.396484375 0.025390625 0.01953125
1 0.6201171875 0.396484375 0.029296875 0.01953125
1 0.65625 0.3955078125 0.02734375 0.017578125
1 0.2900390625 0.4169921875 0.033203125 0.017578125
1 0.68359375 0.416015625 0.02734375 0.015625
1 0.384765625 0.412109375 0.0 0.0
1 0.650390625 0.4189453125 0.02734375 0.013671875
1 0.3330078125 0.421875 0.037109375 0.015625
1 0.365234375 0.421875 0.02734375 0.015625
1 0.40234375 0.421875 0.03125 0.015625
1 0.4755859375 0.42578125 0.029296875 0.01953125
1 0.5107421875 0.42578125 0.033203125 0.01953125
1 0.6162109375 0.423828125 0.025390625 0.015625
1 0.439453125 0.42578125 0.03125 0.015625
1 0.5478515625 0.4267578125 0.029296875 0.017578125
1 0.5830078125 0.4267578125 0.025390625 0.017578125
1 0.67578125 0.4365234375 0.02734375 0.013671875
1 0.302734375 0.439453125 0.03125 0.015625
1 0.6435546875 0.4404296875 0.025390625 0.013671875
1 0.4111328125 0.443359375 0.029296875 0.015625
1 0.611328125 0.4443359375 0.02734375 0.013671875
1 0.3388671875 0.4462890625 0.029296875 0.013671875
1 0.375 0.4462890625 0.02734375 0.013671875
1 0.4951171875 0.4765625 0.056640625 0.07421875
1 0.576171875 0.4462890625 0.0234375 0.013671875
1 0.4462890625 0.4560546875 0.033203125 0.029296875
1 0.544921875 0.4501953125 0.0234375 0.013671875
1 0.66796875 0.455078125 0.0234375 0.01171875
1 0.322265625 0.48046875 0.046875 0.05859375
1 0.6376953125 0.458984375 0.025390625 0.01171875
1 0.59375 0.4921875 0.046875 0.0703125
1 0.3466796875 0.462890625 0.025390625 0.01171875
1 0.3818359375 0.462890625 0.025390625 0.01171875
1 0.416015625 0.4716796875 0.0234375 0.029296875
1 0.576171875 0.4638671875 0.0234375 0.013671875
1 0.5517578125 0.494140625 0.056640625 0.06640625
1 0.66015625 0.470703125 0.0234375 0.01171875
1 0.630859375 0.474609375 0.0234375 0.01171875
1 0.35546875 0.478515625 0.02734375 0.01171875
1 0.3876953125 0.478515625 0.021484375 0.01171875
1 0.451171875 0.494140625 0.02734375 0.0390625
1 0.654296875 0.4873046875 0.01953125 0.013671875
1 0.6240234375 0.490234375 0.017578125 0.01171875
1 0.3603515625 0.494140625 0.021484375 0.01171875
1 0.392578125 0.494140625 0.0234375 0.01171875
1 0.423828125 0.4951171875 0.0234375 0.009765625
1 0.646484375 0.5029296875 0.0234375 0.009765625
1 0.615234375 0.505859375 0.01953125 0.01171875
1 0.3642578125 0.515625 0.021484375 0.0234375
1 0.392578125 0.5234375 0.0234375 0.03515625
1 0.4208984375 0.5263671875 0.021484375 0.025390625
1 0.5068359375 0.5087890625 0.025390625 0.009765625
1 0.638671875 0.515625 0.01953125 0.0078125
1 0.33984375 0.529296875 0.02734375 0.03125
1 0.6103515625 0.51953125 0.017578125 0.0078125
1 0.4501953125 0.5224609375 0.017578125 0.009765625
1 0.4765625 0.5322265625 0.0234375 0.029296875
1 0.5029296875 0.52734375 0.021484375 0.01953125
1 0.6337890625 0.52734375 0.017578125 0.0078125
1 0.6044921875 0.53125 0.017578125 0.0078125
1 0.5498046875 0.537109375 0.021484375 0.015625
1 0.3662109375 0.541015625 0.017578125 0.01953125
1 0.447265625 0.53515625 0.01953125 0.0078125
1 0.509765625 0.5390625 0.04296875 0.015625
1 0.6259765625 0.5380859375 0.017578125 0.005859375
1 0.5966796875 0.54296875 0.017578125 0.0078125
1 0.4462890625 0.5458984375 0.017578125 0.005859375
1 0.396484375 0.5478515625 0.01953125 0.005859375
1 0.421875 0.5478515625 0.01953125 0.005859375
1 0.6181640625 0.546875 0.013671875 0.00390625
1 0.34765625 0.552734375 0.01953125 0.0078125
1 0.5419921875 0.5537109375 0.017578125 0.005859375
1 0.56640625 0.552734375 0.015625 0.00390625
1 0.591796875 0.552734375 0.015625 0.00390625
1 0.4482421875 0.5546875 0.013671875 0.00390625
1 0.470703125 0.5556640625 0.01953125 0.005859375
1 0.4951171875 0.5556640625 0.017578125 0.005859375
1 0.5185546875 0.5556640625 0.017578125 0.005859375
1 0.373046875 0.556640625 0.01953125 0.00390625
1 0.3974609375 0.556640625 0.017578125 0.00390625
1 0.4228515625 0.5556640625 0.013671875 0.001953125
1 0.564453125 0.5615234375 0.015625 0.005859375
1 0.587890625 0.5615234375 0.015625 0.005859375
1 0.3525390625 0.5634765625 0.021484375 0.005859375
1 0.447265625 0.564453125 0.01953125 0.0078125
1 0.5400390625 0.5634765625 0.017578125 0.005859375
1 0.6103515625 0.5625 0.013671875 0.00390625
1 0.3759765625 0.5654296875 0.013671875 0.005859375
1 0.4013671875 0.5654296875 0.017578125 0.005859375
1 0.4228515625 0.5654296875 0.017578125 0.005859375
1 0.470703125 0.564453125 0.01953125 0.00390625
1 0.4951171875 0.564453125 0.013671875 0.00390625
1 0.517578125 0.5654296875 0.01953125 0.005859375
