0 0.3359375 0.314453125 0.09765625 0.12890625
0 0.458984375 0.3544921875 0.171875 0.208984375
0 0.34375 0.47265625 0.10546875 0.16796875
0 0.4375 0.5263671875 0.078125 0.111328125
0 0.412109375 0.595703125 0.0625 0.078125
0 0.509765625 0.6259765625 0.09375 0.111328125
0 0.33984375 0.611328125 0.046875 0.07421875
0 0.2919921875 0.6220703125 0.037109375 0.064453125
0 0.396484375 0.67578125 0.03125 0.0703125
0 0.451171875 0.6904296875 0.078125 0.099609375
0 0.3505859375 0.6826171875 0.041015625 0.048828125
0 0.705078125 0.6875 0.04296875 0.0546875
0 0.7275390625 0.673828125 0.029296875 0.03125
0 0.310546875 0.7021484375 0.05078125 0.083984375
0 0.673828125 0.6767578125 0.01953125 0.025390625
0 0.5634765625 0.7080078125 0.087890625 0.080078125
0 0.7373046875 0.705078125 0.017578125 0.02734375
0 0.681640625 0.7216796875 0.0390625 0.044921875
0 0.6728515625 0.7314453125 0.017578125 0.017578125
0 0.728515625 0.7373046875 0.03125 0.021484375
