0 0.6884765625 0.2744140625 0.076171875 0.044921875
0 0.4658203125 0.2998046875 0.076171875 0.091796875
0 0.5908203125 0.283203125 0.083984375 0.05859375
0 0.740234375 0.26953125 0.015625 0.03125
0 0.4013671875 0.3896484375 0.173828125 0.232421875
0 0.6220703125 0.3642578125 0.072265625 0.111328125
0 0.69921875 0.3603515625 0.07421875 0.107421875
0 0.53515625 0.369140625 0.08203125 0.1171875
0 0.73046875 0.4521484375 0.03515625 0.103515625
0 0.6611328125 0.4462890625 0.064453125 0.064453125
0 0.583984375 0.4326171875 0.06640625 0.037109375
0 0.318359375 0.5986328125 0.13671875 0.244140625
0 0.66796875 0.5927734375 0.15234375 0.224609375
0 0.4912109375 0.6201171875 0.185546875 0.248046875
