0 0.552734375 0.521484375 0.03125 0.0234375
0 0.6220703125 0.5205078125 0.029296875 0.021484375
0 0.525390625 0.5341796875 0.03515625 0.044921875
0 0.5869140625 0.5224609375 0.029296875 0.021484375
0 0.66796875 0.5341796875 0.04296875 0.044921875
0 0.70703125 0.5361328125 0.04296875 0.048828125
0 0.4267578125 0.541015625 0.029296875 0.0234375
0 0.47265625 0.5537109375 0.04296875 0.048828125
0 0.3896484375 0.556640625 0.060546875 0.046875
0 0.3486328125 0.546875 0.029296875 0.0234375
0 0.4970703125 0.5458984375 0.029296875 0.021484375
0 0.291015625 0.5595703125 0.078125 0.048828125
0 0.5791015625 0.5556640625 0.041015625 0.041015625
0 0.6123046875 0.5556640625 0.037109375 0.041015625
0 0.6474609375 0.5576171875 0.041015625 0.044921875
0 0.517578125 0.564453125 0.02734375 0.01953125
0 0.4443359375 0.5673828125 0.033203125 0.025390625
0 0.5517578125 0.5673828125 0.029296875 0.017578125
0 0.6904296875 0.568359375 0.029296875 0.01953125
0 0.7275390625 0.568359375 0.029296875 0.0234375
