0 0.4580078125 0.4501953125 0.060546875 0.080078125
0 0.7099609375 0.4521484375 0.056640625 0.068359375
0 0.58984375 0.4580078125 0.0625 0.072265625
0 0.326171875 0.4697265625 0.0625 0.076171875
0 0.283203125 0.4658203125 0.03125 0.064453125
0 0.7353515625 0.482421875 0.025390625 0.0546875
0 0.4013671875 0.4912109375 0.056640625 0.068359375
0 0.6435546875 0.49609375 0.056640625 0.06640625
0 0.521484375 0.5068359375 0.0625 0.072265625
0 0.4609375 0.5224609375 0.05078125 0.052734375
0 0.580078125 0.525390625 0.05078125 0.05859375
0 0.6904296875 0.52734375 0.052734375 0.0625
0 0.345703125 0.5263671875 0.0546875 0.052734375
0 0.2919921875 0.54296875 0.048828125 0.05859375
0 0.4072265625 0.5517578125 0.052734375 0.048828125
0 0.6279296875 0.5634765625 0.052734375 0.056640625
0 0.728515625 0.5673828125 0.0390625 0.056640625
0 0.5185546875 0.5673828125 0.052734375 0.044921875
0 0.25390625 0.57421875 0.0078125 0.03515625
0 0.4638671875 0.58203125 0.048828125 0.05078125
0 0.353515625 0.59375 0.046875 0.0546875
0 0.5693359375 0.595703125 0.048828125 0.0546875
0 0.673828125 0.59375 0.05078125 0.0546875
0 0.3115234375 0.59765625 0.037109375 0.046875
0 0.4091796875 0.6142578125 0.044921875 0.048828125
0 0.513671875 0.6171875 0.046875 0.04296875
0 0.6181640625 0.625 0.048828125 0.05078125
0 0.462890625 0.640625 0.046875 0.046875
0 0.3173828125 0.6533203125 0.037109375 0.048828125
0 0.7255859375 0.6552734375 0.044921875 0.052734375
0 0.3671875 0.654296875 0.04296875 0.046875
0 0.2607421875 0.6591796875 0.017578125 0.044921875
0 0.6630859375 0.666015625 0.048828125 0.05078125
0 0.5654296875 0.6748046875 0.048828125 0.048828125
0 0.51171875 0.6875 0.04296875 0.046875
0 0.4619140625 0.6943359375 0.037109375 0.044921875
0 0.408203125 0.697265625 0.04296875 0.04296875
0 0.6123046875 0.701171875 0.044921875 0.046875
0 0.5615234375 0.70703125 0.041015625 0.01953125
0 0.5107421875 0.72265625 0.041015625 0.0234375
0 0.3466796875 0.7392578125 0.041015625 0.017578125
0 0.4375 0.7412109375 0.03515625 0.013671875
