1 0.94140625 0.107421875 0.0703125 0.12109375
1 0.85546875 0.13671875 0.0859375 0.12890625
1 0.763671875 0.1650390625 0.08984375 0.130859375
1 0.66796875 0.1943359375 0.0859375 0.126953125
1 0.9482421875 0.2265625 0.068359375 0.125
1 0.5458984375 0.248046875 0.095703125 0.12890625
1 0.8720703125 0.259765625 0.076171875 0.12890625
1 0.453125 0.2724609375 0.09375 0.126953125
1 0.3564453125 0.2978515625 0.099609375 0.123046875
1 0.76953125 0.2998046875 0.078125 0.091796875
1 0.6806640625 0.3134765625 0.087890625 0.115234375
1 0.263671875 0.3408203125 0.09765625 0.130859375
1 0.9580078125 0.349609375 0.072265625 0.125
1 0.56640625 0.3681640625 0.09375 0.123046875
1 0.875 0.375 0.078125 0.12109375
1 0.478515625 0.3857421875 0.1015625 0.111328125
1 0.78515625 0.40234375 0.08203125 0.1171875
1 0.3837890625 0.4169921875 0.099609375 0.126953125
1 0.1572265625 0.427734375 0.099609375 0.125
1 0.697265625 0.431640625 0.0859375 0.1171875
1 0.0625 0.453125 0.1015625 0.12109375
1 0.29296875 0.455078125 0.08984375 0.1171875
1 0.966796875 0.46484375 0.0546875 0.109375
1 0.5859375 0.48046875 0.0859375 0.1171875
1 0.8955078125 0.498046875 0.080078125 0.12109375
1 0.5029296875 0.509765625 0.080078125 0.11328125
1 0.0029296875 0.4609375 0.001953125 0.0
1 0.0107421875 0.5009765625 0.017578125 0.056640625
1 0.806640625 0.5263671875 0.08203125 0.115234375
1 0.19140625 0.5361328125 0.09375 0.115234375
1 0.41015625 0.5400390625 0.08984375 0.107421875
1 0.720703125 0.55078125 0.0859375 0.1171875
1 0.0966796875 0.5654296875 0.099609375 0.119140625
1 0.3193359375 0.5712890625 0.091796875 0.115234375
1 0.02734375 0.58984375 0.0546875 0.11328125
1 0.6103515625 0.5986328125 0.087890625 0.107421875
1 0.9794921875 0.6123046875 0.037109375 0.095703125
1 0.5244140625 0.6240234375 0.087890625 0.111328125
1 0.9150390625 0.6357421875 0.080078125 0.111328125
1 0.220703125 0.6513671875 0.09765625 0.115234375
1 0.4345703125 0.6474609375 0.091796875 0.119140625
1 0.1279296875 0.6748046875 0.091796875 0.111328125
1 0.8330078125 0.673828125 0.076171875 0.1015625
1 0.349609375 0.6904296875 0.09375 0.115234375
1 0.74609375 0.6982421875 0.078125 0.099609375
1 0.041015625 0.7119140625 0.08203125 0.099609375
1 0.982421875 0.7109375 0.03125 0.0859375
1 0.63671875 0.732421875 0.0859375 0.10546875
1 0.9208984375 0.7314453125 0.076171875 0.099609375
1 0.24609375 0.763671875 0.09375 0.10546875
1 0.5498046875 0.765625 0.083984375 0.09765625
1 0.8427734375 0.7705078125 0.076171875 0.083984375
1 0.1572265625 0.7900390625 0.095703125 0.111328125
1 0.7578125 0.794921875 0.07421875 0.1015625
1 0.4677734375 0.7998046875 0.087890625 0.103515625
1 0.9853515625 0.802734375 0.021484375 0.078125
1 0.0693359375 0.8271484375 0.095703125 0.103515625
1 0.6484375 0.8232421875 0.078125 0.099609375
1 0.931640625 0.8271484375 0.0703125 0.091796875
1 0.38671875 0.837890625 0.0859375 0.09765625
1 0.0166015625 0.8544921875 0.029296875 0.087890625
1 0.5693359375 0.8603515625 0.080078125 0.099609375
1 0.8505859375 0.85546875 0.064453125 0.09765625
1 0.27734375 0.8720703125 0.0859375 0.099609375
1 0.484375 0.8896484375 0.078125 0.095703125
1 0.7734375 0.89453125 0.0703125 0.09765625
1 0.193359375 0.9033203125 0.08984375 0.095703125
1 0.6640625 0.9208984375 0.078125 0.103515625
1 0.9951171875 0.908203125 0.005859375 0.05859375
1 0.408203125 0.927734375 0.08203125 0.09375
1 0.109375 0.935546875 0.09375 0.09765625
1 0.94921875 0.935546875 0.06640625 0.08984375
1 0.5908203125 0.9521484375 0.068359375 0.087890625
1 0.30078125 0.9541015625 0.07421875 0.076171875
1 0.87109375 0.9560546875 0.0703125 0.072265625
1 0.0361328125 0.9599609375 0.064453125 0.072265625
1 0.2158203125 0.97265625 0.076171875 0.046875
1 0.7880859375 0.9736328125 0.064453125 0.044921875
1 0.50390625 0.974609375 0.07421875 0.04296875
1 0.681640625 0.9853515625 0.06640625 0.021484375
1 0.134765625 0.9873046875 0.0625 0.017578125
1 0.4228515625 0.9853515625 0.060546875 0.021484375
