0 0.48828125 0.306640625 0.03515625 0.0390625
0 0.404296875 0.30859375 0.03515625 0.0390625
0 0.447265625 0.30859375 0.03515625 0.0390625
0 0.5322265625 0.314453125 0.037109375 0.0390625
0 0.3662109375 0.318359375 0.033203125 0.03515625
0 0.5869140625 0.3359375 0.037109375 0.03515625
0 0.326171875 0.3408203125 0.03515625 0.037109375
0 0.443359375 0.3525390625 0.03515625 0.037109375
0 0.3994140625 0.3544921875 0.037109375 0.037109375
0 0.48828125 0.353515625 0.03515625 0.03515625
0 0.52734375 0.3583984375 0.03515625 0.037109375
0 0.2939453125 0.3603515625 0.033203125 0.033203125
0 0.36328125 0.36328125 0.03125 0.03515625
0 0.56640625 0.3740234375 0.03515625 0.037109375
0 0.607421875 0.376953125 0.03515625 0.0390625
0 0.650390625 0.376953125 0.03515625 0.0390625
0 0.330078125 0.380859375 0.03125 0.03515625
0 0.2724609375 0.392578125 0.033203125 0.03515625
0 0.4638671875 0.3916015625 0.033203125 0.033203125
0 0.505859375 0.3916015625 0.03125 0.033203125
0 0.419921875 0.392578125 0.03125 0.03125
0 0.376953125 0.4033203125 0.03125 0.033203125
0 0.5419921875 0.4072265625 0.033203125 0.033203125
0 0.58203125 0.41015625 0.03515625 0.03515625
0 0.306640625 0.4150390625 0.03125 0.033203125
0 0.6240234375 0.4150390625 0.033203125 0.037109375
0 0.6669921875 0.4169921875 0.033203125 0.037109375
0 0.708984375 0.419921875 0.03515625 0.03515625
0 0.34375 0.423828125 0.02734375 0.03515625
0 0.486328125 0.42578125 0.03125 0.03125
0 0.2685546875 0.431640625 0.029296875 0.03125
0 0.4404296875 0.4326171875 0.033203125 0.033203125
0 0.5595703125 0.4404296875 0.029296875 0.029296875
0 0.5205078125 0.4443359375 0.029296875 0.033203125
0 0.3046875 0.4501953125 0.02734375 0.033203125
0 0.3759765625 0.4501953125 0.029296875 0.033203125
0 0.59765625 0.4501953125 0.03515625 0.033203125
0 0.638671875 0.451171875 0.03515625 0.03515625
0 0.419921875 0.451171875 0.03125 0.03125
0 0.6806640625 0.4541015625 0.037109375 0.033203125
0 0.7216796875 0.458984375 0.033203125 0.03515625
0 0.3408203125 0.4599609375 0.029296875 0.029296875
0 0.4580078125 0.462890625 0.029296875 0.03125
0 0.27734375 0.4697265625 0.03125 0.033203125
0 0.4951171875 0.470703125 0.029296875 0.03125
0 0.541015625 0.4755859375 0.03125 0.029296875
0 0.32421875 0.4833984375 0.03125 0.029296875
0 0.5771484375 0.4833984375 0.033203125 0.029296875
0 0.3759765625 0.484375 0.029296875 0.02734375
0 0.6181640625 0.486328125 0.033203125 0.03125
0 0.4140625 0.4873046875 0.03125 0.029296875
0 0.451171875 0.4951171875 0.02734375 0.029296875
0 0.6669921875 0.498046875 0.037109375 0.03515625
0 0.70703125 0.4970703125 0.03125 0.033203125
0 0.3037109375 0.4990234375 0.025390625 0.029296875
0 0.5234375 0.505859375 0.02734375 0.03125
0 0.4873046875 0.505859375 0.029296875 0.02734375
0 0.3525390625 0.5078125 0.029296875 0.02734375
0 0.3916015625 0.5146484375 0.029296875 0.029296875
0 0.5576171875 0.5146484375 0.029296875 0.029296875
0 0.59765625 0.515625 0.03125 0.03125
0 0.634765625 0.515625 0.03125 0.02734375
0 0.3291015625 0.5205078125 0.017578125 0.025390625
0 0.4287109375 0.5205078125 0.025390625 0.025390625
0 0.6796875 0.52734375 0.03125 0.02734375
0 0.4638671875 0.5302734375 0.025390625 0.029296875
0 0.37109375 0.537109375 0.02734375 0.0234375
0 0.501953125 0.5361328125 0.02734375 0.025390625
0 0.537109375 0.541015625 0.03125 0.03125
0 0.5732421875 0.5458984375 0.033203125 0.029296875
0 0.6103515625 0.5458984375 0.029296875 0.029296875
0 0.6494140625 0.5458984375 0.029296875 0.029296875
0 0.40234375 0.546875 0.02734375 0.02734375
0 0.4404296875 0.5517578125 0.025390625 0.025390625
0 0.48046875 0.5595703125 0.02734375 0.025390625
