0 0.447265625 0.2666015625 0.01171875 0.021484375
0 0.5419921875 0.263671875 0.001953125 0.00390625
0 0.568359375 0.265625 0.00390625 0.0078125
0 0.4716796875 0.2783203125 0.013671875 0.017578125
0 0.701171875 0.28515625 0.00390625 0.00390625
0 0.708984375 0.2861328125 0.0 0.001953125
0 0.716796875 0.287109375 0.00390625 0.00390625
0 0.7255859375 0.2861328125 0.001953125 0.001953125
0 0.732421875 0.2880859375 0.00390625 0.005859375
0 0.6337890625 0.294921875 0.009765625 0.01171875
0 0.65625 0.2958984375 0.01171875 0.013671875
0 0.67578125 0.2958984375 0.015625 0.013671875
0 0.7412109375 0.2919921875 0.001953125 0.005859375
0 0.6982421875 0.2978515625 0.017578125 0.013671875
0 0.7216796875 0.30078125 0.017578125 0.015625
0 0.2861328125 0.4091796875 0.068359375 0.216796875
0 0.3759765625 0.4375 0.107421875 0.2578125
0 0.515625 0.4609375 0.15234375 0.3046875
0 0.263671875 0.591796875 0.02734375 0.17578125
0 0.3310546875 0.6240234375 0.080078125 0.216796875
0 0.4267578125 0.66015625 0.123046875 0.17578125
0 0.5830078125 0.6826171875 0.154296875 0.130859375
