1 0.396484375 0.3466796875 0.05078125 0.068359375
1 0.4345703125 0.3955078125 0.064453125 0.095703125
1 0.5185546875 0.4169921875 0.072265625 0.099609375
1 0.638671875 0.51171875 0.09765625 0.23046875
1 0.373046875 0.4404296875 0.0625 0.087890625
1 0.443359375 0.46875 0.06640625 0.0859375
1 0.5263671875 0.4951171875 0.072265625 0.091796875
1 0.41796875 0.537109375 0.12890625 0.10546875
1 0.5556640625 0.5810546875 0.068359375 0.080078125
1 0.4228515625 0.599609375 0.060546875 0.0703125
1 0.490234375 0.6328125 0.06640625 0.07421875
1 0.5703125 0.6572265625 0.07421875 0.095703125
1 0.65625 0.6884765625 0.0703125 0.095703125
1 0.6982421875 0.697265625 0.060546875 0.08203125
