1 0.6552734375 0.3125 0.068359375 0.11328125
1 0.5791015625 0.3203125 0.064453125 0.1015625
1 0.3076171875 0.376953125 0.048828125 0.0859375
1 0.537109375 0.3720703125 0.01171875 0.025390625
1 0.658203125 0.419921875 0.0703125 0.109375
1 0.580078125 0.4287109375 0.06640625 0.103515625
1 0.5087890625 0.494140625 0.064453125 0.19921875
1 0.3974609375 0.451171875 0.111328125 0.1015625
1 0.3076171875 0.466796875 0.048828125 0.0859375
1 0.66015625 0.533203125 0.07421875 0.109375
1 0.578125 0.53515625 0.06640625 0.10546875
1 0.4208984375 0.548828125 0.056640625 0.09765625
1 0.365234375 0.5595703125 0.05078125 0.095703125
1 0.3046875 0.5634765625 0.05078125 0.091796875
1 0.572265625 0.6513671875 0.0703125 0.111328125
1 0.65234375 0.6513671875 0.078125 0.111328125
1 0.4951171875 0.65234375 0.064453125 0.10546875
1 0.4150390625 0.6552734375 0.056640625 0.099609375
1 0.357421875 0.6630859375 0.05078125 0.095703125
1 0.2998046875 0.6650390625 0.052734375 0.091796875
