0 0.3681640625 0.2900390625 0.029296875 0.044921875
0 0.4345703125 0.291015625 0.029296875 0.046875
0 0.5322265625 0.2890625 0.029296875 0.04296875
0 0.400390625 0.291015625 0.02734375 0.04296875
0 0.466796875 0.291015625 0.02734375 0.04296875
0 0.5 0.2919921875 0.02734375 0.044921875
0 0.5673828125 0.2919921875 0.029296875 0.044921875
0 0.599609375 0.3564453125 0.05078125 0.087890625
0 0.3515625 0.333984375 0.02734375 0.04296875
0 0.3837890625 0.3349609375 0.029296875 0.044921875
0 0.4169921875 0.3349609375 0.025390625 0.044921875
0 0.44921875 0.3349609375 0.02734375 0.044921875
0 0.4814453125 0.3349609375 0.029296875 0.044921875
0 0.5166015625 0.3349609375 0.029296875 0.044921875
0 0.5498046875 0.3349609375 0.029296875 0.044921875
0 0.3349609375 0.376953125 0.029296875 0.046875
0 0.3681640625 0.3779296875 0.029296875 0.044921875
0 0.4345703125 0.3779296875 0.029296875 0.044921875
0 0.5009765625 0.3779296875 0.029296875 0.044921875
0 0.5673828125 0.376953125 0.029296875 0.04296875
0 0.400390625 0.37890625 0.02734375 0.04296875
0 0.466796875 0.37890625 0.02734375 0.04296875
0 0.533203125 0.37890625 0.02734375 0.04296875
0 0.3349609375 0.423828125 0.060546875 0.046875
0 0.451171875 0.4208984375 0.02734375 0.044921875
0 0.4833984375 0.4208984375 0.025390625 0.044921875
0 0.55078125 0.4208984375 0.02734375 0.044921875
0 0.5849609375 0.4208984375 0.029296875 0.044921875
0 0.5166015625 0.421875 0.029296875 0.04296875
0 0.384765625 0.4228515625 0.02734375 0.041015625
0 0.41796875 0.4228515625 0.02734375 0.041015625
0 0.744140625 0.4345703125 0.0078125 0.017578125
0 0.73046875 0.4384765625 0.01171875 0.017578125
0 0.3037109375 0.4619140625 0.029296875 0.044921875
0 0.6015625 0.4619140625 0.02734375 0.044921875
0 0.6337890625 0.462890625 0.029296875 0.046875
0 0.3369140625 0.4638671875 0.029296875 0.044921875
0 0.369140625 0.4638671875 0.02734375 0.044921875
0 0.4345703125 0.4638671875 0.029296875 0.044921875
0 0.4697265625 0.4638671875 0.029296875 0.044921875
0 0.501953125 0.462890625 0.02734375 0.04296875
0 0.5341796875 0.462890625 0.025390625 0.04296875
0 0.568359375 0.4638671875 0.02734375 0.044921875
0 0.4013671875 0.46484375 0.025390625 0.04296875
0 0.71484375 0.458984375 0.02734375 0.01953125
0 0.73828125 0.4580078125 0.01171875 0.017578125
0 0.697265625 0.4775390625 0.01171875 0.017578125
0 0.7294921875 0.4775390625 0.009765625 0.017578125
0 0.744140625 0.4765625 0.0078125 0.015625
0 0.7158203125 0.4794921875 0.009765625 0.013671875
0 0.2890625 0.50390625 0.02734375 0.04296875
0 0.4208984375 0.50390625 0.025390625 0.04296875
0 0.6171875 0.50390625 0.02734375 0.04296875
0 0.650390625 0.50390625 0.02734375 0.04296875
0 0.322265625 0.5048828125 0.02734375 0.041015625
0 0.3544921875 0.5068359375 0.029296875 0.044921875
0 0.3876953125 0.5068359375 0.029296875 0.044921875
0 0.451171875 0.5048828125 0.02734375 0.041015625
0 0.4853515625 0.505859375 0.029296875 0.04296875
0 0.517578125 0.505859375 0.02734375 0.04296875
0 0.5517578125 0.5048828125 0.029296875 0.041015625
0 0.5859375 0.505859375 0.02734375 0.04296875
0 0.6884765625 0.4970703125 0.013671875 0.017578125
0 0.7060546875 0.4970703125 0.009765625 0.017578125
0 0.7373046875 0.4970703125 0.009765625 0.017578125
0 0.72265625 0.4990234375 0.01171875 0.013671875
0 0.744140625 0.515625 0.0078125 0.015625
0 0.681640625 0.5166015625 0.01171875 0.017578125
0 0.6962890625 0.515625 0.009765625 0.015625
0 0.7138671875 0.5166015625 0.009765625 0.017578125
0 0.73046875 0.5185546875 0.01171875 0.017578125
0 0.4365234375 0.5458984375 0.029296875 0.044921875
0 0.4697265625 0.5478515625 0.029296875 0.044921875
0 0.7060546875 0.53515625 0.009765625 0.015625
0 0.302734375 0.548828125 0.02734375 0.04296875
0 0.3359375 0.548828125 0.02734375 0.04296875
0 0.40234375 0.5498046875 0.02734375 0.044921875
0 0.501953125 0.5478515625 0.02734375 0.041015625
0 0.5361328125 0.548828125 0.029296875 0.04296875
0 0.5703125 0.548828125 0.02734375 0.04296875
0 0.603515625 0.548828125 0.02734375 0.04296875
0 0.6376953125 0.5498046875 0.029296875 0.044921875
0 0.6748046875 0.5341796875 0.009765625 0.013671875
0 0.6904296875 0.5361328125 0.009765625 0.017578125
0 0.720703125 0.5341796875 0.01171875 0.013671875
0 0.73828125 0.53515625 0.01171875 0.015625
0 0.748046875 0.5322265625 0.0 0.009765625
0 0.369140625 0.55078125 0.02734375 0.04296875
0 0.6982421875 0.552734375 0.009765625 0.015625
0 0.6689453125 0.5556640625 0.009765625 0.017578125
0 0.6845703125 0.5556640625 0.009765625 0.017578125
0 0.716796875 0.5556640625 0.01953125 0.017578125
0 0.744140625 0.5556640625 0.0078125 0.017578125
0 0.7021484375 0.5732421875 0.009765625 0.017578125
0 0.421875 0.58984375 0.02734375 0.04296875
0 0.455078125 0.5888671875 0.02734375 0.044921875
0 0.4873046875 0.5869140625 0.025390625 0.041015625
0 0.5185546875 0.587890625 0.025390625 0.0390625
0 0.6865234375 0.5751953125 0.009765625 0.017578125
0 0.7177734375 0.5751953125 0.009765625 0.017578125
0 0.734375 0.5849609375 0.01171875 0.037109375
0 0.671875 0.576171875 0.01171875 0.015625
0 0.318359375 0.591796875 0.03125 0.04296875
0 0.3857421875 0.5908203125 0.025390625 0.041015625
0 0.5458984375 0.6103515625 0.044921875 0.080078125
0 0.587890625 0.591796875 0.02734375 0.04296875
0 0.74609375 0.5771484375 0.00390625 0.013671875
0 0.3515625 0.59375 0.02734375 0.04296875
0 0.6220703125 0.5947265625 0.029296875 0.044921875
0 0.7060546875 0.59375 0.009765625 0.015625
0 0.7216796875 0.5947265625 0.009765625 0.017578125
0 0.6767578125 0.5966796875 0.009765625 0.017578125
0 0.69140625 0.59765625 0.01171875 0.015625
0 0.74609375 0.6123046875 0.00390625 0.017578125
0 0.6826171875 0.615234375 0.009765625 0.015625
0 0.6982421875 0.6142578125 0.009765625 0.017578125
0 0.712890625 0.61328125 0.01171875 0.015625
0 0.7294921875 0.61328125 0.009765625 0.015625
0 0.40625 0.62890625 0.02734375 0.0390625
0 0.4384765625 0.62890625 0.025390625 0.0390625
0 0.470703125 0.6298828125 0.02734375 0.041015625
0 0.5029296875 0.6298828125 0.025390625 0.041015625
0 0.369140625 0.6337890625 0.02734375 0.044921875
0 0.5712890625 0.6328125 0.025390625 0.04296875
0 0.3330078125 0.6337890625 0.029296875 0.041015625
0 0.6044921875 0.634765625 0.025390625 0.04296875
0 0.720703125 0.630859375 0.01171875 0.015625
0 0.73828125 0.6328125 0.01171875 0.01953125
0 0.6904296875 0.6337890625 0.009765625 0.017578125
0 0.701171875 0.64453125 0.015625 0.03515625
0 0.73046875 0.6484375 0.01171875 0.015625
0 0.7099609375 0.6611328125 0.017578125 0.033203125
0 0.40625 0.6728515625 0.0625 0.041015625
0 0.51953125 0.6708984375 0.02734375 0.044921875
0 0.5537109375 0.6708984375 0.025390625 0.044921875
0 0.455078125 0.671875 0.02734375 0.04296875
0 0.48828125 0.671875 0.02734375 0.04296875
0 0.3525390625 0.6748046875 0.029296875 0.041015625
0 0.732421875 0.6806640625 0.01953125 0.056640625
0 0.587890625 0.6748046875 0.02734375 0.041015625
0 0.7236328125 0.66796875 0.009765625 0.015625
0 0.7470703125 0.6806640625 0.001953125 0.013671875
0 0.716796875 0.6845703125 0.01171875 0.017578125
0 0.408203125 0.7080078125 0.02734375 0.041015625
0 0.439453125 0.7080078125 0.02734375 0.041015625
0 0.4716796875 0.7109375 0.025390625 0.0390625
0 0.5048828125 0.7119140625 0.029296875 0.044921875
0 0.3740234375 0.7119140625 0.025390625 0.041015625
0 0.568359375 0.7138671875 0.02734375 0.044921875
0 0.537109375 0.71484375 0.02734375 0.04296875
0 0.7421875 0.7021484375 0.0078125 0.013671875
