0 0.5166015625 0.541015625 0.060546875 0.0859375
0 0.5966796875 0.5830078125 0.087890625 0.162109375
0 0.4365234375 0.572265625 0.150390625 0.13671875
0 0.5498046875 0.6220703125 0.056640625 0.083984375
0 0.3564453125 0.626953125 0.056640625 0.0859375
0 0.4208984375 0.6298828125 0.060546875 0.080078125
0 0.580078125 0.69921875 0.0546875 0.08203125
0 0.3916015625 0.7060546875 0.056640625 0.083984375
0 0.455078125 0.7021484375 0.05859375 0.072265625
0 0.5185546875 0.705078125 0.056640625 0.08203125
0 0.6435546875 0.701171875 0.056640625 0.08203125
0 0.3291015625 0.7060546875 0.056640625 0.083984375
0 0.673828125 0.7421875 0.03125 0.01171875
0 0.5517578125 0.7431640625 0.029296875 0.009765625
0 0.6123046875 0.7431640625 0.029296875 0.009765625
0 0.4873046875 0.7451171875 0.025390625 0.005859375
0 0.421875 0.74609375 0.015625 0.00390625
