0 0.3330078125 0.396484375 0.021484375 0.0234375
0 0.38671875 0.4052734375 0.01953125 0.021484375
0 0.337890625 0.4296875 0.01953125 0.0234375
0 0.3828125 0.447265625 0.0234375 0.0234375
0 0.259765625 0.453125 0.01953125 0.0234375
0 0.3203125 0.4580078125 0.0234375 0.025390625
0 0.3525390625 0.4580078125 0.021484375 0.021484375
0 0.431640625 0.474609375 0.01953125 0.0234375
0 0.267578125 0.4736328125 0.01953125 0.017578125
0 0.306640625 0.484375 0.01953125 0.0234375
0 0.37890625 0.484375 0.01953125 0.0234375
0 0.3388671875 0.4873046875 0.021484375 0.021484375
0 0.4453125 0.501953125 0.01953125 0.0234375
0 0.4775390625 0.505859375 0.021484375 0.0234375
0 0.2578125 0.5078125 0.015625 0.0234375
0 0.361328125 0.51171875 0.0234375 0.0234375
0 0.3955078125 0.5146484375 0.021484375 0.021484375
0 0.2900390625 0.513671875 0.021484375 0.0234375
0 0.3212890625 0.515625 0.021484375 0.0234375
0 0.5048828125 0.5263671875 0.017578125 0.021484375
0 0.423828125 0.529296875 0.01953125 0.0234375
0 0.4609375 0.53125 0.01953125 0.0234375
0 0.25390625 0.533203125 0.0078125 0.01953125
0 0.275390625 0.5390625 0.015625 0.0234375
0 0.3408203125 0.54296875 0.021484375 0.0234375
0 0.2978515625 0.548828125 0.021484375 0.0234375
0 0.3671875 0.5498046875 0.01953125 0.021484375
0 0.4794921875 0.55859375 0.021484375 0.0234375
0 0.51171875 0.564453125 0.01953125 0.0234375
0 0.2578125 0.5654296875 0.015625 0.021484375
0 0.3935546875 0.56640625 0.025390625 0.0234375
0 0.4296875 0.56640625 0.01953125 0.0234375
0 0.5458984375 0.5654296875 0.021484375 0.021484375
0 0.3212890625 0.5732421875 0.021484375 0.021484375
0 0.28125 0.576171875 0.01953125 0.0234375
0 0.3515625 0.5771484375 0.0234375 0.021484375
0 0.5703125 0.5859375 0.0234375 0.0234375
0 0.67578125 0.5869140625 0.0234375 0.021484375
0 0.6396484375 0.5888671875 0.025390625 0.021484375
0 0.5322265625 0.5888671875 0.021484375 0.021484375
0 0.4892578125 0.595703125 0.021484375 0.0234375
0 0.3681640625 0.6015625 0.021484375 0.0234375
0 0.40625 0.6005859375 0.01953125 0.021484375
0 0.443359375 0.6015625 0.0234375 0.0234375
0 0.30078125 0.6015625 0.015625 0.01953125
0 0.587890625 0.607421875 0.0234375 0.0234375
0 0.255859375 0.6171875 0.01171875 0.0234375
0 0.3203125 0.615234375 0.0234375 0.0234375
0 0.6591796875 0.6162109375 0.017578125 0.021484375
0 0.6923828125 0.6171875 0.021484375 0.01953125
0 0.728515625 0.6171875 0.0234375 0.0234375
0 0.54296875 0.623046875 0.01953125 0.0234375
0 0.6142578125 0.6240234375 0.021484375 0.021484375
0 0.5078125 0.6240234375 0.01953125 0.021484375
0 0.5791015625 0.6259765625 0.021484375 0.021484375
0 0.349609375 0.62890625 0.0234375 0.0234375
0 0.380859375 0.634765625 0.01953125 0.0234375
0 0.41796875 0.634765625 0.01953125 0.0234375
0 0.455078125 0.63671875 0.01953125 0.0234375
0 0.271484375 0.6416015625 0.0234375 0.025390625
0 0.7421875 0.64453125 0.01171875 0.01953125
0 0.30078125 0.646484375 0.0234375 0.0234375
0 0.63671875 0.6494140625 0.01953125 0.021484375
0 0.671875 0.6484375 0.0234375 0.0234375
0 0.701171875 0.6572265625 0.0234375 0.025390625
0 0.564453125 0.6552734375 0.01953125 0.021484375
0 0.59375 0.65625 0.0234375 0.0234375
0 0.51953125 0.6611328125 0.01953125 0.025390625
0 0.3603515625 0.6650390625 0.021484375 0.025390625
0 0.3271484375 0.6669921875 0.021484375 0.021484375
0 0.388671875 0.673828125 0.01953125 0.0234375
0 0.42578125 0.67578125 0.0234375 0.0234375
0 0.27734375 0.6806640625 0.0234375 0.025390625
0 0.255859375 0.6826171875 0.01171875 0.021484375
0 0.4580078125 0.6865234375 0.021484375 0.021484375
0 0.6376953125 0.6953125 0.021484375 0.0234375
0 0.744140625 0.693359375 0.0078125 0.015625
0 0.2998046875 0.703125 0.021484375 0.0234375
0 0.3330078125 0.7041015625 0.021484375 0.021484375
0 0.3681640625 0.70703125 0.021484375 0.0234375
0 0.4033203125 0.7080078125 0.021484375 0.025390625
0 0.4365234375 0.7119140625 0.021484375 0.025390625
0 0.5234375 0.7099609375 0.0234375 0.021484375
0 0.666015625 0.7119140625 0.0234375 0.025390625
0 0.4814453125 0.716796875 0.021484375 0.0234375
0 0.5546875 0.720703125 0.01953125 0.0234375
0 0.583984375 0.71875 0.0234375 0.0234375
0 0.6953125 0.7216796875 0.0234375 0.021484375
