1 0.3720703125 0.2529296875 0.005859375 0.005859375
1 0.38671875 0.2529296875 0.0078125 0.005859375
1 0.40625 0.2548828125 0.00390625 0.009765625
1 0.4169921875 0.2529296875 0.005859375 0.005859375
1 0.333984375 0.2568359375 0.015625 0.009765625
1 0.4365234375 0.25390625 0.005859375 0.00390625
1 0.3486328125 0.2587890625 0.005859375 0.009765625
1 0.328125 0.271484375 0.0078125 0.0078125
1 0.3388671875 0.2724609375 0.005859375 0.009765625
1 0.3486328125 0.2734375 0.005859375 0.0078125
1 0.55859375 0.4521484375 0.08203125 0.220703125
1 0.4697265625 0.453125 0.076171875 0.22265625
1 0.3818359375 0.453125 0.083984375 0.21875
1 0.64453125 0.4560546875 0.08984375 0.216796875
1 0.7236328125 0.4931640625 0.013671875 0.021484375
1 0.689453125 0.5126953125 0.0078125 0.009765625
1 0.712890625 0.5205078125 0.015625 0.025390625
1 0.3740234375 0.6513671875 0.072265625 0.169921875
1 0.451171875 0.6533203125 0.0703125 0.166015625
1 0.5263671875 0.6533203125 0.068359375 0.166015625
1 0.6025390625 0.6513671875 0.076171875 0.162109375
1 0.677734375 0.6552734375 0.08203125 0.169921875
1 0.2900390625 0.6630859375 0.080078125 0.169921875
