1 0.8173828125 0.318359375 0.033203125 0.046875
1 0.85546875 0.330078125 0.03125 0.046875
1 0.7626953125 0.3642578125 0.033203125 0.052734375
1 0.6630859375 0.3671875 0.037109375 0.046875
1 0.7119140625 0.3701171875 0.033203125 0.052734375
1 0.8447265625 0.3974609375 0.037109375 0.052734375
1 0.7958984375 0.4033203125 0.033203125 0.052734375
1 0.541015625 0.4091796875 0.03515625 0.052734375
1 0.1884765625 0.4150390625 0.033203125 0.052734375
1 0.9501953125 0.416015625 0.037109375 0.0546875
1 0.6083984375 0.427734375 0.037109375 0.05859375
1 0.34375 0.4375 0.046875 0.05859375
1 0.6533203125 0.4306640625 0.033203125 0.052734375
1 0.14453125 0.4609375 0.0546875 0.1015625
1 0.2958984375 0.4443359375 0.029296875 0.048828125
1 0.693359375 0.4521484375 0.03515625 0.052734375
1 0.8212890625 0.466796875 0.033203125 0.05859375
1 0.7333984375 0.4697265625 0.033203125 0.052734375
1 0.5009765625 0.4716796875 0.033203125 0.048828125
1 0.775390625 0.4716796875 0.03125 0.048828125
1 0.0732421875 0.478515625 0.037109375 0.05078125
1 0.3876953125 0.490234375 0.041015625 0.06640625
1 0.54296875 0.4833984375 0.03125 0.048828125
1 0.45703125 0.5009765625 0.03515625 0.052734375
1 0.5869140625 0.5009765625 0.029296875 0.052734375
1 0.26171875 0.509765625 0.02734375 0.046875
1 0.2099609375 0.5185546875 0.033203125 0.052734375
1 0.6279296875 0.515625 0.033203125 0.046875
1 0.3486328125 0.529296875 0.041015625 0.0625
1 0.66796875 0.5244140625 0.03515625 0.052734375
1 0.826171875 0.53125 0.03125 0.046875
1 0.4169921875 0.5400390625 0.041015625 0.052734375
1 0.09375 0.537109375 0.03515625 0.046875
1 0.7119140625 0.537109375 0.033203125 0.046875
1 0.7802734375 0.537109375 0.033203125 0.046875
1 0.05078125 0.548828125 0.03125 0.05859375
1 0.1513671875 0.5458984375 0.033203125 0.052734375
1 0.30078125 0.560546875 0.0390625 0.05859375
1 0.5263671875 0.5390625 0.033203125 0.02734375
1 0.482421875 0.55859375 0.03515625 0.05859375
1 0.3779296875 0.5751953125 0.041015625 0.060546875
1 0.5751953125 0.56640625 0.029296875 0.05078125
1 0.2529296875 0.5703125 0.033203125 0.046875
1 0.439453125 0.5927734375 0.04296875 0.080078125
1 0.6171875 0.5791015625 0.03515625 0.052734375
1 0.0146484375 0.5927734375 0.029296875 0.060546875
1 0.2021484375 0.5888671875 0.041015625 0.052734375
1 0.5322265625 0.5888671875 0.037109375 0.052734375
1 0.6611328125 0.5859375 0.033203125 0.046875
1 0.7080078125 0.6005859375 0.033203125 0.052734375
1 0.75390625 0.6064453125 0.03125 0.052734375
1 0.796875 0.603515625 0.03125 0.046875
1 0.849609375 0.60546875 0.03515625 0.05078125
1 0.5732421875 0.6357421875 0.033203125 0.048828125
1 0.4892578125 0.6357421875 0.033203125 0.037109375
1 0.6171875 0.6484375 0.03515625 0.05078125
1 0.6572265625 0.65234375 0.033203125 0.046875
1 0.806640625 0.66796875 0.03515625 0.046875
1 0.71875 0.6708984375 0.03515625 0.041015625
1 0.7607421875 0.673828125 0.029296875 0.046875
