1 0.6484375 0.353515625 0.0625 0.1484375
1 0.5771484375 0.359375 0.060546875 0.13671875
1 0.4619140625 0.369140625 0.056640625 0.13671875
1 0.39453125 0.3759765625 0.05859375 0.138671875
1 0.33203125 0.3798828125 0.05859375 0.130859375
1 0.658203125 0.505859375 0.0625 0.140625
1 0.5888671875 0.509765625 0.056640625 0.13671875
1 0.52734375 0.5224609375 0.0625 0.146484375
1 0.458984375 0.5244140625 0.05859375 0.138671875
1 0.3232421875 0.529296875 0.060546875 0.1484375
1 0.390625 0.533203125 0.0625 0.140625
