0 0.560546875 0.33984375 0.02734375 0.0546875
0 0.595703125 0.353515625 0.02734375 0.0546875
0 0.626953125 0.3642578125 0.0234375 0.048828125
0 0.5439453125 0.384765625 0.037109375 0.05859375
0 0.6533203125 0.3818359375 0.021484375 0.044921875
0 0.580078125 0.3984375 0.02734375 0.0546875
0 0.6123046875 0.408203125 0.025390625 0.05078125
0 0.640625 0.421875 0.0234375 0.046875
0 0.5244140625 0.4365234375 0.037109375 0.060546875
0 0.66796875 0.4326171875 0.01953125 0.044921875
0 0.5625 0.4462890625 0.03125 0.056640625
0 0.59765625 0.4560546875 0.02734375 0.052734375
0 0.6279296875 0.4658203125 0.025390625 0.048828125
0 0.65625 0.4736328125 0.0234375 0.048828125
0 0.5087890625 0.490234375 0.037109375 0.05859375
0 0.6845703125 0.4814453125 0.021484375 0.044921875
0 0.548828125 0.49609375 0.03125 0.0546875
0 0.583984375 0.5048828125 0.02734375 0.056640625
0 0.6103515625 0.5380859375 0.037109375 0.103515625
0 0.6455078125 0.5166015625 0.025390625 0.048828125
0 0.6630859375 0.544921875 0.080078125 0.0859375
0 0.5244140625 0.5576171875 0.037109375 0.060546875
0 0.5693359375 0.5576171875 0.033203125 0.060546875
0 0.689453125 0.5791015625 0.01953125 0.048828125
0 0.5458984375 0.6181640625 0.033203125 0.060546875
0 0.5859375 0.615234375 0.03125 0.0546875
0 0.6201171875 0.6171875 0.025390625 0.0546875
0 0.6494140625 0.6171875 0.021484375 0.05078125
0 0.6767578125 0.6220703125 0.021484375 0.044921875
0 0.5703125 0.6689453125 0.03125 0.056640625
0 0.60546875 0.671875 0.02734375 0.0546875
0 0.63671875 0.6689453125 0.0234375 0.048828125
0 0.6640625 0.6689453125 0.0234375 0.048828125
