0 0.3828125 0.2783203125 0.04296875 0.033203125
0 0.5234375 0.2978515625 0.046875 0.068359375
0 0.4375 0.330078125 0.08203125 0.11328125
0 0.59375 0.322265625 0.03125 0.0703125
0 0.6279296875 0.3408203125 0.021484375 0.056640625
0 0.5166015625 0.3642578125 0.052734375 0.087890625
0 0.67578125 0.373046875 0.01171875 0.03515625
0 0.69140625 0.3837890625 0.0078125 0.025390625
0 0.6123046875 0.396484375 0.025390625 0.0546875
0 0.6376953125 0.380859375 0.009765625 0.015625
0 0.548828125 0.3955078125 0.00390625 0.021484375
0 0.71875 0.4013671875 0.00390625 0.021484375
0 0.4814453125 0.4453125 0.064453125 0.09375
0 0.728515625 0.408203125 0.0 0.015625
0 0.68359375 0.4267578125 0.0078125 0.033203125
0 0.546875 0.453125 0.04296875 0.0703125
0 0.72265625 0.439453125 0.00390625 0.01953125
0 0.6259765625 0.4619140625 0.021484375 0.056640625
0 0.6728515625 0.46875 0.013671875 0.03515625
0 0.69140625 0.4716796875 0.0078125 0.025390625
0 0.705078125 0.4736328125 0.00390625 0.021484375
0 0.5166015625 0.53515625 0.052734375 0.08203125
0 0.6103515625 0.5234375 0.025390625 0.05859375
0 0.6396484375 0.5205078125 0.017578125 0.048828125
0 0.720703125 0.5048828125 0.00390625 0.013671875
0 0.556640625 0.5244140625 0.01953125 0.048828125
0 0.681640625 0.5126953125 0.0078125 0.021484375
0 0.73046875 0.5068359375 0.0 0.009765625
0 0.71484375 0.5419921875 0.00390625 0.021484375
0 0.7255859375 0.5390625 0.001953125 0.015625
0 0.689453125 0.5546875 0.0078125 0.0234375
0 0.6728515625 0.5625 0.013671875 0.03515625
0 0.6328125 0.56640625 0.015625 0.03125
0 0.591796875 0.5947265625 0.03125 0.064453125
0 0.720703125 0.5751953125 0.00390625 0.017578125
0 0.3935546875 0.60546875 0.060546875 0.0703125
0 0.5458984375 0.6103515625 0.041015625 0.072265625
0 0.708984375 0.5859375 0.00390625 0.0234375
0 0.6962890625 0.5908203125 0.005859375 0.025390625
0 0.6806640625 0.603515625 0.009765625 0.03125
0 0.6396484375 0.626953125 0.017578125 0.046875
0 0.5703125 0.671875 0.03125 0.06640625
0 0.5166015625 0.705078125 0.052734375 0.0859375
