1 0.4013671875 0.294921875 0.072265625 0.0703125
1 0.5595703125 0.294921875 0.072265625 0.0703125
1 0.6396484375 0.294921875 0.072265625 0.0703125
1 0.48046875 0.298828125 0.0703125 0.0703125
1 0.271484375 0.314453125 0.04296875 0.06640625
1 0.4013671875 0.3759765625 0.072265625 0.068359375
1 0.5576171875 0.3759765625 0.072265625 0.068359375
1 0.638671875 0.3759765625 0.0703125 0.068359375
1 0.478515625 0.37890625 0.0703125 0.06640625
1 0.271484375 0.3916015625 0.04296875 0.064453125
1 0.6376953125 0.453125 0.072265625 0.0703125
1 0.478515625 0.4560546875 0.0703125 0.064453125
1 0.5576171875 0.455078125 0.072265625 0.06640625
1 0.3984375 0.4580078125 0.0703125 0.068359375
1 0.2724609375 0.46875 0.044921875 0.06640625
1 0.4755859375 0.533203125 0.068359375 0.0703125
1 0.556640625 0.533203125 0.0703125 0.06640625
1 0.3974609375 0.5361328125 0.072265625 0.064453125
1 0.6357421875 0.5361328125 0.068359375 0.064453125
1 0.2734375 0.54296875 0.046875 0.06640625
1 0.4755859375 0.615234375 0.072265625 0.0703125
1 0.5556640625 0.6123046875 0.072265625 0.068359375
1 0.3974609375 0.615234375 0.068359375 0.0703125
1 0.63671875 0.61328125 0.0703125 0.06640625
1 0.275390625 0.619140625 0.05078125 0.06640625
1 0.74609375 0.6337890625 0.00390625 0.025390625
1 0.5576171875 0.6943359375 0.072265625 0.076171875
1 0.6357421875 0.693359375 0.072265625 0.06640625
1 0.2783203125 0.6943359375 0.056640625 0.064453125
1 0.400390625 0.6943359375 0.0703125 0.064453125
1 0.478515625 0.6953125 0.0703125 0.06640625
1 0.7451171875 0.6806640625 0.005859375 0.029296875
1 0.7431640625 0.72265625 0.009765625 0.03515625
