0 0.267578125 0.296875 0.03515625 0.07421875
0 0.3671875 0.3427734375 0.0703125 0.072265625
0 0.740234375 0.3662109375 0.01171875 0.044921875
0 0.703125 0.3759765625 0.0390625 0.056640625
0 0.6240234375 0.396484375 0.048828125 0.05859375
0 0.2744140625 0.41796875 0.048828125 0.06640625
0 0.498046875 0.4345703125 0.0546875 0.056640625
0 0.400390625 0.4541015625 0.0625 0.060546875
0 0.728515625 0.455078125 0.03515625 0.046875
0 0.6728515625 0.462890625 0.041015625 0.05078125
0 0.5712890625 0.4814453125 0.044921875 0.052734375
0 0.7353515625 0.5146484375 0.021484375 0.048828125
0 0.3095703125 0.5302734375 0.080078125 0.064453125
0 0.462890625 0.5283203125 0.05859375 0.056640625
0 0.6064453125 0.533203125 0.044921875 0.05078125
0 0.6904296875 0.53125 0.037109375 0.046875
0 0.5390625 0.56640625 0.05078125 0.05078125
0 0.3818359375 0.6005859375 0.068359375 0.060546875
0 0.7392578125 0.591796875 0.013671875 0.03515625
0 0.6357421875 0.603515625 0.041015625 0.04296875
0 0.7041015625 0.6083984375 0.037109375 0.044921875
0 0.583984375 0.619140625 0.04296875 0.04296875
0 0.27734375 0.6416015625 0.0546875 0.064453125
0 0.5263671875 0.6474609375 0.044921875 0.044921875
0 0.7421875 0.6435546875 0.0078125 0.025390625
0 0.7080078125 0.65625 0.041015625 0.04296875
0 0.65234375 0.658203125 0.03515625 0.0390625
0 0.4609375 0.6689453125 0.046875 0.048828125
0 0.59765625 0.671875 0.0390625 0.046875
0 0.388671875 0.6865234375 0.0546875 0.048828125
0 0.5439453125 0.697265625 0.041015625 0.04296875
0 0.310546875 0.7109375 0.0625 0.0546875
0 0.4306640625 0.732421875 0.048828125 0.03125
0 0.3603515625 0.7412109375 0.048828125 0.013671875
