0 0.9052734375 0.009765625 0.064453125 0.01953125
0 0.57421875 0.015625 0.0703125 0.02734375
0 0.712890625 0.01953125 0.0703125 0.03515625
0 0.7861328125 0.0078125 0.052734375 0.01171875
0 0.8369140625 0.0400390625 0.060546875 0.044921875
0 0.9775390625 0.0380859375 0.037109375 0.033203125
0 0.48828125 0.046875 0.05859375 0.04296875
0 0.91015625 0.0478515625 0.0703125 0.044921875
0 0.302734375 0.064453125 0.03515625 0.0390625
0 0.630859375 0.0654296875 0.0625 0.041015625
0 0.5390625 0.0693359375 0.05859375 0.044921875
0 0.767578125 0.0771484375 0.0625 0.044921875
0 0.982421875 0.078125 0.03125 0.04296875
0 0.900390625 0.1513671875 0.07421875 0.048828125
0 0.6787109375 0.158203125 0.064453125 0.0390625
0 0.984375 0.1826171875 0.01953125 0.041015625
0 0.806640625 0.185546875 0.06640625 0.04296875
0 0.529296875 0.2021484375 0.05859375 0.044921875
0 0.0458984375 0.2138671875 0.060546875 0.041015625
0 0.6142578125 0.216796875 0.048828125 0.02734375
0 0.4482421875 0.234375 0.068359375 0.046875
0 0.7109375 0.2392578125 0.05078125 0.044921875
0 0.7919921875 0.2412109375 0.068359375 0.044921875
0 0.0126953125 0.2412109375 0.021484375 0.033203125
0 0.6357421875 0.248046875 0.068359375 0.046875
0 0.5498046875 0.2646484375 0.064453125 0.033203125
0 0.8876953125 0.2705078125 0.060546875 0.044921875
0 0.3349609375 0.2744140625 0.060546875 0.044921875
0 0.82421875 0.2939453125 0.0546875 0.044921875
0 0.9658203125 0.2880859375 0.056640625 0.033203125
0 0.39453125 0.302734375 0.05859375 0.04296875
0 0.556640625 0.310546875 0.0703125 0.046875
0 0.7529296875 0.306640625 0.068359375 0.046875
0 0.65625 0.302734375 0.0546875 0.03125
0 0.4765625 0.3125 0.0625 0.04296875
0 0.9052734375 0.3251953125 0.064453125 0.048828125
0 0.98046875 0.3291015625 0.03515625 0.052734375
0 0.6806640625 0.3310546875 0.068359375 0.052734375
0 0.7646484375 0.3603515625 0.076171875 0.052734375
0 0.3896484375 0.359375 0.072265625 0.04296875
0 0.591796875 0.3662109375 0.07421875 0.048828125
0 0.8466796875 0.365234375 0.052734375 0.046875
0 0.9287109375 0.376953125 0.076171875 0.05078125
0 0.12109375 0.390625 0.0546875 0.04296875
0 0.4169921875 0.4111328125 0.068359375 0.052734375
0 0.98828125 0.4140625 0.01953125 0.046875
0 0.7109375 0.4169921875 0.0703125 0.041015625
0 0.8603515625 0.4248046875 0.076171875 0.052734375
0 0.5126953125 0.41796875 0.060546875 0.03125
0 0.30859375 0.4267578125 0.0546875 0.037109375
0 0.0673828125 0.4345703125 0.044921875 0.037109375
0 0.2255859375 0.4375 0.060546875 0.04296875
0 0.158203125 0.435546875 0.02734375 0.03125
0 0.619140625 0.44921875 0.07421875 0.05078125
0 0.109375 0.4541015625 0.078125 0.052734375
0 0.4599609375 0.458984375 0.056640625 0.046875
0 0.5361328125 0.46484375 0.064453125 0.05078125
0 0.32421875 0.466796875 0.06640625 0.046875
0 0.7099609375 0.4716796875 0.076171875 0.056640625
0 0.919921875 0.478515625 0.07421875 0.0546875
0 0.7998046875 0.484375 0.072265625 0.05859375
0 0.404296875 0.48828125 0.078125 0.05078125
0 0.58203125 0.5185546875 0.07421875 0.056640625
0 0.9892578125 0.5087890625 0.017578125 0.037109375
0 0.49609375 0.5205078125 0.0546875 0.037109375
0 0.2783203125 0.5380859375 0.068359375 0.048828125
0 0.8212890625 0.5419921875 0.076171875 0.052734375
0 0.3681640625 0.552734375 0.076171875 0.05859375
0 0.2158203125 0.5625 0.037109375 0.046875
0 0.9658203125 0.5654296875 0.060546875 0.052734375
0 0.4921875 0.5849609375 0.078125 0.060546875
0 0.77734375 0.583984375 0.078125 0.05859375
0 0.576171875 0.6015625 0.078125 0.05859375
0 0.865234375 0.615234375 0.08203125 0.05859375
0 0.6826171875 0.607421875 0.072265625 0.0390625
0 0.93359375 0.6201171875 0.0390625 0.056640625
0 0.990234375 0.6201171875 0.015625 0.037109375
0 0.6171875 0.642578125 0.08203125 0.05078125
0 0.3994140625 0.6650390625 0.076171875 0.060546875
0 0.7099609375 0.6630859375 0.072265625 0.056640625
0 0.01953125 0.6669921875 0.0390625 0.033203125
0 0.966796875 0.68359375 0.0625 0.05859375
0 0.515625 0.6982421875 0.078125 0.064453125
0 0.6064453125 0.7021484375 0.080078125 0.064453125
0 0.916015625 0.7138671875 0.0859375 0.056640625
0 0.0341796875 0.7177734375 0.056640625 0.060546875
0 0.802734375 0.7197265625 0.078125 0.060546875
0 0.32421875 0.73046875 0.06640625 0.05078125
0 0.2255859375 0.736328125 0.064453125 0.0546875
0 0.4208984375 0.744140625 0.080078125 0.06640625
0 0.9892578125 0.76171875 0.017578125 0.0546875
0 0.296875 0.791015625 0.06640625 0.0546875
0 0.4814453125 0.8095703125 0.083984375 0.068359375
0 0.69921875 0.84765625 0.08984375 0.0703125
0 0.2275390625 0.8466796875 0.072265625 0.056640625
0 0.591796875 0.8662109375 0.0859375 0.072265625
0 0.82421875 0.865234375 0.08203125 0.0625
0 0.9248046875 0.884765625 0.083984375 0.06640625
0 0.099609375 0.8955078125 0.0703125 0.052734375
0 0.2275390625 0.9169921875 0.072265625 0.056640625
0 0.1455078125 0.9609375 0.072265625 0.05859375
0 0.81640625 0.974609375 0.08203125 0.046875
0 0.9384765625 0.9755859375 0.083984375 0.044921875
