1 0.3935546875 0.2783203125 0.103515625 0.056640625
1 0.513671875 0.265625 0.1015625 0.03125
1 0.626953125 0.255859375 0.08203125 0.01171875
1 0.7255859375 0.2783203125 0.041015625 0.048828125
1 0.638671875 0.2939453125 0.09765625 0.056640625
1 0.5185546875 0.318359375 0.103515625 0.05859375
1 0.40234375 0.3359375 0.10546875 0.05859375
1 0.7294921875 0.3369140625 0.033203125 0.048828125
1 0.6494140625 0.3505859375 0.099609375 0.056640625
1 0.52734375 0.375 0.1015625 0.05859375
1 0.4130859375 0.3935546875 0.111328125 0.064453125
1 0.734375 0.3984375 0.02734375 0.046875
1 0.6611328125 0.4111328125 0.099609375 0.056640625
1 0.53515625 0.4345703125 0.1015625 0.056640625
1 0.421875 0.4521484375 0.11328125 0.064453125
1 0.673828125 0.46875 0.1015625 0.0625
1 0.73828125 0.45703125 0.015625 0.04296875
1 0.546875 0.4931640625 0.1015625 0.064453125
1 0.4326171875 0.5126953125 0.111328125 0.064453125
1 0.7431640625 0.51171875 0.005859375 0.03515625
1 0.685546875 0.5283203125 0.1015625 0.060546875
1 0.5537109375 0.5517578125 0.103515625 0.064453125
1 0.4404296875 0.5732421875 0.107421875 0.068359375
1 0.7451171875 0.5654296875 0.005859375 0.029296875
1 0.689453125 0.5869140625 0.1015625 0.060546875
1 0.5595703125 0.607421875 0.099609375 0.05859375
1 0.4462890625 0.6337890625 0.103515625 0.064453125
1 0.744140625 0.6259765625 0.0078125 0.025390625
1 0.6884765625 0.642578125 0.095703125 0.0546875
1 0.5693359375 0.662109375 0.103515625 0.05859375
1 0.4580078125 0.689453125 0.103515625 0.06640625
1 0.6982421875 0.7021484375 0.095703125 0.060546875
1 0.5869140625 0.7197265625 0.103515625 0.056640625
1 0.4794921875 0.732421875 0.095703125 0.03125
