0 0.3525390625 0.353515625 0.037109375 0.046875
0 0.3359375 0.3984375 0.03125 0.046875
0 0.3779296875 0.4033203125 0.029296875 0.048828125
0 0.40625 0.4345703125 0.046875 0.087890625
0 0.4599609375 0.416015625 0.033203125 0.05078125
0 0.3173828125 0.4580078125 0.037109375 0.080078125
0 0.3603515625 0.4453125 0.029296875 0.046875
0 0.4404296875 0.4599609375 0.033203125 0.044921875
0 0.482421875 0.4658203125 0.03515625 0.041015625
0 0.34765625 0.4814453125 0.02734375 0.041015625
0 0.3798828125 0.4921875 0.029296875 0.0390625
0 0.443359375 0.5224609375 0.05859375 0.083984375
0 0.4990234375 0.51171875 0.033203125 0.04296875
0 0.298828125 0.513671875 0.02734375 0.0390625
0 0.521484375 0.5576171875 0.0703125 0.099609375
0 0.583984375 0.5234375 0.03515625 0.046875
0 0.3271484375 0.53515625 0.033203125 0.0625
0 0.3642578125 0.529296875 0.029296875 0.03515625
0 0.4033203125 0.5341796875 0.029296875 0.037109375
0 0.2890625 0.5478515625 0.02734375 0.029296875
0 0.48046875 0.5537109375 0.03125 0.044921875
0 0.3525390625 0.560546875 0.025390625 0.03515625
0 0.5595703125 0.564453125 0.037109375 0.04296875
0 0.6044921875 0.5712890625 0.041015625 0.044921875
0 0.384765625 0.572265625 0.02734375 0.03515625
0 0.2919921875 0.5947265625 0.048828125 0.072265625
0 0.4150390625 0.5908203125 0.041015625 0.064453125
0 0.6513671875 0.5810546875 0.041015625 0.044921875
0 0.4580078125 0.5849609375 0.029296875 0.037109375
0 0.333984375 0.6064453125 0.03515625 0.056640625
0 0.37109375 0.6025390625 0.02734375 0.033203125
0 0.580078125 0.607421875 0.03515625 0.04296875
0 0.5380859375 0.6083984375 0.033203125 0.041015625
0 0.6240234375 0.6142578125 0.037109375 0.041015625
0 0.263671875 0.6123046875 0.0234375 0.033203125
0 0.6708984375 0.623046875 0.041015625 0.04296875
0 0.4384765625 0.623046875 0.029296875 0.03515625
0 0.4765625 0.626953125 0.03125 0.03515625
0 0.3662109375 0.626953125 0.025390625 0.0234375
0 0.396484375 0.630859375 0.01953125 0.01953125
0 0.515625 0.6376953125 0.03125 0.033203125
0 0.44140625 0.65625 0.05859375 0.04296875
0 0.5576171875 0.6513671875 0.033203125 0.037109375
0 0.599609375 0.6513671875 0.03515625 0.037109375
0 0.49609375 0.6640625 0.03125 0.03515625
0 0.6435546875 0.6640625 0.037109375 0.0390625
0 0.693359375 0.6728515625 0.04296875 0.041015625
0 0.53515625 0.6787109375 0.03125 0.037109375
0 0.576171875 0.6982421875 0.03125 0.037109375
0 0.6640625 0.71484375 0.0390625 0.0390625
0 0.7099609375 0.720703125 0.041015625 0.0390625
