0 0.5458984375 0.537109375 0.052734375 0.046875
0 0.4833984375 0.5458984375 0.048828125 0.048828125
0 0.3583984375 0.55078125 0.052734375 0.046875
0 0.607421875 0.5556640625 0.0546875 0.048828125
0 0.431640625 0.5703125 0.05078125 0.04296875
0 0.529296875 0.5810546875 0.05078125 0.044921875
0 0.275390625 0.5830078125 0.05078125 0.041015625
0 0.333984375 0.5908203125 0.04296875 0.041015625
0 0.6455078125 0.6005859375 0.056640625 0.048828125
0 0.3896484375 0.595703125 0.048828125 0.0390625
0 0.4697265625 0.609375 0.048828125 0.04296875
0 0.58203125 0.6103515625 0.05078125 0.041015625
0 0.263671875 0.6162109375 0.02734375 0.037109375
0 0.3095703125 0.626953125 0.041015625 0.03515625
0 0.5263671875 0.6337890625 0.048828125 0.041015625
0 0.359375 0.6357421875 0.046875 0.037109375
0 0.419921875 0.638671875 0.046875 0.0390625
0 0.6611328125 0.6552734375 0.052734375 0.044921875
0 0.47265625 0.658203125 0.046875 0.0390625
0 0.5771484375 0.6650390625 0.052734375 0.041015625
0 0.271484375 0.6650390625 0.0390625 0.037109375
0 0.3203125 0.6728515625 0.04296875 0.033203125
0 0.38671875 0.7041015625 0.078125 0.068359375
0 0.4267578125 0.6904296875 0.044921875 0.037109375
0 0.5166015625 0.697265625 0.044921875 0.03515625
0 0.296875 0.7138671875 0.0390625 0.037109375
0 0.47265625 0.7138671875 0.04296875 0.037109375
0 0.3447265625 0.720703125 0.044921875 0.03515625
