0 0.7216796875 0.259765625 0.033203125 0.01953125
0 0.2705078125 0.380859375 0.041015625 0.03515625
0 0.73828125 0.4453125 0.01953125 0.046875
0 0.6416015625 0.4501953125 0.080078125 0.056640625
0 0.708984375 0.4970703125 0.078125 0.056640625
0 0.4169921875 0.5009765625 0.080078125 0.056640625
0 0.5068359375 0.5185546875 0.076171875 0.052734375
0 0.642578125 0.548828125 0.07421875 0.05078125
0 0.287109375 0.5732421875 0.07421875 0.068359375
0 0.375 0.5693359375 0.078125 0.052734375
0 0.5546875 0.5703125 0.07421875 0.05078125
0 0.7060546875 0.59375 0.080078125 0.08984375
0 0.46484375 0.5751953125 0.08203125 0.048828125
0 0.3408203125 0.619140625 0.076171875 0.046875
0 0.5146484375 0.623046875 0.072265625 0.05078125
0 0.603515625 0.62109375 0.078125 0.046875
0 0.4091796875 0.6435546875 0.103515625 0.072265625
0 0.646484375 0.6611328125 0.0703125 0.041015625
0 0.4775390625 0.66015625 0.064453125 0.03515625
0 0.5615234375 0.6728515625 0.068359375 0.048828125
0 0.736328125 0.673828125 0.0234375 0.0390625
0 0.2998046875 0.677734375 0.072265625 0.04296875
0 0.68359375 0.7119140625 0.0625 0.041015625
0 0.6025390625 0.7177734375 0.068359375 0.044921875
0 0.5205078125 0.7197265625 0.068359375 0.041015625
0 0.275390625 0.720703125 0.046875 0.04296875
0 0.3486328125 0.720703125 0.068359375 0.0390625
0 0.7373046875 0.7158203125 0.017578125 0.025390625
0 0.4384765625 0.7265625 0.072265625 0.04296875
0 0.7265625 0.7236328125 0.0 0.001953125
