1 0.4873046875 0.5625 0.068359375 0.1015625
1 0.7255859375 0.5791015625 0.044921875 0.099609375
1 0.2734375 0.587890625 0.046875 0.08984375
1 0.6513671875 0.5888671875 0.072265625 0.095703125
1 0.56640625 0.5908203125 0.0703125 0.095703125
1 0.3369140625 0.591796875 0.068359375 0.09375
1 0.4111328125 0.5947265625 0.068359375 0.091796875
1 0.736328125 0.6796875 0.0234375 0.08984375
1 0.2607421875 0.6845703125 0.021484375 0.080078125
1 0.607421875 0.69140625 0.06640625 0.09375
1 0.306640625 0.6904296875 0.0625 0.083984375
1 0.6845703125 0.693359375 0.068359375 0.08984375
1 0.53125 0.6943359375 0.06640625 0.087890625
1 0.37890625 0.703125 0.0703125 0.08984375
1 0.4541015625 0.703125 0.072265625 0.08984375
