1 0.4150390625 0.4287109375 0.037109375 0.037109375
1 0.513671875 0.4287109375 0.0390625 0.037109375
1 0.3369140625 0.431640625 0.041015625 0.0390625
1 0.6240234375 0.431640625 0.041015625 0.0390625
1 0.2744140625 0.431640625 0.037109375 0.03515625
1 0.7177734375 0.4365234375 0.044921875 0.041015625
1 0.6201171875 0.4814453125 0.037109375 0.033203125
1 0.73046875 0.4814453125 0.03515625 0.033203125
1 0.421875 0.48046875 0.03515625 0.02734375
1 0.5693359375 0.4833984375 0.037109375 0.033203125
1 0.67578125 0.484375 0.0390625 0.03515625
1 0.4697265625 0.4853515625 0.033203125 0.033203125
1 0.5166015625 0.4853515625 0.037109375 0.033203125
1 0.26953125 0.474609375 0.0 0.0
1 0.291015625 0.4921875 0.0390625 0.03515625
1 0.2548828125 0.4951171875 0.009765625 0.033203125
1 0.3525390625 0.4970703125 0.041015625 0.033203125
1 0.4482421875 0.5234375 0.029296875 0.03125
1 0.5009765625 0.52734375 0.029296875 0.03125
1 0.265625 0.5244140625 0.02734375 0.013671875
1 0.3203125 0.5263671875 0.03125 0.025390625
1 0.5927734375 0.5322265625 0.033203125 0.029296875
1 0.3759765625 0.53125 0.029296875 0.01953125
1 0.548828125 0.533203125 0.03125 0.0234375
1 0.634765625 0.5361328125 0.03515625 0.029296875
1 0.7197265625 0.537109375 0.041015625 0.03125
1 0.4677734375 0.556640625 0.025390625 0.0234375
1 0.2666015625 0.55859375 0.029296875 0.0234375
1 0.333984375 0.56640625 0.03125 0.02734375
1 0.5185546875 0.5654296875 0.029296875 0.025390625
1 0.5693359375 0.5673828125 0.029296875 0.025390625
1 0.39453125 0.572265625 0.03125 0.02734375
1 0.609375 0.5791015625 0.03515625 0.025390625
1 0.65625 0.580078125 0.03515625 0.02734375
1 0.7197265625 0.5859375 0.037109375 0.02734375
1 0.2802734375 0.5966796875 0.029296875 0.021484375
1 0.3330078125 0.6025390625 0.025390625 0.021484375
1 0.4599609375 0.603515625 0.025390625 0.0234375
1 0.513671875 0.607421875 0.02734375 0.02734375
1 0.3818359375 0.6083984375 0.029296875 0.025390625
1 0.568359375 0.607421875 0.02734375 0.0234375
1 0.607421875 0.615234375 0.03125 0.02734375
1 0.6533203125 0.6162109375 0.029296875 0.021484375
1 0.708984375 0.6171875 0.03515625 0.0234375
1 0.2890625 0.623046875 0.02734375 0.01953125
1 0.4306640625 0.6279296875 0.025390625 0.021484375
1 0.337890625 0.62890625 0.0234375 0.01953125
1 0.478515625 0.6318359375 0.02734375 0.021484375
1 0.3857421875 0.63671875 0.025390625 0.01953125
1 0.5234375 0.6484375 0.03125 0.03515625
1 0.57421875 0.6396484375 0.02734375 0.017578125
1 0.640625 0.640625 0.03125 0.01953125
1 0.7041015625 0.64453125 0.029296875 0.01953125
1 0.412109375 0.65234375 0.01953125 0.01953125
1 0.3095703125 0.6552734375 0.025390625 0.021484375
1 0.48828125 0.65625 0.01953125 0.015625
1 0.453125 0.658203125 0.0234375 0.01953125
1 0.34375 0.6611328125 0.0234375 0.021484375
1 0.55078125 0.6591796875 0.01953125 0.017578125
1 0.3740234375 0.6708984375 0.029296875 0.029296875
1 0.578125 0.66796875 0.02734375 0.01953125
1 0.3173828125 0.677734375 0.021484375 0.015625
1 0.646484375 0.681640625 0.02734375 0.0234375
1 0.611328125 0.68359375 0.02734375 0.0234375
1 0.6826171875 0.6845703125 0.029296875 0.021484375
1 0.34765625 0.6806640625 0.01953125 0.009765625
1 0.4853515625 0.689453125 0.021484375 0.01953125
1 0.451171875 0.6904296875 0.0234375 0.017578125
1 0.6494140625 0.7216796875 0.029296875 0.021484375
1 0.578125 0.7216796875 0.02734375 0.017578125
1 0.61328125 0.7236328125 0.02734375 0.017578125
1 0.69140625 0.73046875 0.03125 0.01953125
