1 0.4833984375 0.2939453125 0.044921875 0.076171875
1 0.5322265625 0.3017578125 0.033203125 0.068359375
1 0.7431640625 0.298828125 0.009765625 0.0625
1 0.5625 0.3056640625 0.01953125 0.064453125
1 0.50390625 0.3837890625 0.03515625 0.076171875
1 0.6513671875 0.373046875 0.017578125 0.0546875
1 0.5400390625 0.380859375 0.029296875 0.06640625
1 0.5751953125 0.3779296875 0.025390625 0.060546875
1 0.607421875 0.375 0.01953125 0.0546875
1 0.67578125 0.3681640625 0.01171875 0.041015625
1 0.7451171875 0.3642578125 0.005859375 0.025390625
1 0.6953125 0.3662109375 0.01171875 0.033203125
1 0.3984375 0.388671875 0.05078125 0.07421875
1 0.7314453125 0.3681640625 0.005859375 0.025390625
1 0.326171875 0.4169921875 0.06640625 0.083984375
1 0.7431640625 0.4013671875 0.005859375 0.029296875
1 0.728515625 0.40625 0.0078125 0.03125
1 0.6748046875 0.4111328125 0.009765625 0.029296875
1 0.69140625 0.4111328125 0.01171875 0.025390625
1 0.630859375 0.419921875 0.015625 0.03125
1 0.5888671875 0.4365234375 0.017578125 0.048828125
1 0.6044921875 0.4267578125 0.001953125 0.021484375
1 0.5478515625 0.4521484375 0.052734375 0.072265625
1 0.7392578125 0.4375 0.005859375 0.02734375
1 0.7275390625 0.4423828125 0.005859375 0.029296875
1 0.46484375 0.458984375 0.03125 0.0625
1 0.712890625 0.4462890625 0.0078125 0.021484375
1 0.673828125 0.4501953125 0.01171875 0.033203125
1 0.6572265625 0.4423828125 0.009765625 0.013671875
1 0.4287109375 0.4765625 0.048828125 0.078125
1 0.73828125 0.46875 0.0078125 0.0234375
1 0.65625 0.4794921875 0.01171875 0.044921875
1 0.7265625 0.4755859375 0.0078125 0.021484375
1 0.357421875 0.5126953125 0.0625 0.095703125
1 0.626953125 0.4892578125 0.015625 0.044921875
1 0.603515625 0.4990234375 0.01953125 0.056640625
1 0.7099609375 0.4853515625 0.009765625 0.025390625
1 0.6767578125 0.5 0.009765625 0.0390625
1 0.6953125 0.4951171875 0.01171875 0.025390625
1 0.740234375 0.4951171875 0.0078125 0.021484375
1 0.5390625 0.525390625 0.03125 0.0703125
1 0.732421875 0.490234375 0.0 0.0
1 0.728515625 0.501953125 0.00390625 0.01953125
1 0.48828125 0.5390625 0.0390625 0.07421875
1 0.703125 0.525390625 0.01171875 0.0234375
1 0.4228515625 0.556640625 0.044921875 0.078125
1 0.62890625 0.5419921875 0.01953125 0.044921875
1 0.6767578125 0.5283203125 0.005859375 0.009765625
1 0.603515625 0.5556640625 0.0234375 0.052734375
1 0.689453125 0.5478515625 0.00390625 0.021484375
1 0.5732421875 0.5693359375 0.025390625 0.060546875
1 0.67578125 0.556640625 0.01171875 0.03125
1 0.65625 0.560546875 0.00390625 0.01953125
1 0.6435546875 0.57421875 0.013671875 0.04296875
1 0.5361328125 0.5888671875 0.033203125 0.060546875
1 0.4912109375 0.6083984375 0.033203125 0.068359375
1 0.607421875 0.5927734375 0.01953125 0.029296875
1 0.5791015625 0.6142578125 0.025390625 0.037109375
1 0.443359375 0.64453125 0.046875 0.0859375
1 0.62109375 0.6220703125 0.01171875 0.025390625
1 0.53125 0.65234375 0.05859375 0.078125
1 0.59765625 0.638671875 0.015625 0.03515625
1 0.578125 0.65625 0.015625 0.05078125
1 0.4794921875 0.6826171875 0.041015625 0.056640625
1 0.5478515625 0.68359375 0.025390625 0.05078125
1 0.4375 0.701171875 0.0390625 0.02734375
