0 0.3828125 0.322265625 0.0625 0.140625
0 0.4580078125 0.3330078125 0.068359375 0.162109375
0 0.2744140625 0.4599609375 0.048828125 0.154296875
0 0.3447265625 0.4775390625 0.056640625 0.166015625
0 0.41796875 0.4853515625 0.0625 0.166015625
0 0.5 0.5146484375 0.07421875 0.185546875
0 0.583984375 0.5244140625 0.07421875 0.185546875
0 0.31640625 0.619140625 0.05078125 0.15625
0 0.384765625 0.6396484375 0.0546875 0.154296875
0 0.4375 0.6865234375 0.06640625 0.123046875
0 0.5234375 0.703125 0.07421875 0.08984375
0 0.6171875 0.705078125 0.07421875 0.0859375
0 0.2744140625 0.7177734375 0.044921875 0.060546875
0 0.345703125 0.7314453125 0.0390625 0.033203125
