1 0.533203125 0.2763671875 0.015625 0.025390625
1 0.55859375 0.27734375 0.015625 0.0234375
1 0.5810546875 0.28125 0.013671875 0.0234375
1 0.599609375 0.291015625 0.01171875 0.0234375
1 0.6201171875 0.294921875 0.013671875 0.0234375
1 0.6416015625 0.2939453125 0.013671875 0.021484375
1 0.533203125 0.30859375 0.015625 0.0234375
1 0.5546875 0.30859375 0.015625 0.0234375
1 0.5771484375 0.3095703125 0.013671875 0.025390625
1 0.677734375 0.3125 0.015625 0.0234375
1 0.595703125 0.3232421875 0.01171875 0.025390625
1 0.662109375 0.32421875 0.015625 0.02734375
1 0.697265625 0.322265625 0.015625 0.0234375
1 0.615234375 0.3232421875 0.01171875 0.021484375
1 0.6357421875 0.32421875 0.013671875 0.0234375
1 0.720703125 0.32421875 0.015625 0.0234375
1 0.5546875 0.337890625 0.015625 0.0234375
1 0.53125 0.33984375 0.015625 0.0234375
1 0.5771484375 0.33984375 0.013671875 0.0234375
1 0.595703125 0.3525390625 0.015625 0.025390625
1 0.615234375 0.3583984375 0.015625 0.025390625
1 0.6376953125 0.3583984375 0.013671875 0.025390625
1 0.681640625 0.3583984375 0.01171875 0.025390625
1 0.7021484375 0.357421875 0.013671875 0.0234375
1 0.7177734375 0.3583984375 0.009765625 0.025390625
1 0.52734375 0.3720703125 0.015625 0.025390625
1 0.552734375 0.373046875 0.01953125 0.02734375
1 0.57421875 0.3759765625 0.01171875 0.017578125
1 0.662109375 0.3857421875 0.015625 0.025390625
1 0.7001953125 0.384765625 0.013671875 0.0234375
1 0.5927734375 0.3818359375 0.013671875 0.013671875
1 0.681640625 0.388671875 0.01171875 0.02734375
1 0.61328125 0.38671875 0.015625 0.01953125
1 0.6357421875 0.3876953125 0.013671875 0.021484375
1 0.7197265625 0.388671875 0.013671875 0.0234375
1 0.578125 0.404296875 0.015625 0.02734375
1 0.529296875 0.404296875 0.015625 0.02734375
1 0.552734375 0.4033203125 0.015625 0.025390625
1 0.6005859375 0.41015625 0.013671875 0.02734375
1 0.619140625 0.4169921875 0.015625 0.025390625
1 0.638671875 0.4189453125 0.015625 0.025390625
1 0.7080078125 0.4189453125 0.029296875 0.029296875
1 0.662109375 0.419921875 0.015625 0.0234375
1 0.6806640625 0.4208984375 0.009765625 0.025390625
1 0.5546875 0.4345703125 0.015625 0.025390625
1 0.53125 0.435546875 0.015625 0.0234375
1 0.5771484375 0.4384765625 0.013671875 0.029296875
1 0.6005859375 0.4453125 0.013671875 0.02734375
1 0.623046875 0.4482421875 0.015625 0.025390625
1 0.64453125 0.44921875 0.015625 0.0234375
1 0.6826171875 0.451171875 0.013671875 0.02734375
1 0.7109375 0.44921875 0.03125 0.0234375
1 0.6630859375 0.453125 0.013671875 0.0234375
1 0.5302734375 0.4677734375 0.017578125 0.021484375
1 0.5537109375 0.470703125 0.017578125 0.02734375
1 0.595703125 0.48046875 0.015625 0.02734375
1 0.677734375 0.4814453125 0.01171875 0.025390625
1 0.7021484375 0.4814453125 0.013671875 0.025390625
1 0.7236328125 0.4814453125 0.013671875 0.025390625
1 0.658203125 0.484375 0.01171875 0.02734375
1 0.6328125 0.4853515625 0.015625 0.025390625
1 0.537109375 0.4990234375 0.01953125 0.029296875
1 0.572265625 0.50390625 0.015625 0.0234375
1 0.603515625 0.5146484375 0.03515625 0.029296875
1 0.720703125 0.5107421875 0.01171875 0.021484375
1 0.703125 0.5126953125 0.015625 0.025390625
1 0.634765625 0.5185546875 0.015625 0.025390625
1 0.654296875 0.51953125 0.01171875 0.02734375
1 0.67578125 0.517578125 0.015625 0.0234375
1 0.56640625 0.5439453125 0.01953125 0.033203125
1 0.701171875 0.5439453125 0.015625 0.025390625
1 0.7255859375 0.544921875 0.017578125 0.02734375
1 0.509765625 0.5478515625 0.01953125 0.025390625
1 0.62109375 0.5498046875 0.03515625 0.025390625
1 0.65625 0.5517578125 0.015625 0.029296875
1 0.67578125 0.5498046875 0.015625 0.025390625
1 0.5546875 0.5634765625 0.015625 0.033203125
1 0.51953125 0.580078125 0.01953125 0.02734375
1 0.599609375 0.5810546875 0.015625 0.029296875
1 0.69921875 0.5771484375 0.015625 0.025390625
1 0.63671875 0.58203125 0.015625 0.02734375
1 0.5439453125 0.60546875 0.017578125 0.03125
1 0.5703125 0.6103515625 0.015625 0.029296875
1 0.7197265625 0.611328125 0.013671875 0.03125
1 0.5927734375 0.6171875 0.017578125 0.02734375
1 0.6611328125 0.619140625 0.005859375 0.0234375
1 0.6298828125 0.6220703125 0.017578125 0.029296875
1 0.677734375 0.623046875 0.01171875 0.02734375
1 0.6064453125 0.6240234375 0.005859375 0.025390625
1 0.6484375 0.62109375 0.01171875 0.0234375
