0 0.2705078125 0.3134765625 0.041015625 0.126953125
0 0.439453125 0.2939453125 0.05859375 0.087890625
0 0.5244140625 0.2939453125 0.056640625 0.087890625
0 0.337890625 0.2783203125 0.0234375 0.048828125
0 0.3876953125 0.2998046875 0.041015625 0.083984375
0 0.6103515625 0.3447265625 0.076171875 0.115234375
0 0.3251953125 0.3427734375 0.025390625 0.041015625
0 0.4931640625 0.3896484375 0.041015625 0.068359375
0 0.3544921875 0.4638671875 0.091796875 0.173828125
0 0.716796875 0.4150390625 0.0390625 0.056640625
0 0.2705078125 0.4384765625 0.037109375 0.103515625
0 0.619140625 0.443359375 0.04296875 0.0625
0 0.48828125 0.5009765625 0.07421875 0.119140625
0 0.5947265625 0.61328125 0.134765625 0.18359375
0 0.255859375 0.6513671875 0.01171875 0.095703125
0 0.35546875 0.6748046875 0.11328125 0.146484375
