0 0.2978515625 0.271484375 0.080078125 0.04296875
0 0.4931640625 0.2626953125 0.072265625 0.025390625
0 0.583984375 0.2666015625 0.0703125 0.033203125
0 0.6787109375 0.2646484375 0.072265625 0.029296875
0 0.4716796875 0.37890625 0.087890625 0.12890625
0 0.5205078125 0.494140625 0.181640625 0.34375
0 0.66015625 0.384765625 0.0859375 0.1171875
0 0.7060546875 0.4462890625 0.083984375 0.220703125
0 0.271484375 0.388671875 0.04296875 0.11328125
0 0.42578125 0.4931640625 0.0859375 0.126953125
0 0.615234375 0.494140625 0.0859375 0.1171875
0 0.291015625 0.4990234375 0.08203125 0.123046875
0 0.56640625 0.603515625 0.08203125 0.12109375
0 0.728515625 0.6025390625 0.0390625 0.115234375
0 0.6591796875 0.6064453125 0.083984375 0.119140625
0 0.2685546875 0.6123046875 0.037109375 0.111328125
0 0.4267578125 0.69921875 0.083984375 0.09765625
0 0.5185546875 0.7001953125 0.080078125 0.095703125
0 0.6103515625 0.7001953125 0.083984375 0.095703125
0 0.701171875 0.701171875 0.08203125 0.09375
0 0.2939453125 0.7021484375 0.083984375 0.091796875
