0 0.3056640625 0.2763671875 0.037109375 0.052734375
0 0.3505859375 0.2646484375 0.021484375 0.029296875
0 0.3798828125 0.2626953125 0.021484375 0.025390625
0 0.408203125 0.2587890625 0.0234375 0.017578125
0 0.4375 0.2568359375 0.0234375 0.013671875
0 0.4990234375 0.255859375 0.021484375 0.01171875
0 0.5205078125 0.2978515625 0.091796875 0.076171875
0 0.5849609375 0.267578125 0.029296875 0.03125
0 0.62109375 0.2666015625 0.02734375 0.033203125
0 0.2724609375 0.26953125 0.021484375 0.02734375
0 0.455078125 0.275390625 0.0234375 0.03125
0 0.2548828125 0.27734375 0.005859375 0.0234375
0 0.42578125 0.28125 0.0234375 0.02734375
0 0.3984375 0.2880859375 0.0234375 0.029296875
0 0.3681640625 0.2919921875 0.021484375 0.029296875
0 0.287109375 0.2958984375 0.01953125 0.029296875
0 0.3408203125 0.2978515625 0.021484375 0.029296875
0 0.5927734375 0.3154296875 0.044921875 0.064453125
0 0.2626953125 0.3017578125 0.021484375 0.029296875
0 0.56640625 0.30078125 0.02734375 0.03125
0 0.4375 0.326171875 0.03515625 0.0625
0 0.5009765625 0.3095703125 0.029296875 0.033203125
0 0.4130859375 0.314453125 0.025390625 0.03125
0 0.3671875 0.3369140625 0.05078125 0.060546875
0 0.3037109375 0.322265625 0.021484375 0.03125
0 0.2783203125 0.328125 0.021484375 0.0234375
0 0.2568359375 0.3330078125 0.013671875 0.025390625
0 0.51953125 0.337890625 0.02734375 0.03515625
0 0.4013671875 0.3466796875 0.025390625 0.029296875
0 0.2939453125 0.353515625 0.021484375 0.02734375
0 0.2685546875 0.3583984375 0.021484375 0.029296875
0 0.6953125 0.3759765625 0.0390625 0.033203125
0 0.7060546875 0.4267578125 0.083984375 0.056640625
0 0.7109375 0.4111328125 0.0234375 0.025390625
0 0.740234375 0.41796875 0.0078125 0.0234375
0 0.677734375 0.47265625 0.01171875 0.02734375
0 0.693359375 0.470703125 0.0078125 0.0234375
0 0.7060546875 0.470703125 0.009765625 0.0234375
0 0.7197265625 0.47265625 0.009765625 0.01953125
0 0.7421875 0.4765625 0.0078125 0.0234375
0 0.69140625 0.501953125 0.01171875 0.02734375
0 0.7041015625 0.501953125 0.009765625 0.02734375
0 0.7177734375 0.5029296875 0.009765625 0.029296875
0 0.3681640625 0.5517578125 0.037109375 0.052734375
0 0.4052734375 0.5380859375 0.021484375 0.029296875
0 0.4453125 0.5654296875 0.04296875 0.083984375
0 0.5322265625 0.5390625 0.029296875 0.03125
0 0.5673828125 0.5400390625 0.029296875 0.033203125
0 0.6015625 0.5390625 0.02734375 0.03125
0 0.265625 0.5390625 0.0234375 0.02734375
0 0.2939453125 0.5390625 0.021484375 0.0234375
0 0.2578125 0.5673828125 0.015625 0.025390625
0 0.2822265625 0.56640625 0.021484375 0.0234375
0 0.517578125 0.568359375 0.02734375 0.03125
0 0.5947265625 0.5859375 0.048828125 0.06640625
0 0.6220703125 0.5703125 0.029296875 0.03515625
0 0.3076171875 0.5673828125 0.017578125 0.025390625
0 0.3896484375 0.5693359375 0.025390625 0.029296875
0 0.4208984375 0.5693359375 0.025390625 0.029296875
0 0.525390625 0.5869140625 0.07421875 0.064453125
0 0.2666015625 0.5947265625 0.021484375 0.025390625
0 0.3076171875 0.5966796875 0.044921875 0.029296875
0 0.361328125 0.62890625 0.05078125 0.08984375
0 0.4052734375 0.599609375 0.025390625 0.02734375
0 0.435546875 0.599609375 0.02734375 0.03125
0 0.568359375 0.6025390625 0.02734375 0.033203125
0 0.638671875 0.603515625 0.02734375 0.03125
0 0.2587890625 0.6357421875 0.017578125 0.052734375
0 0.2822265625 0.623046875 0.021484375 0.02734375
0 0.3076171875 0.626953125 0.021484375 0.02734375
0 0.390625 0.62890625 0.0234375 0.03125
0 0.4189453125 0.62890625 0.025390625 0.03125
0 0.4501953125 0.630859375 0.025390625 0.03125
0 0.5537109375 0.6328125 0.025390625 0.03125
0 0.5205078125 0.6328125 0.029296875 0.02734375
0 0.5859375 0.634765625 0.02734375 0.03125
0 0.6220703125 0.6376953125 0.029296875 0.033203125
0 0.26953125 0.6513671875 0.01953125 0.025390625
0 0.2958984375 0.6533203125 0.021484375 0.025390625
0 0.419921875 0.662109375 0.0546875 0.03125
0 0.5361328125 0.6640625 0.025390625 0.03125
0 0.5693359375 0.6650390625 0.029296875 0.033203125
0 0.603515625 0.666015625 0.03125 0.03125
0 0.708984375 0.7099609375 0.05078125 0.076171875
