0 0.4755859375 0.3408203125 0.052734375 0.041015625
0 0.5517578125 0.3408203125 0.056640625 0.041015625
0 0.6533203125 0.33984375 0.052734375 0.0390625
0 0.41015625 0.341796875 0.0546875 0.0390625
0 0.26953125 0.3544921875 0.0390625 0.044921875
0 0.326171875 0.3525390625 0.05859375 0.041015625
0 0.708984375 0.365234375 0.05078125 0.0390625
0 0.74609375 0.365234375 0.00390625 0.0234375
0 0.5966796875 0.375 0.052734375 0.0390625
0 0.365234375 0.3994140625 0.08203125 0.072265625
0 0.443359375 0.3828125 0.0546875 0.0390625
0 0.5087890625 0.384765625 0.052734375 0.0390625
0 0.65234375 0.388671875 0.05078125 0.0390625
0 0.2958984375 0.3955078125 0.052734375 0.041015625
0 0.7265625 0.4228515625 0.04296875 0.068359375
0 0.5361328125 0.416015625 0.052734375 0.03515625
0 0.4765625 0.41796875 0.05078125 0.03515625
0 0.6015625 0.419921875 0.0546875 0.0390625
0 0.4130859375 0.4208984375 0.052734375 0.037109375
0 0.67578125 0.4267578125 0.05078125 0.037109375
0 0.2744140625 0.44140625 0.044921875 0.05859375
0 0.505859375 0.4521484375 0.05078125 0.037109375
0 0.3095703125 0.4677734375 0.080078125 0.060546875
0 0.462890625 0.47265625 0.078125 0.06640625
0 0.578125 0.4697265625 0.078125 0.064453125
0 0.63671875 0.4736328125 0.07421875 0.060546875
0 0.69921875 0.4619140625 0.05078125 0.033203125
0 0.41796875 0.4873046875 0.05078125 0.037109375
0 0.533203125 0.486328125 0.046875 0.03515625
0 0.720703125 0.494140625 0.04296875 0.03515625
0 0.271484375 0.515625 0.04296875 0.03515625
0 0.3125 0.53125 0.0703125 0.0546875
0 0.5595703125 0.5185546875 0.044921875 0.033203125
0 0.7431640625 0.5166015625 0.009765625 0.021484375
0 0.4443359375 0.5205078125 0.048828125 0.033203125
0 0.501953125 0.5224609375 0.05078125 0.033203125
0 0.6171875 0.51953125 0.046875 0.03125
0 0.671875 0.51953125 0.046875 0.03125
0 0.388671875 0.5234375 0.05078125 0.03515625
0 0.2607421875 0.5478515625 0.017578125 0.025390625
0 0.357421875 0.5478515625 0.046875 0.029296875
0 0.41796875 0.5498046875 0.046875 0.029296875
0 0.5302734375 0.5517578125 0.048828125 0.033203125
0 0.5849609375 0.5498046875 0.044921875 0.029296875
0 0.640625 0.548828125 0.046875 0.02734375
0 0.697265625 0.5517578125 0.046875 0.033203125
0 0.474609375 0.5517578125 0.046875 0.029296875
0 0.744140625 0.5517578125 0.0078125 0.021484375
0 0.27734375 0.5732421875 0.046875 0.029296875
0 0.3349609375 0.5732421875 0.041015625 0.025390625
0 0.6611328125 0.5732421875 0.041015625 0.029296875
0 0.3876953125 0.578125 0.044921875 0.03125
0 0.5009765625 0.576171875 0.044921875 0.02734375
0 0.5537109375 0.5751953125 0.041015625 0.025390625
0 0.6083984375 0.578125 0.041015625 0.02734375
0 0.7236328125 0.580078125 0.044921875 0.03125
0 0.4462890625 0.5791015625 0.048828125 0.029296875
0 0.3017578125 0.6142578125 0.060546875 0.056640625
0 0.36328125 0.6005859375 0.04296875 0.029296875
0 0.2626953125 0.6015625 0.025390625 0.02734375
0 0.4306640625 0.6142578125 0.060546875 0.048828125
0 0.5234375 0.6015625 0.04296875 0.02734375
0 0.47265625 0.6044921875 0.04296875 0.029296875
0 0.580078125 0.60546875 0.04296875 0.03125
0 0.6318359375 0.603515625 0.041015625 0.02734375
0 0.6904296875 0.6044921875 0.044921875 0.029296875
0 0.73046875 0.609375 0.015625 0.02734375
0 0.3896484375 0.625 0.041015625 0.0234375
0 0.33984375 0.6259765625 0.04296875 0.029296875
0 0.55078125 0.630859375 0.04296875 0.02734375
0 0.6005859375 0.6298828125 0.041015625 0.025390625
0 0.658203125 0.6328125 0.0390625 0.02734375
0 0.4990234375 0.6337890625 0.041015625 0.025390625
0 0.7099609375 0.6357421875 0.041015625 0.029296875
0 0.3671875 0.6494140625 0.0390625 0.025390625
0 0.4052734375 0.6640625 0.060546875 0.046875
0 0.466796875 0.6513671875 0.0390625 0.025390625
0 0.3154296875 0.654296875 0.041015625 0.02734375
0 0.5732421875 0.654296875 0.041015625 0.02734375
0 0.6123046875 0.666015625 0.068359375 0.046875
0 0.267578125 0.65625 0.03515625 0.02734375
0 0.5224609375 0.654296875 0.041015625 0.01953125
0 0.728515625 0.66015625 0.0390625 0.02734375
0 0.6806640625 0.6630859375 0.041015625 0.029296875
0 0.34375 0.6748046875 0.0390625 0.021484375
0 0.4423828125 0.67578125 0.037109375 0.0234375
0 0.5029296875 0.6884765625 0.064453125 0.048828125
0 0.544921875 0.677734375 0.0390625 0.0234375
0 0.6484375 0.6767578125 0.03515625 0.025390625
0 0.291015625 0.6787109375 0.04296875 0.025390625
0 0.6982421875 0.685546875 0.037109375 0.0234375
0 0.369140625 0.697265625 0.0390625 0.0234375
0 0.41796875 0.7001953125 0.03515625 0.025390625
0 0.572265625 0.6982421875 0.0390625 0.021484375
0 0.6201171875 0.701171875 0.037109375 0.02734375
0 0.2705078125 0.7021484375 0.037109375 0.021484375
0 0.66796875 0.701171875 0.0390625 0.0234375
0 0.46484375 0.701171875 0.03515625 0.01953125
0 0.716796875 0.7060546875 0.0390625 0.021484375
