0 0.365234375 0.337890625 0.046875 0.08203125
0 0.328125 0.419921875 0.04296875 0.08203125
0 0.3818359375 0.423828125 0.048828125 0.0859375
0 0.2978515625 0.49609375 0.037109375 0.078125
0 0.3583984375 0.5009765625 0.037109375 0.080078125
0 0.4052734375 0.513671875 0.048828125 0.0859375
0 0.48046875 0.529296875 0.05078125 0.08984375
0 0.298828125 0.564453125 0.03515625 0.0546875
0 0.3427734375 0.5703125 0.033203125 0.0703125
0 0.3916015625 0.5869140625 0.044921875 0.072265625
0 0.447265625 0.595703125 0.046875 0.0859375
0 0.521484375 0.6220703125 0.05859375 0.095703125
0 0.599609375 0.6328125 0.0625 0.1015625
