1 0.375 0.412109375 0.00390625 0.01171875
1 0.3681640625 0.4150390625 0.001953125 0.009765625
1 0.3330078125 0.4521484375 0.013671875 0.029296875
1 0.3125 0.453125 0.015625 0.02734375
1 0.623046875 0.451171875 0.01171875 0.0234375
1 0.6591796875 0.4521484375 0.013671875 0.017578125
1 0.640625 0.453125 0.01171875 0.01953125
1 0.6806640625 0.4521484375 0.009765625 0.017578125
1 0.2939453125 0.4716796875 0.005859375 0.021484375
1 0.703125 0.478515625 0.01171875 0.02734375
1 0.6435546875 0.4794921875 0.013671875 0.021484375
1 0.6826171875 0.48046875 0.009765625 0.0234375
1 0.4189453125 0.4853515625 0.017578125 0.025390625
1 0.623046875 0.4814453125 0.01171875 0.017578125
1 0.6640625 0.482421875 0.015625 0.01953125
1 0.3115234375 0.490234375 0.013671875 0.0234375
1 0.333984375 0.490234375 0.015625 0.0234375
1 0.703125 0.5068359375 0.01171875 0.021484375
1 0.6650390625 0.5078125 0.009765625 0.01953125
1 0.6826171875 0.5078125 0.013671875 0.01953125
1 0.625 0.51171875 0.01171875 0.0234375
1 0.64453125 0.5107421875 0.01171875 0.017578125
1 0.3125 0.5244140625 0.015625 0.029296875
1 0.3369140625 0.525390625 0.013671875 0.0234375
1 0.421875 0.525390625 0.015625 0.0234375
1 0.71875 0.560546875 0.03125 0.04296875
1 0.681640625 0.5615234375 0.03125 0.041015625
1 0.630859375 0.564453125 0.0625 0.04296875
1 0.40234375 0.6025390625 0.03125 0.048828125
1 0.3173828125 0.6025390625 0.060546875 0.048828125
1 0.3671875 0.6044921875 0.02734375 0.052734375
1 0.44140625 0.603515625 0.03125 0.05078125
1 0.705078125 0.6162109375 0.06640625 0.048828125
1 0.6123046875 0.6162109375 0.029296875 0.044921875
1 0.6484375 0.615234375 0.03125 0.04296875
1 0.3037109375 0.65625 0.025390625 0.04296875
1 0.3349609375 0.6572265625 0.025390625 0.044921875
1 0.3701171875 0.6591796875 0.029296875 0.048828125
1 0.4091796875 0.66015625 0.033203125 0.046875
1 0.4443359375 0.6640625 0.029296875 0.05078125
1 0.4814453125 0.6640625 0.033203125 0.05078125
1 0.3076171875 0.7109375 0.025390625 0.04296875
1 0.341796875 0.7138671875 0.02734375 0.041015625
1 0.3779296875 0.716796875 0.029296875 0.046875
1 0.4130859375 0.7177734375 0.029296875 0.048828125
1 0.44921875 0.720703125 0.03125 0.05078125
1 0.48828125 0.72265625 0.03515625 0.05078125
