1 0.728515625 0.26953125 0.0390625 0.0390625
1 0.732421875 0.328125 0.03125 0.05859375
1 0.689453125 0.330078125 0.04296875 0.05859375
1 0.6396484375 0.3369140625 0.044921875 0.060546875
1 0.58984375 0.3720703125 0.04296875 0.123046875
1 0.5400390625 0.345703125 0.041015625 0.0625
1 0.4951171875 0.349609375 0.041015625 0.0625
1 0.4462890625 0.3525390625 0.044921875 0.060546875
1 0.3974609375 0.357421875 0.044921875 0.0546875
1 0.3515625 0.3603515625 0.04296875 0.056640625
1 0.3115234375 0.3662109375 0.041015625 0.052734375
1 0.2705078125 0.3701171875 0.041015625 0.056640625
1 0.7314453125 0.390625 0.033203125 0.0546875
1 0.6884765625 0.39453125 0.041015625 0.0546875
1 0.6435546875 0.3994140625 0.041015625 0.052734375
1 0.5439453125 0.4091796875 0.037109375 0.052734375
1 0.4541015625 0.416015625 0.041015625 0.05078125
1 0.4970703125 0.4150390625 0.041015625 0.052734375
1 0.40625 0.4208984375 0.04296875 0.052734375
1 0.3583984375 0.4228515625 0.044921875 0.052734375
1 0.2734375 0.4306640625 0.04296875 0.052734375
1 0.3154296875 0.4296875 0.044921875 0.05078125
1 0.73046875 0.455078125 0.03515625 0.0546875
1 0.6845703125 0.4580078125 0.041015625 0.056640625
1 0.638671875 0.4853515625 0.046875 0.107421875
1 0.5888671875 0.4638671875 0.041015625 0.052734375
1 0.2509765625 0.44921875 0.001953125 0.01171875
1 0.525390625 0.498046875 0.078125 0.10546875
1 0.5 0.4716796875 0.0390625 0.052734375
1 0.4580078125 0.474609375 0.041015625 0.046875
1 0.4130859375 0.478515625 0.041015625 0.05078125
1 0.3701171875 0.482421875 0.044921875 0.046875
1 0.322265625 0.484375 0.0390625 0.046875
1 0.283203125 0.48828125 0.04296875 0.05078125
1 0.25390625 0.49609375 0.0078125 0.04296875
1 0.7275390625 0.515625 0.041015625 0.0546875
1 0.587890625 0.51953125 0.0390625 0.05078125
1 0.6796875 0.515625 0.0390625 0.046875
1 0.4619140625 0.52734375 0.037109375 0.046875
1 0.419921875 0.5302734375 0.0390625 0.044921875
1 0.37890625 0.5595703125 0.0390625 0.095703125
1 0.3154296875 0.5390625 0.076171875 0.046875
1 0.2587890625 0.546875 0.017578125 0.04296875
1 0.6318359375 0.5703125 0.041015625 0.046875
1 0.67578125 0.5693359375 0.03515625 0.044921875
1 0.7236328125 0.572265625 0.041015625 0.046875
1 0.5439453125 0.5732421875 0.033203125 0.044921875
1 0.5859375 0.5732421875 0.03515625 0.044921875
1 0.466796875 0.578125 0.03515625 0.04296875
1 0.50390625 0.576171875 0.03515625 0.046875
1 0.4248046875 0.580078125 0.037109375 0.04296875
1 0.3408203125 0.5869140625 0.037109375 0.041015625
1 0.3017578125 0.587890625 0.037109375 0.0390625
1 0.2666015625 0.5947265625 0.033203125 0.041015625
1 0.6767578125 0.619140625 0.037109375 0.04296875
1 0.5498046875 0.6220703125 0.033203125 0.044921875
1 0.5908203125 0.6240234375 0.037109375 0.048828125
1 0.7265625 0.6240234375 0.0390625 0.048828125
1 0.5107421875 0.625 0.033203125 0.0390625
1 0.6357421875 0.6279296875 0.037109375 0.044921875
1 0.470703125 0.6279296875 0.03515625 0.041015625
1 0.4306640625 0.630859375 0.037109375 0.04296875
1 0.390625 0.6328125 0.03515625 0.0390625
1 0.3349609375 0.638671875 0.064453125 0.04296875
1 0.2734375 0.6455078125 0.03515625 0.041015625
1 0.486328125 0.7197265625 0.03125 0.037109375
1 0.5634765625 0.72265625 0.033203125 0.04296875
1 0.447265625 0.7216796875 0.03125 0.037109375
1 0.525390625 0.7216796875 0.03125 0.037109375
1 0.73046875 0.7255859375 0.03515625 0.044921875
1 0.41015625 0.7265625 0.03125 0.04296875
1 0.603515625 0.7255859375 0.03515625 0.041015625
1 0.6474609375 0.7255859375 0.037109375 0.041015625
1 0.6884765625 0.7265625 0.033203125 0.04296875
1 0.26171875 0.73046875 0.0234375 0.03515625
1 0.3681640625 0.7314453125 0.033203125 0.033203125
1 0.3310546875 0.732421875 0.029296875 0.03125
1 0.2958984375 0.7333984375 0.033203125 0.029296875
1 0.4521484375 0.7451171875 0.029296875 0.005859375
1 0.4912109375 0.7451171875 0.033203125 0.005859375
