0 0.3359375 0.009765625 0.0234375 0.01953125
0 0.6083984375 0.0185546875 0.044921875 0.037109375
0 0.83203125 0.0234375 0.02734375 0.02734375
0 0.4580078125 0.029296875 0.005859375 0.015625
0 0.529296875 0.0400390625 0.01171875 0.013671875
0 0.9619140625 0.0439453125 0.013671875 0.009765625
0 0.013671875 0.052734375 0.01171875 0.01953125
0 0.1005859375 0.0703125 0.041015625 0.04296875
0 0.8740234375 0.064453125 0.013671875 0.01953125
0 0.6669921875 0.0732421875 0.017578125 0.013671875
0 0.853515625 0.0859375 0.01953125 0.01953125
0 0.5244140625 0.1044921875 0.013671875 0.017578125
0 0.744140625 0.1279296875 0.02734375 0.025390625
0 0.88671875 0.134765625 0.01171875 0.01171875
0 0.353515625 0.1435546875 0.0234375 0.025390625
0 0.0654296875 0.1572265625 0.044921875 0.041015625
0 0.033203125 0.1796875 0.0078125 0.01953125
0 0.31640625 0.1953125 0.0234375 0.01953125
0 0.064453125 0.2265625 0.046875 0.046875
0 0.96484375 0.2177734375 0.0234375 0.029296875
0 0.1357421875 0.2392578125 0.044921875 0.041015625
0 0.9140625 0.26171875 0.03125 0.03125
0 0.0048828125 0.27734375 0.009765625 0.01953125
0 0.345703125 0.298828125 0.015625 0.01953125
0 0.849609375 0.3037109375 0.01171875 0.021484375
0 0.244140625 0.314453125 0.03125 0.03515625
0 0.9638671875 0.3173828125 0.029296875 0.037109375
0 0.6201171875 0.326171875 0.029296875 0.0390625
0 0.54296875 0.32421875 0.0078125 0.01953125
0 0.2099609375 0.3486328125 0.041015625 0.052734375
0 0.830078125 0.3330078125 0.015625 0.017578125
0 0.044921875 0.3486328125 0.015625 0.021484375
0 0.4423828125 0.3505859375 0.021484375 0.025390625
0 0.6484375 0.35546875 0.0234375 0.03515625
0 0.8486328125 0.361328125 0.013671875 0.015625
0 0.796875 0.3642578125 0.0078125 0.017578125
0 0.744140625 0.3759765625 0.01953125 0.029296875
0 0.068359375 0.3759765625 0.01953125 0.021484375
0 0.43359375 0.3984375 0.015625 0.01953125
0 0.515625 0.404296875 0.01953125 0.01953125
0 0.373046875 0.419921875 0.01953125 0.01953125
0 0.4736328125 0.41796875 0.009765625 0.015625
0 0.7822265625 0.423828125 0.021484375 0.0234375
0 0.173828125 0.4443359375 0.03515625 0.037109375
0 0.517578125 0.431640625 0.0078125 0.01171875
0 0.0615234375 0.44140625 0.017578125 0.01953125
0 0.490234375 0.4443359375 0.01953125 0.025390625
0 0.8466796875 0.4609375 0.033203125 0.03515625
0 0.4130859375 0.4580078125 0.017578125 0.021484375
0 0.5126953125 0.4609375 0.013671875 0.0234375
0 0.091796875 0.4736328125 0.015625 0.021484375
0 0.474609375 0.4697265625 0.01953125 0.021484375
0 0.4423828125 0.4853515625 0.017578125 0.021484375
0 0.716796875 0.5107421875 0.0234375 0.033203125
0 0.29296875 0.53125 0.01953125 0.046875
0 0.09765625 0.5322265625 0.01953125 0.025390625
0 0.69140625 0.5361328125 0.0234375 0.033203125
0 0.958984375 0.533203125 0.01953125 0.02734375
0 0.0556640625 0.5380859375 0.021484375 0.025390625
0 0.017578125 0.5478515625 0.01953125 0.025390625
0 0.630859375 0.5419921875 0.0078125 0.013671875
0 0.126953125 0.5625 0.01953125 0.03125
0 0.1552734375 0.5859375 0.041015625 0.046875
0 0.638671875 0.5751953125 0.01953125 0.025390625
0 0.36328125 0.5869140625 0.01953125 0.033203125
0 0.7412109375 0.6171875 0.025390625 0.03125
0 0.5908203125 0.65234375 0.013671875 0.0234375
0 0.1416015625 0.6796875 0.037109375 0.046875
0 0.9404296875 0.673828125 0.025390625 0.03515625
0 0.4443359375 0.681640625 0.009765625 0.01953125
0 0.5244140625 0.6904296875 0.029296875 0.037109375
0 0.2333984375 0.7265625 0.029296875 0.04296875
0 0.1357421875 0.7265625 0.013671875 0.01953125
0 0.296875 0.7529296875 0.01953125 0.029296875
0 0.123046875 0.7626953125 0.01953125 0.021484375
0 0.8447265625 0.763671875 0.017578125 0.03125
0 0.4462890625 0.779296875 0.017578125 0.02734375
0 0.3408203125 0.7978515625 0.025390625 0.041015625
0 0.6318359375 0.7939453125 0.013671875 0.025390625
0 0.4228515625 0.802734375 0.021484375 0.03125
0 0.392578125 0.818359375 0.01953125 0.03125
0 0.955078125 0.8486328125 0.01171875 0.025390625
0 0.58984375 0.8544921875 0.015625 0.025390625
0 0.669921875 0.93359375 0.0234375 0.04296875
0 0.427734375 0.97265625 0.01171875 0.02734375
