0 0.4658203125 0.2880859375 0.072265625 0.076171875
0 0.552734375 0.2802734375 0.0625 0.060546875
0 0.64453125 0.287109375 0.05859375 0.07421875
0 0.6943359375 0.2626953125 0.041015625 0.025390625
0 0.7353515625 0.287109375 0.025390625 0.07421875
0 0.373046875 0.322265625 0.078125 0.09375
0 0.7041015625 0.326171875 0.052734375 0.07421875
0 0.5263671875 0.3525390625 0.068359375 0.087890625
0 0.5908203125 0.3505859375 0.052734375 0.083984375
0 0.748046875 0.357421875 0.0 0.015625
0 0.3154296875 0.4033203125 0.080078125 0.095703125
0 0.6591796875 0.400390625 0.056640625 0.08203125
0 0.443359375 0.4091796875 0.0703125 0.091796875
0 0.728515625 0.408203125 0.0390625 0.078125
0 0.603515625 0.4443359375 0.0625 0.083984375
0 0.5185546875 0.4501953125 0.064453125 0.087890625
0 0.6884765625 0.486328125 0.052734375 0.078125
0 0.7392578125 0.486328125 0.017578125 0.06640625
0 0.39453125 0.4990234375 0.0703125 0.091796875
0 0.310546875 0.509765625 0.08203125 0.09765625
0 0.4833984375 0.533203125 0.068359375 0.08984375
0 0.634765625 0.5341796875 0.05859375 0.083984375
0 0.560546875 0.5458984375 0.0625 0.087890625
0 0.7236328125 0.55859375 0.048828125 0.07421875
0 0.3662109375 0.5966796875 0.080078125 0.099609375
0 0.671875 0.6064453125 0.0546875 0.080078125
0 0.44140625 0.625 0.0703125 0.09375
0 0.60546875 0.623046875 0.0625 0.0859375
0 0.744140625 0.6083984375 0.0078125 0.037109375
0 0.5224609375 0.63671875 0.064453125 0.0859375
0 0.716796875 0.6240234375 0.03515625 0.044921875
0 0.73828125 0.6787109375 0.01953125 0.064453125
0 0.6220703125 0.685546875 0.052734375 0.0625
0 0.697265625 0.6875 0.05078125 0.0703125
0 0.548828125 0.69921875 0.05859375 0.06640625
0 0.3720703125 0.7138671875 0.076171875 0.068359375
0 0.2890625 0.720703125 0.078125 0.0546875
0 0.7275390625 0.7314453125 0.041015625 0.033203125
0 0.6044921875 0.7373046875 0.048828125 0.021484375
0 0.6708984375 0.7392578125 0.041015625 0.017578125
0 0.515625 0.7431640625 0.0390625 0.009765625
