0 0.33984375 0.2939453125 0.04296875 0.087890625
0 0.310546875 0.2705078125 0.01171875 0.029296875
0 0.302734375 0.32421875 0.0234375 0.1015625
0 0.2783203125 0.3134765625 0.005859375 0.021484375
0 0.2734375 0.3447265625 0.03125 0.048828125
0 0.3486328125 0.328125 0.013671875 0.03515625
0 0.3125 0.3623046875 0.0078125 0.013671875
0 0.458984375 0.4189453125 0.04296875 0.091796875
0 0.4423828125 0.3935546875 0.013671875 0.033203125
0 0.390625 0.3984375 0.02734375 0.02734375
0 0.349609375 0.419921875 0.0234375 0.05859375
0 0.326171875 0.4111328125 0.0078125 0.021484375
0 0.3095703125 0.4296875 0.017578125 0.0390625
0 0.296875 0.4169921875 0.0078125 0.021484375
0 0.2841796875 0.4208984375 0.009765625 0.021484375
0 0.4345703125 0.4267578125 0.013671875 0.033203125
0 0.4091796875 0.427734375 0.013671875 0.02734375
0 0.3779296875 0.431640625 0.041015625 0.03125
0 0.3388671875 0.4501953125 0.017578125 0.048828125
0 0.28515625 0.4443359375 0.01953125 0.017578125
0 0.462890625 0.4580078125 0.015625 0.033203125
0 0.400390625 0.4619140625 0.01171875 0.029296875
0 0.3857421875 0.4619140625 0.009765625 0.025390625
0 0.357421875 0.4658203125 0.01171875 0.025390625
0 0.314453125 0.4658203125 0.0078125 0.021484375
0 0.3271484375 0.4658203125 0.009765625 0.021484375
0 0.2978515625 0.4677734375 0.005859375 0.021484375
0 0.2861328125 0.46875 0.005859375 0.01953125
0 0.458984375 0.529296875 0.0234375 0.0625
0 0.4072265625 0.5126953125 0.013671875 0.029296875
0 0.482421875 0.513671875 0.015625 0.02734375
0 0.2890625 0.509765625 0.0078125 0.01953125
0 0.30078125 0.5107421875 0.0078125 0.021484375
0 0.330078125 0.5146484375 0.01953125 0.025390625
0 0.3662109375 0.5126953125 0.009765625 0.025390625
0 0.380859375 0.5146484375 0.01171875 0.021484375
0 0.423828125 0.513671875 0.01171875 0.02734375
0 0.287109375 0.537109375 0.0078125 0.0234375
0 0.302734375 0.5380859375 0.015625 0.021484375
0 0.3583984375 0.5400390625 0.009765625 0.025390625
0 0.32421875 0.541015625 0.01953125 0.0234375
0 0.3427734375 0.5400390625 0.009765625 0.021484375
0 0.38671875 0.54296875 0.0390625 0.0234375
0 0.4169921875 0.5419921875 0.009765625 0.025390625
0 0.43359375 0.5439453125 0.015625 0.025390625
0 0.47265625 0.544921875 0.01171875 0.02734375
0 0.490234375 0.546875 0.015625 0.03125
0 0.296875 0.5634765625 0.015625 0.021484375
0 0.3251953125 0.5654296875 0.005859375 0.021484375
0 0.3388671875 0.56640625 0.009765625 0.0234375
0 0.3662109375 0.5693359375 0.009765625 0.025390625
0 0.380859375 0.5712890625 0.01171875 0.021484375
0 0.408203125 0.5751953125 0.01171875 0.025390625
0 0.4248046875 0.5751953125 0.013671875 0.025390625
0 0.47265625 0.5791015625 0.03515625 0.033203125
0 0.2958984375 0.6015625 0.017578125 0.0234375
0 0.3271484375 0.607421875 0.009765625 0.0234375
0 0.33984375 0.609375 0.0078125 0.01953125
0 0.3798828125 0.6123046875 0.025390625 0.021484375
0 0.41015625 0.6220703125 0.01171875 0.025390625
0 0.4267578125 0.6240234375 0.013671875 0.025390625
0 0.458984375 0.6298828125 0.015625 0.029296875
0 0.3076171875 0.62890625 0.009765625 0.0234375
0 0.2958984375 0.626953125 0.005859375 0.01953125
0 0.4775390625 0.6318359375 0.013671875 0.025390625
0 0.28515625 0.6318359375 0.0078125 0.021484375
0 0.3212890625 0.6337890625 0.005859375 0.021484375
0 0.333984375 0.63671875 0.0078125 0.0234375
0 0.3466796875 0.6396484375 0.009765625 0.021484375
0 0.3671875 0.6416015625 0.01171875 0.021484375
0 0.3828125 0.658203125 0.02734375 0.0546875
0 0.41015625 0.6513671875 0.01953125 0.029296875
0 0.43359375 0.65625 0.01171875 0.02734375
0 0.3046875 0.6533203125 0.0078125 0.021484375
0 0.29296875 0.654296875 0.0078125 0.01953125
0 0.4501953125 0.66015625 0.013671875 0.02734375
0 0.4677734375 0.6630859375 0.013671875 0.025390625
0 0.3271484375 0.6611328125 0.009765625 0.021484375
0 0.486328125 0.666015625 0.015625 0.03125
0 0.33984375 0.666015625 0.0078125 0.0234375
0 0.4189453125 0.68359375 0.029296875 0.02734375
0 0.4599609375 0.6953125 0.013671875 0.02734375
0 0.478515625 0.697265625 0.015625 0.02734375
