1 0.4775390625 0.2734375 0.021484375 0.03515625
1 0.50390625 0.2861328125 0.01953125 0.033203125
1 0.5263671875 0.2958984375 0.017578125 0.029296875
1 0.560546875 0.306640625 0.03125 0.03125
1 0.478515625 0.314453125 0.0234375 0.03515625
1 0.5068359375 0.3251953125 0.021484375 0.033203125
1 0.58984375 0.3193359375 0.01171875 0.025390625
1 0.53125 0.33203125 0.01953125 0.03125
1 0.642578125 0.3349609375 0.0078125 0.021484375
1 0.5498046875 0.341796875 0.013671875 0.02734375
1 0.5703125 0.3466796875 0.015625 0.025390625
1 0.48046875 0.3544921875 0.01953125 0.033203125
1 0.5888671875 0.3505859375 0.013671875 0.025390625
1 0.515625 0.36328125 0.04296875 0.03515625
1 0.6240234375 0.361328125 0.013671875 0.0234375
1 0.5498046875 0.373046875 0.013671875 0.02734375
1 0.646484375 0.369140625 0.0078125 0.01953125
1 0.580078125 0.3798828125 0.03125 0.029296875
1 0.626953125 0.390625 0.01953125 0.02734375
1 0.6455078125 0.39453125 0.009765625 0.01953125
1 0.478515625 0.4150390625 0.0234375 0.033203125
1 0.5068359375 0.41796875 0.021484375 0.03125
1 0.53125 0.421875 0.015625 0.02734375
1 0.5517578125 0.423828125 0.013671875 0.02734375
1 0.5703125 0.4267578125 0.01171875 0.025390625
1 0.5986328125 0.4306640625 0.025390625 0.017578125
1 0.6201171875 0.4287109375 0.005859375 0.021484375
1 0.630859375 0.4306640625 0.0078125 0.021484375
1 0.64453125 0.4326171875 0.0078125 0.021484375
1 0.6591796875 0.43359375 0.013671875 0.01953125
1 0.6748046875 0.4345703125 0.005859375 0.017578125
1 0.68359375 0.435546875 0.00390625 0.015625
1 0.6943359375 0.4453125 0.005859375 0.03515625
1 0.7021484375 0.4375 0.001953125 0.015625
1 0.7177734375 0.4384765625 0.001953125 0.013671875
1 0.708984375 0.439453125 0.00390625 0.01171875
1 0.478515625 0.4541015625 0.0234375 0.033203125
1 0.5068359375 0.4541015625 0.021484375 0.033203125
1 0.53125 0.4560546875 0.015625 0.029296875
1 0.552734375 0.4560546875 0.01171875 0.025390625
1 0.572265625 0.4580078125 0.015625 0.025390625
1 0.609375 0.45703125 0.046875 0.0234375
1 0.6513671875 0.45703125 0.001953125 0.01953125
1 0.642578125 0.4580078125 0.0078125 0.017578125
1 0.6748046875 0.458984375 0.005859375 0.01953125
1 0.68359375 0.4599609375 0.00390625 0.017578125
1 0.7021484375 0.458984375 0.001953125 0.015625
1 0.708984375 0.4580078125 0.00390625 0.013671875
1 0.7177734375 0.4609375 0.001953125 0.015625
1 0.6533203125 0.482421875 0.005859375 0.01953125
1 0.6640625 0.4833984375 0.0078125 0.013671875
1 0.67578125 0.482421875 0.00390625 0.015625
1 0.693359375 0.4794921875 0.00390625 0.013671875
1 0.7021484375 0.4794921875 0.001953125 0.013671875
1 0.7158203125 0.48046875 0.001953125 0.015625
1 0.603515625 0.486328125 0.01171875 0.01953125
1 0.6162109375 0.4833984375 0.005859375 0.017578125
1 0.62890625 0.4853515625 0.0078125 0.021484375
1 0.642578125 0.4853515625 0.0078125 0.021484375
1 0.708984375 0.4814453125 0.00390625 0.013671875
1 0.5078125 0.4921875 0.01953125 0.03125
1 0.529296875 0.4912109375 0.015625 0.029296875
1 0.5517578125 0.490234375 0.013671875 0.02734375
1 0.580078125 0.4892578125 0.03125 0.025390625
1 0.478515625 0.4951171875 0.0234375 0.033203125
1 0.7236328125 0.505859375 0.005859375 0.01171875
1 0.708984375 0.5078125 0.00390625 0.01171875
1 0.7021484375 0.5107421875 0.001953125 0.013671875
1 0.68359375 0.5126953125 0.00390625 0.013671875
1 0.6923828125 0.5126953125 0.005859375 0.013671875
1 0.6650390625 0.517578125 0.005859375 0.015625
1 0.6748046875 0.5146484375 0.005859375 0.013671875
1 0.654296875 0.51953125 0.0078125 0.01953125
1 0.6416015625 0.5224609375 0.005859375 0.021484375
1 0.6162109375 0.5263671875 0.009765625 0.025390625
1 0.62890625 0.5244140625 0.0078125 0.021484375
1 0.7265625 0.521484375 0.00390625 0.01171875
1 0.5927734375 0.53125 0.025390625 0.02734375
1 0.7138671875 0.52734375 0.001953125 0.01171875
1 0.5673828125 0.5361328125 0.013671875 0.025390625
1 0.7021484375 0.5302734375 0.001953125 0.013671875
1 0.548828125 0.5380859375 0.015625 0.025390625
1 0.69140625 0.533203125 0.00390625 0.01171875
1 0.525390625 0.5419921875 0.015625 0.025390625
1 0.6748046875 0.5380859375 0.005859375 0.017578125
1 0.6826171875 0.5361328125 0.001953125 0.013671875
1 0.501953125 0.5458984375 0.015625 0.029296875
1 0.4765625 0.552734375 0.01953125 0.03125
1 0.6640625 0.541015625 0.0078125 0.015625
1 0.646484375 0.5439453125 0.015625 0.017578125
1 0.7255859375 0.5400390625 0.001953125 0.009765625
1 0.712890625 0.5439453125 0.00390625 0.009765625
1 0.62890625 0.55078125 0.0078125 0.01953125
1 0.615234375 0.5537109375 0.0078125 0.021484375
1 0.7021484375 0.5498046875 0.001953125 0.013671875
1 0.6005859375 0.5595703125 0.009765625 0.025390625
1 0.69140625 0.5537109375 0.00390625 0.013671875
1 0.5810546875 0.5625 0.009765625 0.0234375
1 0.677734375 0.560546875 0.01171875 0.015625
1 0.5654296875 0.56640625 0.013671875 0.02734375
1 0.6630859375 0.5634765625 0.005859375 0.013671875
1 0.546875 0.5703125 0.015625 0.02734375
1 0.65234375 0.5673828125 0.00390625 0.017578125
1 0.7314453125 0.564453125 0.001953125 0.01171875
1 0.642578125 0.572265625 0.0078125 0.01953125
1 0.5244140625 0.576171875 0.017578125 0.02734375
1 0.724609375 0.5673828125 0.00390625 0.009765625
1 0.626953125 0.576171875 0.0078125 0.01953125
1 0.7177734375 0.5693359375 0.001953125 0.009765625
1 0.5 0.5830078125 0.015625 0.033203125
1 0.615234375 0.580078125 0.0078125 0.01953125
1 0.7080078125 0.5771484375 0.009765625 0.013671875
1 0.4765625 0.5908203125 0.0234375 0.037109375
1 0.599609375 0.5859375 0.01171875 0.0234375
1 0.6982421875 0.580078125 0.001953125 0.01171875
1 0.58203125 0.58984375 0.01171875 0.0234375
1 0.6904296875 0.5849609375 0.005859375 0.013671875
1 0.73046875 0.58203125 0.0 0.0078125
1 0.7216796875 0.5859375 0.001953125 0.01171875
1 0.564453125 0.5966796875 0.01171875 0.021484375
1 0.6826171875 0.5888671875 0.001953125 0.013671875
1 0.6748046875 0.5927734375 0.005859375 0.013671875
1 0.5458984375 0.6025390625 0.013671875 0.029296875
1 0.658203125 0.6025390625 0.015625 0.021484375
1 0.7119140625 0.5927734375 0.005859375 0.009765625
1 0.703125 0.5966796875 0.0 0.009765625
1 0.697265625 0.599609375 0.00390625 0.01171875
1 0.52734375 0.6103515625 0.015625 0.029296875
1 0.642578125 0.609375 0.0078125 0.015625
1 0.689453125 0.6044921875 0.00390625 0.009765625
1 0.7216796875 0.603515625 0.001953125 0.00390625
1 0.5009765625 0.619140625 0.017578125 0.03125
1 0.67578125 0.61328125 0.01171875 0.015625
1 0.712890625 0.6083984375 0.00390625 0.009765625
1 0.626953125 0.615234375 0.0078125 0.01953125
1 0.6142578125 0.6201171875 0.009765625 0.017578125
1 0.6630859375 0.6201171875 0.005859375 0.017578125
1 0.703125 0.6142578125 0.00390625 0.009765625
1 0.4765625 0.626953125 0.0234375 0.03125
1 0.6904296875 0.625 0.009765625 0.015625
1 0.59375 0.6298828125 0.0234375 0.025390625
1 0.65234375 0.6259765625 0.00390625 0.017578125
1 0.6416015625 0.630859375 0.005859375 0.015625
1 0.6787109375 0.630859375 0.005859375 0.015625
1 0.56640625 0.6416015625 0.01171875 0.025390625
1 0.626953125 0.6376953125 0.0078125 0.017578125
1 0.669921875 0.63671875 0.00390625 0.015625
1 0.6611328125 0.642578125 0.005859375 0.015625
1 0.546875 0.6513671875 0.01171875 0.029296875
1 0.61328125 0.6474609375 0.0078125 0.017578125
1 0.6494140625 0.6494140625 0.005859375 0.017578125
1 0.52734375 0.658203125 0.015625 0.03125
1 0.5986328125 0.654296875 0.009765625 0.01953125
1 0.6396484375 0.65625 0.005859375 0.01953125
1 0.583984375 0.6640625 0.01171875 0.0234375
1 0.626953125 0.6650390625 0.0078125 0.021484375
1 0.5009765625 0.6708984375 0.017578125 0.029296875
1 0.56640625 0.6728515625 0.01171875 0.025390625
1 0.6123046875 0.6708984375 0.009765625 0.017578125
1 0.4775390625 0.6796875 0.021484375 0.03515625
1 0.5478515625 0.6826171875 0.013671875 0.029296875
1 0.5986328125 0.681640625 0.009765625 0.01953125
1 0.5244140625 0.689453125 0.017578125 0.02734375
1 0.5849609375 0.6904296875 0.013671875 0.025390625
1 0.5 0.7021484375 0.015625 0.029296875
1 0.568359375 0.7001953125 0.01171875 0.025390625
1 0.4755859375 0.7158203125 0.021484375 0.033203125
1 0.5478515625 0.7138671875 0.013671875 0.029296875
1 0.3564453125 0.7294921875 0.037109375 0.037109375
1 0.5244140625 0.7216796875 0.017578125 0.029296875
1 0.5 0.7333984375 0.01953125 0.029296875
1 0.3134765625 0.736328125 0.037109375 0.0234375
1 0.4755859375 0.7412109375 0.021484375 0.013671875
1 0.2802734375 0.744140625 0.017578125 0.0078125
