1 0.5078125 0.3525390625 0.02734375 0.041015625
1 0.544921875 0.3544921875 0.0234375 0.041015625
1 0.5732421875 0.35546875 0.025390625 0.0390625
1 0.6123046875 0.3564453125 0.048828125 0.037109375
1 0.3046875 0.38671875 0.0390625 0.05078125
1 0.35546875 0.388671875 0.03515625 0.046875
1 0.3916015625 0.3876953125 0.033203125 0.044921875
1 0.4267578125 0.388671875 0.029296875 0.04296875
1 0.4560546875 0.3935546875 0.029296875 0.044921875
1 0.5 0.3994140625 0.0234375 0.037109375
1 0.5390625 0.400390625 0.0234375 0.0390625
1 0.568359375 0.400390625 0.0234375 0.03515625
1 0.5947265625 0.4013671875 0.021484375 0.037109375
1 0.619140625 0.400390625 0.01953125 0.03515625
1 0.3818359375 0.4375 0.033203125 0.04296875
1 0.416015625 0.4375 0.02734375 0.04296875
1 0.2978515625 0.4423828125 0.037109375 0.044921875
1 0.3427734375 0.4423828125 0.033203125 0.044921875
1 0.4482421875 0.44140625 0.029296875 0.0390625
1 0.6064453125 0.44140625 0.021484375 0.03125
1 0.55859375 0.4423828125 0.0234375 0.033203125
1 0.4951171875 0.4462890625 0.025390625 0.041015625
1 0.58203125 0.4423828125 0.01953125 0.033203125
1 0.53125 0.4462890625 0.02734375 0.037109375
1 0.57421875 0.4814453125 0.0234375 0.033203125
1 0.6005859375 0.4814453125 0.021484375 0.033203125
1 0.375 0.4892578125 0.03515625 0.044921875
1 0.412109375 0.4892578125 0.02734375 0.044921875
1 0.5166015625 0.4873046875 0.021484375 0.037109375
1 0.546875 0.4853515625 0.0234375 0.033203125
1 0.287109375 0.4951171875 0.0390625 0.044921875
1 0.3310546875 0.4951171875 0.029296875 0.044921875
1 0.4453125 0.4921875 0.03125 0.0390625
1 0.484375 0.490234375 0.02734375 0.03515625
1 0.60546875 0.50390625 0.0 0.0
1 0.5927734375 0.5224609375 0.021484375 0.033203125
1 0.5390625 0.529296875 0.0234375 0.03515625
1 0.5654296875 0.52734375 0.017578125 0.03515625
1 0.5107421875 0.5302734375 0.025390625 0.037109375
1 0.4794921875 0.5341796875 0.029296875 0.041015625
1 0.365234375 0.5400390625 0.03125 0.044921875
1 0.40234375 0.5380859375 0.03515625 0.041015625
1 0.4365234375 0.537109375 0.033203125 0.0390625
1 0.28125 0.548828125 0.03515625 0.046875
1 0.3271484375 0.5458984375 0.033203125 0.041015625
1 0.703125 0.54296875 0.0 0.0
1 0.6923828125 0.5625 0.017578125 0.03515625
1 0.525390625 0.548828125 0.0 0.0
1 0.6728515625 0.5673828125 0.017578125 0.033203125
1 0.65234375 0.5712890625 0.015625 0.029296875
1 0.416015625 0.55859375 0.0 0.0
1 0.6298828125 0.5751953125 0.017578125 0.029296875
1 0.392578125 0.58203125 0.02734375 0.0390625
1 0.4267578125 0.5830078125 0.029296875 0.037109375
1 0.3583984375 0.587890625 0.033203125 0.04296875
1 0.6103515625 0.5751953125 0.013671875 0.013671875
1 0.314453125 0.595703125 0.03515625 0.04296875
1 0.2744140625 0.5986328125 0.037109375 0.044921875
1 0.7001953125 0.599609375 0.017578125 0.02734375
1 0.669921875 0.6015625 0.015625 0.02734375
1 0.6123046875 0.60546875 0.013671875 0.03125
1 0.6455078125 0.609375 0.017578125 0.03125
1 0.5927734375 0.615234375 0.017578125 0.03515625
1 0.6279296875 0.61328125 0.009765625 0.02734375
1 0.5673828125 0.6240234375 0.025390625 0.037109375
1 0.5390625 0.62890625 0.02734375 0.0390625
1 0.509765625 0.6328125 0.02734375 0.0390625
1 0.6962890625 0.630859375 0.013671875 0.01953125
1 0.6611328125 0.634765625 0.013671875 0.0234375
1 0.46875 0.6484375 0.02734375 0.0390625
1 0.638671875 0.6435546875 0.01953125 0.029296875
1 0.61328125 0.6513671875 0.01953125 0.029296875
1 0.41796875 0.6640625 0.0625 0.046875
1 0.5888671875 0.658203125 0.025390625 0.03515625
1 0.560546875 0.662109375 0.0234375 0.03515625
1 0.3662109375 0.671875 0.033203125 0.04296875
1 0.5322265625 0.673828125 0.021484375 0.0390625
1 0.6767578125 0.6630859375 0.013671875 0.021484375
1 0.32421875 0.6787109375 0.0390625 0.048828125
1 0.6552734375 0.66796875 0.013671875 0.02734375
1 0.501953125 0.6787109375 0.02734375 0.041015625
1 0.630859375 0.67578125 0.015625 0.02734375
1 0.4609375 0.693359375 0.02734375 0.0390625
1 0.619140625 0.671875 0.0 0.0
1 0.5947265625 0.6953125 0.044921875 0.0390625
1 0.669921875 0.693359375 0.01953125 0.02734375
1 0.4296875 0.703125 0.02734375 0.0390625
1 0.5556640625 0.7080078125 0.029296875 0.041015625
1 0.3916015625 0.71875 0.033203125 0.05859375
1 0.6455078125 0.7021484375 0.017578125 0.029296875
1 0.525390625 0.7158203125 0.0234375 0.033203125
1 0.6240234375 0.7109375 0.013671875 0.02734375
1 0.35546875 0.7197265625 0.03515625 0.044921875
1 0.3154296875 0.724609375 0.037109375 0.04296875
1 0.494140625 0.72265625 0.0234375 0.03515625
1 0.603515625 0.73046875 0.01953125 0.03125
1 0.470703125 0.716796875 0.0 0.0
1 0.455078125 0.7333984375 0.02734375 0.029296875
1 0.5771484375 0.7353515625 0.021484375 0.025390625
1 0.421875 0.73828125 0.02734375 0.01953125
1 0.548828125 0.7392578125 0.01953125 0.017578125
1 0.51171875 0.734375 0.0 0.0
1 0.5224609375 0.744140625 0.021484375 0.0078125
1 0.3564453125 0.7451171875 0.017578125 0.005859375
1 0.4970703125 0.74609375 0.009765625 0.00390625
