1 0.703125 0.4130859375 0.015625 0.025390625
1 0.681640625 0.4189453125 0.015625 0.029296875
1 0.6611328125 0.423828125 0.013671875 0.02734375
1 0.6396484375 0.4296875 0.017578125 0.02734375
1 0.6044921875 0.439453125 0.041015625 0.0390625
1 0.701171875 0.4423828125 0.015625 0.029296875
1 0.564453125 0.447265625 0.01953125 0.03125
1 0.5380859375 0.455078125 0.021484375 0.03515625
1 0.6806640625 0.451171875 0.013671875 0.0234375
1 0.51171875 0.458984375 0.0234375 0.03125
1 0.482421875 0.466796875 0.0234375 0.03515625
1 0.6591796875 0.4599609375 0.013671875 0.025390625
1 0.63671875 0.462890625 0.015625 0.02734375
1 0.6162109375 0.466796875 0.017578125 0.02734375
1 0.5927734375 0.4794921875 0.017578125 0.033203125
1 0.7001953125 0.4794921875 0.013671875 0.029296875
1 0.564453125 0.4853515625 0.0234375 0.033203125
1 0.6806640625 0.486328125 0.013671875 0.03125
1 0.5380859375 0.48828125 0.021484375 0.03125
1 0.66015625 0.4921875 0.015625 0.02734375
1 0.5107421875 0.498046875 0.021484375 0.03515625
1 0.638671875 0.498046875 0.015625 0.02734375
1 0.4814453125 0.505859375 0.025390625 0.03515625
1 0.6142578125 0.5029296875 0.017578125 0.029296875
1 0.5908203125 0.51171875 0.017578125 0.03125
1 0.5654296875 0.51953125 0.021484375 0.03125
1 0.7001953125 0.5146484375 0.013671875 0.021484375
1 0.6708984375 0.5244140625 0.037109375 0.025390625
1 0.5400390625 0.5302734375 0.021484375 0.037109375
1 0.634765625 0.5322265625 0.01953125 0.029296875
1 0.51171875 0.541015625 0.0234375 0.03515625
1 0.6123046875 0.5400390625 0.017578125 0.029296875
1 0.484375 0.5478515625 0.0234375 0.033203125
1 0.58984375 0.5478515625 0.01953125 0.029296875
1 0.4541015625 0.5546875 0.025390625 0.03515625
1 0.5654296875 0.556640625 0.017578125 0.03125
1 0.5419921875 0.564453125 0.021484375 0.03125
1 0.5009765625 0.580078125 0.048828125 0.04296875
1 0.451171875 0.5927734375 0.02734375 0.033203125
