1 0.3544921875 0.4931640625 0.056640625 0.056640625
1 0.4248046875 0.4931640625 0.056640625 0.056640625
1 0.5732421875 0.5361328125 0.033203125 0.033203125
1 0.6201171875 0.5361328125 0.033203125 0.033203125
1 0.6669921875 0.5361328125 0.033203125 0.033203125
1 0.7138671875 0.5361328125 0.033203125 0.033203125
1 0.3203125 0.548828125 0.05859375 0.0546875
1 0.4599609375 0.5498046875 0.056640625 0.056640625
1 0.390625 0.5517578125 0.05859375 0.056640625
1 0.5732421875 0.578125 0.033203125 0.03125
1 0.6201171875 0.578125 0.033203125 0.03125
1 0.6669921875 0.578125 0.033203125 0.03125
1 0.7138671875 0.5791015625 0.033203125 0.033203125
1 0.2890625 0.6064453125 0.0546875 0.056640625
1 0.35546875 0.6064453125 0.05859375 0.056640625
1 0.4248046875 0.60546875 0.056640625 0.0546875
1 0.4951171875 0.607421875 0.056640625 0.0546875
1 0.572265625 0.619140625 0.03125 0.03125
1 0.619140625 0.619140625 0.03125 0.03515625
1 0.6640625 0.6201171875 0.03125 0.033203125
1 0.7109375 0.619140625 0.03125 0.03125
