1 0.626953125 0.287109375 0.01171875 0.0078125
1 0.6787109375 0.310546875 0.017578125 0.05078125
1 0.7353515625 0.3125 0.017578125 0.05078125
1 0.65234375 0.3212890625 0.015625 0.013671875
1 0.64453125 0.376953125 0.02734375 0.06640625
1 0.5947265625 0.388671875 0.029296875 0.07421875
1 0.5439453125 0.3759765625 0.025390625 0.025390625
1 0.7353515625 0.4013671875 0.017578125 0.052734375
1 0.6904296875 0.384765625 0.009765625 0.01171875
1 0.421875 0.4228515625 0.0390625 0.072265625
1 0.53125 0.4482421875 0.0390625 0.083984375
1 0.69921875 0.4208984375 0.015625 0.013671875
1 0.2900390625 0.4853515625 0.064453125 0.103515625
1 0.392578125 0.4921875 0.0546875 0.09765625
1 0.71484375 0.5 0.02734375 0.06640625
1 0.662109375 0.4990234375 0.0234375 0.056640625
1 0.73828125 0.50390625 0.015625 0.05078125
1 0.5263671875 0.5283203125 0.033203125 0.064453125
1 0.638671875 0.5576171875 0.03125 0.083984375
1 0.498046875 0.591796875 0.04296875 0.09375
1 0.43359375 0.6298828125 0.05078125 0.103515625
1 0.689453125 0.619140625 0.03125 0.078125
1 0.7431640625 0.611328125 0.009765625 0.05078125
1 0.6103515625 0.6259765625 0.029296875 0.064453125
1 0.349609375 0.6591796875 0.0625 0.107421875
1 0.5751953125 0.658203125 0.025390625 0.0703125
1 0.5341796875 0.7119140625 0.041015625 0.072265625
1 0.6328125 0.71484375 0.03125 0.06640625
1 0.5712890625 0.72265625 0.021484375 0.05078125
1 0.466796875 0.7255859375 0.04296875 0.044921875
1 0.642578125 0.74609375 0.00390625 0.00390625
