1 0.578125 0.2568359375 0.015625 0.013671875
1 0.6064453125 0.2626953125 0.025390625 0.025390625
1 0.62890625 0.251953125 0.0078125 0.00390625
1 0.640625 0.2578125 0.0078125 0.015625
1 0.65234375 0.25390625 0.00390625 0.0078125
1 0.6708984375 0.2568359375 0.005859375 0.013671875
1 0.6787109375 0.251953125 0.005859375 0.00390625
1 0.6240234375 0.310546875 0.025390625 0.08203125
1 0.6630859375 0.26171875 0.005859375 0.01171875
1 0.6884765625 0.2607421875 0.001953125 0.009765625
1 0.5771484375 0.296875 0.017578125 0.0703125
1 0.65234375 0.2744140625 0.0078125 0.017578125
1 0.6806640625 0.2705078125 0.001953125 0.009765625
1 0.6708984375 0.2763671875 0.005859375 0.009765625
1 0.6953125 0.2763671875 0.00390625 0.005859375
1 0.642578125 0.2822265625 0.0078125 0.017578125
1 0.6005859375 0.2958984375 0.013671875 0.033203125
1 0.6630859375 0.283203125 0.005859375 0.015625
1 0.6884765625 0.279296875 0.001953125 0.0078125
1 0.6953125 0.2890625 0.0 0.0078125
1 0.654296875 0.296875 0.0078125 0.015625
1 0.6806640625 0.2900390625 0.001953125 0.001953125
1 0.3076171875 0.33203125 0.080078125 0.078125
1 0.640625 0.302734375 0.0078125 0.01953125
1 0.671875 0.298828125 0.00390625 0.01171875
1 0.689453125 0.298828125 0.00390625 0.01171875
1 0.6640625 0.3046875 0.00390625 0.01171875
1 0.681640625 0.310546875 0.00390625 0.01171875
1 0.6953125 0.3076171875 0.00390625 0.005859375
1 0.5986328125 0.3291015625 0.013671875 0.029296875
1 0.6533203125 0.3193359375 0.005859375 0.017578125
1 0.671875 0.318359375 0.00390625 0.01171875
1 0.384765625 0.3447265625 0.0546875 0.052734375
1 0.6884765625 0.3193359375 0.001953125 0.005859375
1 0.5341796875 0.369140625 0.056640625 0.0859375
1 0.642578125 0.3310546875 0.0078125 0.017578125
1 0.6650390625 0.328125 0.001953125 0.015625
1 0.6953125 0.3251953125 0.0 0.005859375
1 0.6806640625 0.3310546875 0.001953125 0.005859375
1 0.578125 0.3466796875 0.01953125 0.033203125
1 0.7021484375 0.3330078125 0.001953125 0.005859375
1 0.673828125 0.3388671875 0.00390625 0.009765625
1 0.689453125 0.3369140625 0.00390625 0.005859375
1 0.6318359375 0.3466796875 0.009765625 0.021484375
1 0.6533203125 0.341796875 0.005859375 0.01171875
1 0.6962890625 0.3427734375 0.001953125 0.005859375
1 0.666015625 0.3505859375 0.00390625 0.013671875
1 0.599609375 0.3642578125 0.015625 0.033203125
1 0.681640625 0.3505859375 0.00390625 0.005859375
1 0.703125 0.3505859375 0.00390625 0.005859375
1 0.64453125 0.3564453125 0.0078125 0.017578125
1 0.6904296875 0.353515625 0.001953125 0.0078125
1 0.6171875 0.3701171875 0.01171875 0.025390625
1 0.673828125 0.3603515625 0.00390625 0.009765625
1 0.6552734375 0.3662109375 0.005859375 0.013671875
1 0.6318359375 0.373046875 0.009765625 0.0234375
1 0.697265625 0.3642578125 0.0 0.005859375
1 0.306640625 0.400390625 0.08203125 0.07421875
1 0.666015625 0.3720703125 0.00390625 0.013671875
1 0.681640625 0.37109375 0.00390625 0.01171875
1 0.7021484375 0.3681640625 0.001953125 0.005859375
1 0.6904296875 0.375 0.001953125 0.0078125
1 0.705078125 0.373046875 0.0 0.0
1 0.6494140625 0.38671875 0.017578125 0.01953125
1 0.6748046875 0.380859375 0.005859375 0.01171875
1 0.697265625 0.3798828125 0.00390625 0.009765625
1 0.7041015625 0.3837890625 0.001953125 0.005859375
1 0.68359375 0.390625 0.00390625 0.01171875
1 0.666015625 0.3935546875 0.00390625 0.013671875
1 0.6943359375 0.39453125 0.009765625 0.01171875
1 0.7041015625 0.4013671875 0.001953125 0.005859375
1 0.6787109375 0.40625 0.009765625 0.015625
1 0.6923828125 0.4130859375 0.001953125 0.005859375
1 0.6982421875 0.4189453125 0.001953125 0.009765625
1 0.615234375 0.44140625 0.03515625 0.04296875
1 0.705078125 0.419921875 0.00390625 0.0078125
1 0.5302734375 0.47265625 0.060546875 0.08203125
1 0.3056640625 0.4736328125 0.080078125 0.064453125
1 0.640625 0.44921875 0.0078125 0.015625
1 0.66015625 0.4521484375 0.0078125 0.013671875
1 0.669921875 0.453125 0.00390625 0.01171875
1 0.6796875 0.4560546875 0.00390625 0.009765625
1 0.685546875 0.458984375 0.00390625 0.0078125
1 0.6357421875 0.46875 0.021484375 0.01953125
1 0.6953125 0.4658203125 0.0078125 0.009765625
1 0.6123046875 0.4912109375 0.021484375 0.044921875
1 0.6611328125 0.474609375 0.005859375 0.015625
1 0.6689453125 0.4755859375 0.001953125 0.013671875
1 0.6787109375 0.4755859375 0.001953125 0.013671875
1 0.6845703125 0.4794921875 0.001953125 0.013671875
1 0.6904296875 0.4814453125 0.001953125 0.009765625
1 0.6298828125 0.4912109375 0.005859375 0.017578125
1 0.6416015625 0.494140625 0.009765625 0.015625
1 0.6640625 0.4970703125 0.01171875 0.013671875
1 0.6787109375 0.498046875 0.001953125 0.01171875
1 0.6845703125 0.4990234375 0.001953125 0.005859375
1 0.6943359375 0.5009765625 0.001953125 0.009765625
1 0.7001953125 0.5029296875 0.001953125 0.009765625
1 0.6376953125 0.5166015625 0.017578125 0.021484375
1 0.6689453125 0.515625 0.001953125 0.0078125
1 0.6787109375 0.515625 0.001953125 0.01171875
1 0.3056640625 0.5458984375 0.083984375 0.060546875
1 0.685546875 0.5166015625 0.00390625 0.009765625
1 0.66015625 0.5205078125 0.00390625 0.013671875
1 0.6943359375 0.5185546875 0.001953125 0.005859375
1 0.6142578125 0.5439453125 0.021484375 0.044921875
1 0.5283203125 0.5693359375 0.060546875 0.083984375
1 0.677734375 0.5361328125 0.00390625 0.013671875
1 0.66796875 0.5380859375 0.00390625 0.009765625
1 0.685546875 0.537109375 0.00390625 0.0078125
1 0.693359375 0.537109375 0.00390625 0.0078125
1 0.701171875 0.537109375 0.00390625 0.0078125
1 0.6328125 0.5419921875 0.00390625 0.013671875
1 0.6435546875 0.5439453125 0.009765625 0.017578125
1 0.6611328125 0.541015625 0.005859375 0.01171875
1 0.697265625 0.5556640625 0.0078125 0.013671875
1 0.677734375 0.5576171875 0.00390625 0.013671875
1 0.685546875 0.556640625 0.00390625 0.01171875
1 0.6689453125 0.55859375 0.001953125 0.01171875
1 0.66015625 0.5625 0.00390625 0.01171875
1 0.6318359375 0.5673828125 0.009765625 0.017578125
1 0.64453125 0.5673828125 0.0078125 0.017578125
1 0.7001953125 0.572265625 0.001953125 0.0078125
1 0.58984375 0.591796875 0.02734375 0.04296875
1 0.6904296875 0.57421875 0.009765625 0.0078125
1 0.6162109375 0.578125 0.013671875 0.01171875
1 0.6689453125 0.5791015625 0.005859375 0.013671875
1 0.677734375 0.5791015625 0.00390625 0.013671875
1 0.6455078125 0.5927734375 0.009765625 0.021484375
1 0.6611328125 0.5859375 0.005859375 0.01171875
1 0.6201171875 0.6005859375 0.021484375 0.029296875
1 0.302734375 0.6201171875 0.0859375 0.068359375
1 0.6982421875 0.5908203125 0.005859375 0.009765625
1 0.6875 0.5966796875 0.00390625 0.013671875
1 0.6767578125 0.599609375 0.005859375 0.0078125
1 0.66796875 0.6025390625 0.00390625 0.009765625
1 0.662109375 0.6083984375 0.00390625 0.013671875
1 0.6943359375 0.615234375 0.013671875 0.01953125
1 0.5048828125 0.65234375 0.076171875 0.078125
1 0.638671875 0.6201171875 0.0234375 0.021484375
1 0.59765625 0.6201171875 0.01171875 0.009765625
1 0.6796875 0.6201171875 0.00390625 0.013671875
1 0.583984375 0.623046875 0.0078125 0.01171875
1 0.6162109375 0.6298828125 0.009765625 0.025390625
1 0.666015625 0.6279296875 0.01171875 0.013671875
1 0.5615234375 0.638671875 0.025390625 0.03515625
1 0.7021484375 0.6259765625 0.001953125 0.005859375
1 0.58984375 0.6435546875 0.03125 0.033203125
1 0.6962890625 0.6328125 0.001953125 0.01171875
1 0.6455078125 0.6396484375 0.009765625 0.017578125
1 0.689453125 0.6396484375 0.00390625 0.013671875
1 0.6787109375 0.642578125 0.005859375 0.015625
1 0.6318359375 0.646484375 0.009765625 0.01953125
1 0.6640625 0.654296875 0.01171875 0.01953125
1 0.6181640625 0.65625 0.009765625 0.01953125
1 0.693359375 0.65625 0.0078125 0.0234375
1 0.3017578125 0.6875 0.087890625 0.06640625
1 0.6005859375 0.6669921875 0.013671875 0.025390625
1 0.6474609375 0.666015625 0.009765625 0.01953125
1 0.671875 0.673828125 0.0234375 0.03515625
1 0.5693359375 0.6611328125 0.001953125 0.009765625
1 0.5546875 0.677734375 0.015625 0.03515625
1 0.6337890625 0.671875 0.009765625 0.01953125
1 0.7021484375 0.6650390625 0.001953125 0.005859375
1 0.5791015625 0.681640625 0.021484375 0.03125
1 0.693359375 0.67578125 0.0078125 0.01953125
1 0.619140625 0.6865234375 0.01171875 0.033203125
1 0.5263671875 0.6953125 0.033203125 0.03125
1 0.6728515625 0.689453125 0.021484375 0.02734375
1 0.640625 0.6962890625 0.0234375 0.025390625
1 0.7041015625 0.6845703125 0.001953125 0.005859375
1 0.5927734375 0.69921875 0.033203125 0.0234375
1 0.6875 0.697265625 0.0234375 0.0234375
1 0.4541015625 0.7021484375 0.064453125 0.025390625
1 0.4970703125 0.7001953125 0.013671875 0.021484375
1 0.5546875 0.705078125 0.015625 0.01171875
1 0.6201171875 0.705078125 0.009765625 0.01171875
