1 0.2890625 0.2734375 0.046875 0.046875
1 0.3486328125 0.298828125 0.052734375 0.09765625
1 0.4150390625 0.2939453125 0.060546875 0.087890625
1 0.4892578125 0.2861328125 0.068359375 0.072265625
1 0.5693359375 0.328125 0.080078125 0.15625
1 0.66796875 0.3720703125 0.08984375 0.240234375
1 0.6669921875 0.2705078125 0.064453125 0.041015625
1 0.255859375 0.322265625 0.01171875 0.12890625
1 0.29296875 0.3671875 0.05078125 0.16796875
1 0.345703125 0.4091796875 0.0390625 0.154296875
1 0.5712890625 0.4833984375 0.076171875 0.232421875
1 0.2607421875 0.4736328125 0.017578125 0.146484375
1 0.38671875 0.5126953125 0.0703125 0.224609375
1 0.30078125 0.5341796875 0.0546875 0.181640625
1 0.6630859375 0.572265625 0.087890625 0.2421875
1 0.3203125 0.4609375 0.0 0.0
1 0.36328125 0.59375 0.05859375 0.19921875
1 0.4990234375 0.609375 0.068359375 0.15234375
1 0.263671875 0.6181640625 0.02734375 0.146484375
1 0.5810546875 0.6474609375 0.080078125 0.201171875
1 0.306640625 0.6689453125 0.0546875 0.158203125
1 0.4306640625 0.6865234375 0.060546875 0.123046875
1 0.501953125 0.69921875 0.0703125 0.09765625
1 0.669921875 0.701171875 0.0859375 0.09375
1 0.3671875 0.705078125 0.0546875 0.0859375
1 0.263671875 0.716796875 0.02734375 0.0625
1 0.5634765625 0.7373046875 0.025390625 0.021484375
