0 0.3876953125 0.2880859375 0.052734375 0.076171875
0 0.5048828125 0.2568359375 0.009765625 0.013671875
0 0.5556640625 0.2587890625 0.029296875 0.017578125
0 0.6484375 0.2783203125 0.03125 0.056640625
0 0.6650390625 0.263671875 0.013671875 0.02734375
0 0.73046875 0.2587890625 0.0234375 0.017578125
0 0.7392578125 0.2744140625 0.017578125 0.033203125
0 0.4873046875 0.2626953125 0.017578125 0.017578125
0 0.3134765625 0.29296875 0.048828125 0.07421875
0 0.4990234375 0.2998046875 0.033203125 0.056640625
0 0.6787109375 0.2890625 0.021484375 0.0390625
0 0.5546875 0.3115234375 0.03515625 0.060546875
0 0.720703125 0.306640625 0.02734375 0.05859375
0 0.6259765625 0.31640625 0.037109375 0.0625
0 0.3798828125 0.328125 0.044921875 0.07421875
0 0.4560546875 0.337890625 0.033203125 0.0625
0 0.673828125 0.33984375 0.03515625 0.05859375
0 0.744140625 0.3349609375 0.0078125 0.041015625
0 0.5751953125 0.37109375 0.037109375 0.06640625
0 0.4150390625 0.3681640625 0.033203125 0.056640625
0 0.4990234375 0.3701171875 0.033203125 0.060546875
0 0.736328125 0.4052734375 0.0234375 0.052734375
0 0.4560546875 0.4013671875 0.021484375 0.037109375
0 0.4345703125 0.3994140625 0.037109375 0.033203125
0 0.658203125 0.4111328125 0.03125 0.041015625
0 0.583984375 0.44140625 0.03515625 0.0546875
0 0.6494140625 0.4404296875 0.029296875 0.037109375
0 0.6171875 0.4462890625 0.0234375 0.033203125
0 0.6865234375 0.51953125 0.056640625 0.08203125
0 0.6162109375 0.51171875 0.033203125 0.06640625
0 0.6494140625 0.5478515625 0.029296875 0.064453125
0 0.6259765625 0.6171875 0.044921875 0.09375
0 0.701171875 0.580078125 0.0234375 0.03515625
0 0.7236328125 0.599609375 0.029296875 0.06640625
0 0.677734375 0.6142578125 0.03125 0.064453125
0 0.744140625 0.62890625 0.0078125 0.0625
0 0.5927734375 0.6376953125 0.013671875 0.041015625
0 0.6787109375 0.6767578125 0.056640625 0.087890625
0 0.72265625 0.6513671875 0.02734375 0.037109375
0 0.265625 0.6787109375 0.0234375 0.064453125
0 0.5810546875 0.6640625 0.017578125 0.03125
0 0.7431640625 0.6767578125 0.009765625 0.037109375
0 0.560546875 0.6826171875 0.01953125 0.025390625
0 0.5927734375 0.697265625 0.025390625 0.05859375
0 0.53125 0.6904296875 0.015625 0.025390625
0 0.6240234375 0.70703125 0.029296875 0.0625
0 0.7314453125 0.7138671875 0.029296875 0.060546875
0 0.5517578125 0.720703125 0.013671875 0.046875
0 0.6669921875 0.724609375 0.025390625 0.046875
0 0.5712890625 0.7255859375 0.021484375 0.044921875
0 0.7412109375 0.732421875 0.013671875 0.03125
0 0.6962890625 0.740234375 0.025390625 0.015625
