0 0.2841796875 0.2685546875 0.037109375 0.037109375
0 0.357421875 0.314453125 0.05859375 0.125
0 0.4658203125 0.29296875 0.060546875 0.0859375
0 0.572265625 0.2841796875 0.1015625 0.068359375
0 0.685546875 0.30078125 0.109375 0.1015625
0 0.2841796875 0.3115234375 0.041015625 0.052734375
0 0.5322265625 0.337890625 0.068359375 0.09375
0 0.40625 0.3681640625 0.08203125 0.119140625
0 0.58203125 0.4111328125 0.09765625 0.111328125
0 0.2802734375 0.4267578125 0.056640625 0.115234375
0 0.49609375 0.421875 0.0546875 0.07421875
0 0.375 0.4677734375 0.078125 0.103515625
0 0.724609375 0.4755859375 0.046875 0.107421875
0 0.61328125 0.482421875 0.0625 0.08203125
0 0.4599609375 0.5107421875 0.068359375 0.091796875
0 0.5576171875 0.5263671875 0.072265625 0.091796875
0 0.314453125 0.5478515625 0.0703125 0.095703125
0 0.658203125 0.60546875 0.125 0.17578125
0 0.390625 0.5732421875 0.0703125 0.091796875
0 0.5048828125 0.5888671875 0.068359375 0.087890625
0 0.7119140625 0.6357421875 0.060546875 0.083984375
0 0.4453125 0.6416015625 0.0625 0.083984375
0 0.5703125 0.677734375 0.09375 0.140625
0 0.361328125 0.669921875 0.07421875 0.09375
0 0.283203125 0.6796875 0.06640625 0.09765625
0 0.6572265625 0.705078125 0.068359375 0.078125
0 0.51953125 0.7333984375 0.05859375 0.029296875
0 0.369140625 0.734375 0.0625 0.02734375
