1 0.54296875 0.3388671875 0.12109375 0.142578125
1 0.69140625 0.3447265625 0.11328125 0.154296875
1 0.3134765625 0.4580078125 0.126953125 0.146484375
1 0.7265625 0.44140625 0.04296875 0.109375
1 0.638671875 0.478515625 0.13671875 0.1484375
1 0.4814453125 0.5107421875 0.138671875 0.154296875
1 0.685546875 0.5517578125 0.125 0.130859375
1 0.546875 0.58984375 0.1328125 0.14453125
1 0.296875 0.5751953125 0.09375 0.103515625
1 0.6171875 0.556640625 0.0 0.0
1 0.4267578125 0.6552734375 0.138671875 0.134765625
1 0.2548828125 0.6748046875 0.009765625 0.103515625
1 0.708984375 0.6767578125 0.078125 0.111328125
1 0.60546875 0.6943359375 0.09765625 0.107421875
1 0.4931640625 0.7216796875 0.103515625 0.052734375
