0 0.462890625 0.41796875 0.05859375 0.08984375
0 0.525390625 0.416015625 0.046875 0.07421875
0 0.578125 0.41796875 0.04296875 0.0703125
0 0.7265625 0.46484375 0.01953125 0.05078125
0 0.6796875 0.478515625 0.02734375 0.05859375
0 0.64453125 0.4853515625 0.03125 0.064453125
0 0.55078125 0.494140625 0.04296875 0.07421875
0 0.6005859375 0.4912109375 0.037109375 0.068359375
0 0.4951171875 0.5009765625 0.048828125 0.087890625
0 0.4287109375 0.5087890625 0.064453125 0.095703125
0 0.7431640625 0.49609375 0.009765625 0.05078125
0 0.6943359375 0.537109375 0.025390625 0.05859375
0 0.7236328125 0.5322265625 0.021484375 0.048828125
0 0.6591796875 0.5439453125 0.025390625 0.056640625
0 0.6220703125 0.5537109375 0.033203125 0.064453125
0 0.5791015625 0.5634765625 0.037109375 0.068359375
0 0.5283203125 0.5751953125 0.048828125 0.080078125
0 0.4677734375 0.591796875 0.060546875 0.0859375
0 0.39453125 0.6083984375 0.0703125 0.091796875
