1 0.400390625 0.2734375 0.0390625 0.046875
1 0.453125 0.2744140625 0.0390625 0.048828125
1 0.5 0.2744140625 0.03515625 0.048828125
1 0.55078125 0.2783203125 0.03515625 0.056640625
1 0.609375 0.2919921875 0.03125 0.060546875
1 0.67578125 0.291015625 0.02734375 0.0546875
1 0.7060546875 0.291015625 0.025390625 0.05078125
1 0.638671875 0.29296875 0.015625 0.0546875
1 0.7353515625 0.2890625 0.021484375 0.04296875
1 0.4013671875 0.33984375 0.041015625 0.0625
1 0.4462890625 0.33984375 0.037109375 0.0625
1 0.4921875 0.341796875 0.03515625 0.05859375
1 0.5380859375 0.34375 0.033203125 0.05859375
1 0.732421875 0.3466796875 0.01953125 0.048828125
1 0.703125 0.3525390625 0.02734375 0.056640625
1 0.673828125 0.3544921875 0.0234375 0.052734375
1 0.6025390625 0.3623046875 0.033203125 0.060546875
1 0.6533203125 0.365234375 0.029296875 0.05859375
1 0.4912109375 0.412109375 0.033203125 0.05859375
1 0.453125 0.4169921875 0.03125 0.060546875
1 0.40234375 0.4560546875 0.05859375 0.138671875
1 0.5224609375 0.41015625 0.017578125 0.046875
1 0.701171875 0.4169921875 0.0234375 0.048828125
1 0.68359375 0.42578125 0.02734375 0.0546875
1 0.6328125 0.4453125 0.03515625 0.0625
1 0.4873046875 0.4833984375 0.033203125 0.052734375
1 0.443359375 0.48828125 0.0390625 0.05859375
1 0.67578125 0.4697265625 0.0234375 0.009765625
1 0.7421875 0.501953125 0.0078125 0.0546875
1 0.6708984375 0.5107421875 0.025390625 0.052734375
1 0.30859375 0.5244140625 0.04296875 0.072265625
1 0.609375 0.5234375 0.0390625 0.06640625
1 0.65234375 0.529296875 0.03515625 0.0625
1 0.265625 0.5458984375 0.02734375 0.080078125
1 0.7138671875 0.544921875 0.021484375 0.04296875
1 0.4404296875 0.5615234375 0.037109375 0.056640625
1 0.3876953125 0.5634765625 0.037109375 0.056640625
1 0.6982421875 0.55078125 0.021484375 0.01953125
1 0.59375 0.58984375 0.03125 0.05859375
1 0.6982421875 0.603515625 0.033203125 0.0625
1 0.7373046875 0.6005859375 0.017578125 0.048828125
1 0.6533203125 0.607421875 0.037109375 0.0625
1 0.56640625 0.6162109375 0.04296875 0.072265625
1 0.271484375 0.62890625 0.0390625 0.07421875
1 0.4248046875 0.623046875 0.033203125 0.046875
1 0.388671875 0.6259765625 0.01171875 0.048828125
1 0.349609375 0.6474609375 0.05078125 0.076171875
1 0.5087890625 0.6474609375 0.029296875 0.052734375
1 0.6025390625 0.6513671875 0.033203125 0.044921875
1 0.7236328125 0.634765625 0.013671875 0.0078125
1 0.6982421875 0.64453125 0.017578125 0.0078125
1 0.6328125 0.6494140625 0.01171875 0.009765625
1 0.7412109375 0.6640625 0.009765625 0.0390625
1 0.6484375 0.6552734375 0.015625 0.017578125
1 0.7216796875 0.66796875 0.017578125 0.0390625
1 0.6728515625 0.654296875 0.017578125 0.00390625
1 0.55078125 0.6640625 0.03125 0.01171875
1 0.697265625 0.6748046875 0.01953125 0.037109375
1 0.4326171875 0.6884765625 0.033203125 0.056640625
1 0.474609375 0.68359375 0.03125 0.04296875
1 0.62890625 0.6650390625 0.0078125 0.005859375
1 0.671875 0.6845703125 0.0234375 0.041015625
1 0.28125 0.6728515625 0.03125 0.009765625
1 0.388671875 0.6962890625 0.03515625 0.056640625
1 0.560546875 0.681640625 0.02734375 0.0234375
1 0.64453125 0.6923828125 0.0234375 0.041015625
1 0.6142578125 0.69921875 0.021484375 0.0390625
1 0.55078125 0.712890625 0.02734375 0.0703125
1 0.251953125 0.6826171875 0.0 0.005859375
1 0.515625 0.689453125 0.03125 0.01953125
1 0.583984375 0.7080078125 0.02734375 0.041015625
1 0.740234375 0.7109375 0.015625 0.0390625
1 0.291015625 0.7216796875 0.0390625 0.052734375
1 0.341796875 0.71875 0.0390625 0.046875
1 0.71875 0.716796875 0.01953125 0.0390625
1 0.2548828125 0.724609375 0.009765625 0.046875
1 0.6943359375 0.7255859375 0.017578125 0.037109375
1 0.513671875 0.7275390625 0.02734375 0.041015625
1 0.47265625 0.73046875 0.03125 0.03515625
1 0.6689453125 0.728515625 0.021484375 0.03515625
1 0.4287109375 0.734375 0.033203125 0.02734375
1 0.638671875 0.734375 0.01953125 0.0234375
1 0.6103515625 0.7373046875 0.021484375 0.017578125
1 0.388671875 0.7392578125 0.03515625 0.017578125
1 0.7373046875 0.7412109375 0.017578125 0.013671875
1 0.580078125 0.7421875 0.0234375 0.01171875
