0 0.5791015625 0.490234375 0.087890625 0.0546875
0 0.271484375 0.484375 0.0234375 0.02734375
0 0.6943359375 0.5078125 0.080078125 0.05078125
0 0.310546875 0.517578125 0.08203125 0.05078125
0 0.271484375 0.5458984375 0.04296875 0.060546875
0 0.501953125 0.5439453125 0.0859375 0.048828125
0 0.39453125 0.5576171875 0.08203125 0.044921875
0 0.609375 0.55859375 0.0859375 0.046875
0 0.6875 0.5693359375 0.0703125 0.037109375
0 0.3232421875 0.5712890625 0.064453125 0.033203125
0 0.2626953125 0.5859375 0.025390625 0.015625
0 0.4482421875 0.6064453125 0.052734375 0.029296875
0 0.2939453125 0.6064453125 0.052734375 0.025390625
0 0.73828125 0.6083984375 0.01953125 0.029296875
0 0.33984375 0.607421875 0.01171875 0.01953125
0 0.6787109375 0.615234375 0.064453125 0.03125
0 0.3857421875 0.6220703125 0.076171875 0.037109375
0 0.50390625 0.615234375 0.01953125 0.0234375
0 0.484375 0.6279296875 0.04296875 0.029296875
0 0.5625 0.6318359375 0.08984375 0.037109375
