1 0.328125 0.2626953125 0.09765625 0.025390625
1 0.4052734375 0.2763671875 0.048828125 0.052734375
1 0.2578125 0.2646484375 0.015625 0.025390625
1 0.3564453125 0.3056640625 0.048828125 0.052734375
1 0.30859375 0.306640625 0.046875 0.05078125
1 0.263671875 0.2958984375 0.02734375 0.025390625
1 0.412109375 0.3173828125 0.04296875 0.025390625
1 0.2666015625 0.3369140625 0.033203125 0.048828125
1 0.4169921875 0.3447265625 0.044921875 0.025390625
1 0.3642578125 0.3466796875 0.044921875 0.025390625
1 0.3115234375 0.34765625 0.044921875 0.0234375
1 0.421875 0.3857421875 0.046875 0.048828125
1 0.3193359375 0.38671875 0.048828125 0.046875
1 0.37109375 0.38671875 0.046875 0.046875
1 0.2724609375 0.388671875 0.044921875 0.046875
1 0.3291015625 0.42578125 0.041015625 0.0234375
1 0.4267578125 0.4248046875 0.041015625 0.021484375
1 0.275390625 0.4267578125 0.04296875 0.021484375
1 0.376953125 0.42578125 0.0390625 0.01953125
1 0.283203125 0.4541015625 0.04296875 0.021484375
1 0.33203125 0.451171875 0.04296875 0.01953125
1 0.380859375 0.451171875 0.04296875 0.01953125
1 0.4296875 0.451171875 0.04296875 0.01953125
1 0.298828125 0.4833984375 0.078125 0.017578125
1 0.361328125 0.4833984375 0.03515625 0.017578125
1 0.4033203125 0.484375 0.037109375 0.015625
1 0.30078125 0.5146484375 0.078125 0.037109375
1 0.36328125 0.5146484375 0.03515625 0.037109375
1 0.408203125 0.515625 0.03515625 0.0390625
1 0.287109375 0.5537109375 0.0390625 0.033203125
1 0.3251953125 0.544921875 0.037109375 0.015625
1 0.3681640625 0.544921875 0.037109375 0.015625
1 0.4111328125 0.546875 0.033203125 0.015625
1 0.3291015625 0.5634765625 0.033203125 0.013671875
1 0.369140625 0.564453125 0.0390625 0.015625
1 0.4140625 0.59375 0.03515625 0.0703125
1 0.29296875 0.5810546875 0.03125 0.013671875
1 0.3310546875 0.58203125 0.033203125 0.015625
1 0.3740234375 0.6025390625 0.041015625 0.052734375
1 0.296875 0.6103515625 0.03515625 0.033203125
1 0.3330078125 0.611328125 0.033203125 0.03515625
1 0.3876953125 0.658203125 0.044921875 0.04296875
1 0.341796875 0.6689453125 0.04296875 0.060546875
1 0.435546875 0.66015625 0.04296875 0.04296875
1 0.3046875 0.6494140625 0.015625 0.017578125
1 0.482421875 0.6630859375 0.01953125 0.044921875
1 0.5068359375 0.6533203125 0.021484375 0.021484375
1 0.5439453125 0.654296875 0.044921875 0.0234375
1 0.5849609375 0.6552734375 0.021484375 0.021484375
1 0.611328125 0.66015625 0.01953125 0.01953125
1 0.638671875 0.6611328125 0.0234375 0.017578125
1 0.44921875 0.66796875 0.01953125 0.01953125
1 0.26171875 0.67578125 0.0234375 0.03125
1 0.3046875 0.6708984375 0.015625 0.017578125
1 0.515625 0.7001953125 0.04296875 0.064453125
1 0.53125 0.69140625 0.01953125 0.04296875
1 0.556640625 0.7021484375 0.0234375 0.064453125
1 0.5830078125 0.6923828125 0.021484375 0.041015625
1 0.6103515625 0.685546875 0.021484375 0.01953125
1 0.63671875 0.685546875 0.0234375 0.01953125
1 0.3134765625 0.701171875 0.033203125 0.03515625
1 0.3310546875 0.69140625 0.017578125 0.015625
1 0.376953125 0.6923828125 0.01953125 0.017578125
1 0.40234375 0.6923828125 0.015625 0.017578125
1 0.4248046875 0.6943359375 0.021484375 0.017578125
1 0.4482421875 0.6943359375 0.017578125 0.017578125
1 0.48046875 0.708984375 0.01953125 0.0390625
1 0.265625 0.7021484375 0.0234375 0.013671875
1 0.60546875 0.7236328125 0.0234375 0.048828125
1 0.6328125 0.7236328125 0.0234375 0.048828125
1 0.3544921875 0.7119140625 0.017578125 0.013671875
1 0.3779296875 0.7119140625 0.017578125 0.013671875
1 0.4013671875 0.7265625 0.017578125 0.04296875
1 0.42578125 0.7275390625 0.01953125 0.041015625
1 0.44921875 0.7275390625 0.01953125 0.041015625
1 0.2666015625 0.720703125 0.021484375 0.01171875
1 0.580078125 0.7255859375 0.01953125 0.017578125
1 0.3251953125 0.7353515625 0.041015625 0.025390625
1 0.369140625 0.7353515625 0.0390625 0.025390625
1 0.2509765625 0.7373046875 0.001953125 0.009765625
1 0.26953125 0.73828125 0.0234375 0.01171875
1 0.4794921875 0.740234375 0.021484375 0.015625
1 0.505859375 0.7412109375 0.01953125 0.013671875
1 0.5302734375 0.7421875 0.017578125 0.01171875
1 0.580078125 0.7421875 0.01953125 0.01171875
1 0.5546875 0.7431640625 0.0234375 0.009765625
1 0.2685546875 0.748046875 0.017578125 0.0
