1 0.255859375 0.2666015625 0.01171875 0.033203125
1 0.3251953125 0.28515625 0.119140625 0.0703125
1 0.4306640625 0.255859375 0.033203125 0.01171875
1 0.490234375 0.2568359375 0.07421875 0.013671875
1 0.55078125 0.2568359375 0.0390625 0.013671875
1 0.3994140625 0.2890625 0.021484375 0.06640625
1 0.4306640625 0.3017578125 0.033203125 0.072265625
1 0.4892578125 0.3056640625 0.076171875 0.076171875
1 0.55078125 0.30859375 0.0390625 0.078125
1 0.2919921875 0.390625 0.025390625 0.0546875
1 0.25390625 0.392578125 0.0078125 0.05859375
1 0.3232421875 0.3955078125 0.025390625 0.064453125
1 0.353515625 0.4345703125 0.02734375 0.126953125
1 0.3798828125 0.3818359375 0.017578125 0.009765625
1 0.38671875 0.431640625 0.03125 0.0703125
1 0.4228515625 0.4404296875 0.033203125 0.072265625
1 0.4580078125 0.4462890625 0.033203125 0.068359375
1 0.49609375 0.4541015625 0.03515625 0.076171875
1 0.30859375 0.4580078125 0.0546875 0.068359375
1 0.2578125 0.458984375 0.015625 0.0625
1 0.3876953125 0.50390625 0.029296875 0.0703125
1 0.4072265625 0.552734375 0.064453125 0.14453125
1 0.458984375 0.5537109375 0.03125 0.134765625
1 0.2958984375 0.517578125 0.025390625 0.0546875
1 0.49609375 0.5673828125 0.03515625 0.146484375
1 0.259765625 0.5517578125 0.01953125 0.115234375
1 0.32421875 0.5244140625 0.0234375 0.056640625
1 0.3544921875 0.5302734375 0.025390625 0.060546875
1 0.2958984375 0.5771484375 0.025390625 0.056640625
1 0.326171875 0.5966796875 0.02734375 0.080078125
1 0.3896484375 0.63671875 0.095703125 0.11328125
1 0.2763671875 0.669921875 0.052734375 0.125
1 0.57421875 0.6396484375 0.0234375 0.052734375
1 0.552734375 0.6455078125 0.01171875 0.021484375
1 0.2548828125 0.654296875 0.009765625 0.0390625
1 0.458984375 0.6650390625 0.03125 0.064453125
1 0.328125 0.66015625 0.015625 0.0390625
1 0.49609375 0.677734375 0.03125 0.07421875
1 0.546875 0.6826171875 0.0234375 0.044921875
1 0.5712890625 0.7060546875 0.025390625 0.080078125
1 0.3916015625 0.6923828125 0.017578125 0.029296875
1 0.33203125 0.705078125 0.015625 0.0390625
1 0.529296875 0.69140625 0.00390625 0.01171875
1 0.427734375 0.7060546875 0.04296875 0.033203125
1 0.3623046875 0.716796875 0.037109375 0.05078125
1 0.4638671875 0.7158203125 0.021484375 0.029296875
1 0.517578125 0.724609375 0.01953125 0.04296875
1 0.54296875 0.728515625 0.0234375 0.0390625
1 0.427734375 0.732421875 0.0859375 0.03125
1 0.4921875 0.7265625 0.01953125 0.02734375
1 0.4912109375 0.744140625 0.021484375 0.0078125
