0 0.46484375 0.3623046875 0.02734375 0.064453125
0 0.4404296875 0.40625 0.033203125 0.0703125
0 0.4931640625 0.40625 0.021484375 0.05859375
0 0.4677734375 0.4384765625 0.025390625 0.064453125
0 0.4921875 0.474609375 0.0234375 0.05859375
0 0.4326171875 0.4873046875 0.033203125 0.064453125
0 0.4638671875 0.5107421875 0.029296875 0.060546875
0 0.4736328125 0.5625 0.025390625 0.046875
0 0.4287109375 0.5732421875 0.029296875 0.060546875
0 0.34375 0.576171875 0.0390625 0.06640625
0 0.5361328125 0.5732421875 0.017578125 0.041015625
0 0.3857421875 0.638671875 0.033203125 0.05859375
0 0.3369140625 0.6611328125 0.037109375 0.064453125
0 0.453125 0.7216796875 0.02734375 0.048828125
