0 0.47265625 0.4384765625 0.03515625 0.072265625
0 0.3525390625 0.4365234375 0.021484375 0.052734375
0 0.603515625 0.466796875 0.0546875 0.08984375
0 0.4345703125 0.4580078125 0.029296875 0.064453125
0 0.3271484375 0.451171875 0.017578125 0.05078125
0 0.3046875 0.466796875 0.015625 0.05078125
0 0.55078125 0.486328125 0.04296875 0.08203125
0 0.404296875 0.4775390625 0.0234375 0.064453125
0 0.3759765625 0.4931640625 0.021484375 0.056640625
0 0.5068359375 0.5048828125 0.037109375 0.072265625
0 0.259765625 0.4951171875 0.01171875 0.037109375
0 0.3515625 0.5048828125 0.01953125 0.056640625
0 0.46484375 0.51953125 0.03125 0.0703125
0 0.328125 0.5126953125 0.015625 0.041015625
0 0.431640625 0.5361328125 0.02734375 0.064453125
0 0.306640625 0.5263671875 0.015625 0.044921875
0 0.4013671875 0.544921875 0.025390625 0.05859375
0 0.2763671875 0.5419921875 0.013671875 0.041015625
0 0.2587890625 0.548828125 0.013671875 0.03515625
0 0.3740234375 0.5546875 0.017578125 0.05078125
0 0.3486328125 0.5634765625 0.017578125 0.052734375
0 0.3271484375 0.5732421875 0.017578125 0.044921875
0 0.3056640625 0.5791015625 0.013671875 0.041015625
0 0.2919921875 0.5859375 0.013671875 0.04296875
0 0.275390625 0.5908203125 0.01171875 0.037109375
0 0.259765625 0.59765625 0.01171875 0.03515625
