0 0.28515625 0.4677734375 0.0703125 0.123046875
0 0.3291015625 0.4462890625 0.060546875 0.064453125
0 0.6005859375 0.4619140625 0.072265625 0.076171875
0 0.66796875 0.45703125 0.05859375 0.06640625
0 0.7236328125 0.45703125 0.048828125 0.06640625
0 0.4990234375 0.4873046875 0.119140625 0.115234375
0 0.3623046875 0.505859375 0.064453125 0.05859375
0 0.5439453125 0.515625 0.064453125 0.046875
0 0.6220703125 0.5224609375 0.068359375 0.068359375
0 0.7158203125 0.576171875 0.064453125 0.12109375
0 0.267578125 0.5517578125 0.03515625 0.056640625
0 0.3330078125 0.5595703125 0.060546875 0.056640625
0 0.5029296875 0.564453125 0.064453125 0.05859375
0 0.4228515625 0.5859375 0.072265625 0.07421875
0 0.66015625 0.60546875 0.07421875 0.0703125
0 0.4658203125 0.607421875 0.052734375 0.0546875
0 0.2958984375 0.6103515625 0.056640625 0.056640625
0 0.59765625 0.6328125 0.05859375 0.0625
0 0.53125 0.6357421875 0.06640625 0.060546875
0 0.2666015625 0.650390625 0.029296875 0.0546875
0 0.740234375 0.6728515625 0.015625 0.048828125
0 0.6943359375 0.6884765625 0.056640625 0.052734375
0 0.4912109375 0.6982421875 0.064453125 0.060546875
0 0.63671875 0.7177734375 0.07421875 0.060546875
0 0.572265625 0.7333984375 0.0703125 0.029296875
