0 0.287109375 0.4931640625 0.05078125 0.033203125
0 0.361328125 0.4921875 0.05078125 0.03125
0 0.4169921875 0.5 0.044921875 0.03125
0 0.462890625 0.5341796875 0.046875 0.029296875
0 0.49609375 0.572265625 0.0234375 0.02734375
0 0.576171875 0.5869140625 0.0078125 0.021484375
0 0.5341796875 0.5986328125 0.056640625 0.033203125
0 0.3291015625 0.6005859375 0.052734375 0.029296875
0 0.3876953125 0.6005859375 0.052734375 0.029296875
0 0.2578125 0.6083984375 0.01171875 0.021484375
0 0.6982421875 0.6337890625 0.099609375 0.056640625
0 0.4365234375 0.6279296875 0.048828125 0.029296875
0 0.318359375 0.634765625 0.046875 0.02734375
0 0.373046875 0.6357421875 0.046875 0.025390625
0 0.265625 0.640625 0.03125 0.02734375
0 0.6396484375 0.6513671875 0.056640625 0.029296875
0 0.4169921875 0.6591796875 0.048828125 0.029296875
0 0.4736328125 0.6591796875 0.048828125 0.025390625
0 0.357421875 0.6640625 0.046875 0.02734375
0 0.2958984375 0.6650390625 0.048828125 0.025390625
0 0.6748046875 0.67578125 0.048828125 0.02734375
0 0.2548828125 0.6728515625 0.009765625 0.017578125
0 0.7392578125 0.67578125 0.017578125 0.0234375
0 0.6103515625 0.6826171875 0.048828125 0.025390625
0 0.337890625 0.689453125 0.046875 0.0234375
0 0.4716796875 0.6904296875 0.048828125 0.025390625
0 0.279296875 0.6943359375 0.046875 0.025390625
0 0.4091796875 0.693359375 0.048828125 0.02734375
0 0.716796875 0.69921875 0.05078125 0.02734375
0 0.64453125 0.7099609375 0.046875 0.025390625
0 0.583984375 0.7138671875 0.046875 0.025390625
0 0.3857421875 0.716796875 0.044921875 0.02734375
0 0.443359375 0.7158203125 0.046875 0.025390625
0 0.328125 0.7177734375 0.046875 0.025390625
0 0.2705078125 0.7216796875 0.041015625 0.025390625
0 0.6875 0.732421875 0.046875 0.02734375
0 0.7373046875 0.736328125 0.021484375 0.0234375
0 0.611328125 0.7392578125 0.046875 0.017578125
0 0.3623046875 0.7412109375 0.048828125 0.013671875
0 0.416015625 0.740234375 0.04296875 0.015625
0 0.2568359375 0.7421875 0.013671875 0.01171875
0 0.3017578125 0.7431640625 0.041015625 0.009765625
