1 0.560546875 0.0322265625 0.07421875 0.064453125
1 0.771484375 0.0107421875 0.03125 0.021484375
1 0.7978515625 0.0146484375 0.013671875 0.029296875
1 0.822265625 0.021484375 0.0234375 0.04296875
1 0.8505859375 0.025390625 0.025390625 0.05078125
1 0.1787109375 0.0810546875 0.119140625 0.158203125
1 0.2939453125 0.1708984375 0.099609375 0.330078125
1 0.6396484375 0.0400390625 0.060546875 0.076171875
1 0.7724609375 0.0556640625 0.029296875 0.068359375
1 0.798828125 0.0673828125 0.01171875 0.060546875
1 0.8203125 0.0771484375 0.02734375 0.064453125
1 0.8544921875 0.083984375 0.025390625 0.05859375
1 0.56640625 0.138671875 0.06640625 0.13671875
1 0.646484375 0.1455078125 0.0625 0.130859375
1 0.7724609375 0.126953125 0.029296875 0.0703125
1 0.7958984375 0.138671875 0.013671875 0.06640625
1 0.8173828125 0.1435546875 0.021484375 0.064453125
1 0.8583984375 0.150390625 0.025390625 0.06640625
1 0.18359375 0.2431640625 0.11328125 0.181640625
1 0.771484375 0.1982421875 0.03125 0.068359375
1 0.796875 0.2109375 0.015625 0.05859375
1 0.8212890625 0.2138671875 0.021484375 0.064453125
1 0.85546875 0.220703125 0.0234375 0.06640625
1 0.56640625 0.28515625 0.0703125 0.1328125
1 0.6435546875 0.2900390625 0.064453125 0.126953125
1 0.9423828125 0.279296875 0.021484375 0.05859375
1 0.7705078125 0.2958984375 0.029296875 0.064453125
1 0.802734375 0.337890625 0.02734375 0.13671875
1 0.830078125 0.3046875 0.01953125 0.05859375
1 0.8544921875 0.3408203125 0.021484375 0.130859375
1 0.939453125 0.3388671875 0.0234375 0.052734375
1 0.7705078125 0.369140625 0.029296875 0.0703125
1 0.828125 0.373046875 0.015625 0.0625
1 0.302734375 0.451171875 0.10546875 0.16796875
1 0.1904296875 0.4560546875 0.115234375 0.173828125
1 0.40625 0.4501953125 0.0859375 0.154296875
1 0.9423828125 0.400390625 0.021484375 0.0546875
1 0.9677734375 0.400390625 0.017578125 0.0546875
1 0.98828125 0.3984375 0.01953125 0.046875
1 0.638671875 0.447265625 0.05859375 0.12890625
1 0.5595703125 0.451171875 0.068359375 0.1328125
1 0.7705078125 0.44140625 0.029296875 0.06640625
1 0.8291015625 0.4404296875 0.013671875 0.064453125
1 0.8017578125 0.443359375 0.021484375 0.0625
1 0.8544921875 0.4404296875 0.021484375 0.056640625
1 0.9833984375 0.4580078125 0.013671875 0.048828125
1 0.962890625 0.462890625 0.015625 0.05078125
1 0.9404296875 0.4638671875 0.021484375 0.052734375
1 0.8515625 0.5048828125 0.01953125 0.060546875
1 0.7998046875 0.5107421875 0.021484375 0.064453125
1 0.8271484375 0.5078125 0.017578125 0.05859375
1 0.7666015625 0.513671875 0.029296875 0.0625
1 0.64453125 0.583984375 0.06640625 0.13671875
1 0.5712890625 0.595703125 0.068359375 0.14453125
1 0.412109375 0.611328125 0.08984375 0.16015625
1 0.3076171875 0.625 0.099609375 0.171875
1 0.1923828125 0.6376953125 0.115234375 0.185546875
1 0.818359375 0.6025390625 0.0234375 0.064453125
1 0.84765625 0.5986328125 0.0234375 0.060546875
1 0.791015625 0.6064453125 0.0234375 0.068359375
1 0.7607421875 0.6103515625 0.025390625 0.068359375
1 0.8466796875 0.6640625 0.021484375 0.05859375
1 0.8173828125 0.6689453125 0.021484375 0.060546875
1 0.7919921875 0.673828125 0.021484375 0.05859375
1 0.646484375 0.720703125 0.0625 0.13671875
1 0.7607421875 0.6826171875 0.025390625 0.068359375
1 0.5771484375 0.734375 0.064453125 0.13671875
1 0.4140625 0.7666015625 0.08984375 0.162109375
1 0.845703125 0.73046875 0.0234375 0.0625
1 0.310546875 0.7900390625 0.09375 0.169921875
1 0.8173828125 0.7373046875 0.021484375 0.064453125
1 0.7900390625 0.744140625 0.021484375 0.0625
1 0.759765625 0.7529296875 0.02734375 0.068359375
1 0.19921875 0.81640625 0.1171875 0.1953125
1 0.84765625 0.796875 0.0234375 0.05859375
1 0.8193359375 0.8046875 0.025390625 0.05859375
1 0.791015625 0.8125 0.0234375 0.05859375
1 0.7626953125 0.8232421875 0.029296875 0.068359375
1 0.640625 0.8857421875 0.046875 0.142578125
1 0.578125 0.9111328125 0.0625 0.146484375
1 0.8505859375 0.888671875 0.025390625 0.0625
1 0.8232421875 0.8984375 0.021484375 0.0625
1 0.7978515625 0.908203125 0.021484375 0.06640625
1 0.4208984375 0.939453125 0.087890625 0.109375
1 0.7685546875 0.921875 0.025390625 0.07421875
1 0.31640625 0.947265625 0.09765625 0.09765625
1 0.8525390625 0.9541015625 0.021484375 0.060546875
1 0.2021484375 0.962890625 0.111328125 0.06640625
1 0.822265625 0.9658203125 0.0234375 0.060546875
1 0.7919921875 0.9716796875 0.025390625 0.048828125
1 0.662109375 0.974609375 0.0625 0.04296875
1 0.7607421875 0.98046875 0.025390625 0.03515625
1 0.5908203125 0.9873046875 0.056640625 0.021484375
