1 0.185546875 0.0712890625 0.03125 0.048828125
1 0.1494140625 0.0927734375 0.029296875 0.041015625
1 0.19140625 0.107421875 0.03515625 0.046875
1 0.1181640625 0.107421875 0.021484375 0.03515625
1 0.451171875 0.1396484375 0.09765625 0.083984375
1 0.1533203125 0.1298828125 0.029296875 0.037109375
1 0.1201171875 0.1416015625 0.025390625 0.033203125
1 0.19140625 0.146484375 0.03515625 0.0390625
1 0.359375 0.16796875 0.07421875 0.07421875
1 0.1552734375 0.16796875 0.025390625 0.0390625
1 0.2861328125 0.1845703125 0.060546875 0.060546875
1 0.1240234375 0.1767578125 0.025390625 0.033203125
1 0.1962890625 0.189453125 0.033203125 0.03515625
1 0.451171875 0.212890625 0.09765625 0.0703125
1 0.158203125 0.203125 0.02734375 0.03515625
1 0.1279296875 0.212890625 0.017578125 0.03125
1 0.357421875 0.2314453125 0.0703125 0.060546875
1 0.2880859375 0.2373046875 0.056640625 0.048828125
1 0.4541015625 0.2783203125 0.091796875 0.060546875
1 0.3603515625 0.2890625 0.072265625 0.05078125
1 0.201171875 0.283203125 0.015625 0.0390625
1 0.181640625 0.2861328125 0.01171875 0.041015625
1 0.1669921875 0.287109375 0.009765625 0.03515625
1 0.2880859375 0.2978515625 0.056640625 0.044921875
1 0.1494140625 0.291015625 0.009765625 0.03515625
1 0.095703125 0.2998046875 0.00390625 0.021484375
1 0.220703125 0.328125 0.01171875 0.03125
1 0.162109375 0.333984375 0.01171875 0.02734375
1 0.1796875 0.3359375 0.01171875 0.02734375
1 0.19921875 0.3330078125 0.01171875 0.029296875
1 0.44921875 0.34375 0.09375 0.0546875
1 0.361328125 0.349609375 0.0703125 0.04296875
1 0.1064453125 0.333984375 0.005859375 0.01171875
1 0.291015625 0.373046875 0.0625 0.08984375
1 0.1162109375 0.37109375 0.009765625 0.01953125
1 0.1513671875 0.375 0.017578125 0.02734375
1 0.193359375 0.3779296875 0.01171875 0.033203125
1 0.2119140625 0.3798828125 0.009765625 0.037109375
1 0.234375 0.37890625 0.01171875 0.03125
1 0.173828125 0.3798828125 0.0078125 0.021484375
1 0.361328125 0.4072265625 0.0703125 0.044921875
1 0.4541015625 0.4130859375 0.091796875 0.056640625
1 0.09765625 0.4111328125 0.0078125 0.025390625
1 0.111328125 0.4111328125 0.0078125 0.025390625
1 0.123046875 0.4130859375 0.00390625 0.025390625
1 0.138671875 0.416015625 0.0078125 0.0234375
1 0.150390625 0.4169921875 0.00390625 0.017578125
1 0.203125 0.419921875 0.01171875 0.03515625
1 0.169921875 0.421875 0.0078125 0.0234375
1 0.185546875 0.4248046875 0.01171875 0.033203125
1 0.22265625 0.427734375 0.015625 0.0390625
1 0.2431640625 0.4296875 0.013671875 0.04296875
1 0.2958984375 0.447265625 0.052734375 0.04296875
1 0.1220703125 0.44921875 0.009765625 0.0234375
1 0.3671875 0.4638671875 0.0703125 0.044921875
1 0.142578125 0.4580078125 0.0078125 0.021484375
1 0.1640625 0.4609375 0.0078125 0.02734375
1 0.1904296875 0.46484375 0.029296875 0.03125
1 0.4560546875 0.4765625 0.095703125 0.0546875
1 0.2978515625 0.5009765625 0.056640625 0.048828125
1 0.3671875 0.51953125 0.0703125 0.05078125
1 0.146484375 0.505859375 0.0078125 0.015625
1 0.193359375 0.5048828125 0.0078125 0.021484375
1 0.173828125 0.5107421875 0.0078125 0.021484375
1 0.2099609375 0.517578125 0.009765625 0.02734375
1 0.244140625 0.515625 0.01171875 0.03125
1 0.4541015625 0.5361328125 0.091796875 0.060546875
1 0.2978515625 0.546875 0.056640625 0.046875
1 0.169921875 0.544921875 0.0078125 0.01953125
1 0.1923828125 0.546875 0.005859375 0.0234375
1 0.3671875 0.5703125 0.0703125 0.05859375
1 0.224609375 0.564453125 0.01171875 0.03515625
1 0.4521484375 0.5966796875 0.087890625 0.068359375
1 0.1962890625 0.623046875 0.009765625 0.01953125
1 0.2265625 0.63671875 0.01171875 0.03125
1 0.19140625 0.6572265625 0.0078125 0.013671875
1 0.20703125 0.6640625 0.01171875 0.0234375
1 0.22265625 0.673828125 0.0078125 0.02734375
1 0.3046875 0.6904296875 0.015625 0.048828125
1 0.236328125 0.703125 0.015625 0.0625
1 0.18359375 0.685546875 0.0078125 0.015625
1 0.201171875 0.7001953125 0.0078125 0.025390625
1 0.3271484375 0.7119140625 0.017578125 0.044921875
1 0.216796875 0.7119140625 0.01171875 0.025390625
1 0.3798828125 0.7314453125 0.060546875 0.060546875
1 0.25390625 0.7255859375 0.0078125 0.021484375
1 0.296875 0.73046875 0.01171875 0.0234375
1 0.1953125 0.7373046875 0.0078125 0.021484375
1 0.3232421875 0.751953125 0.021484375 0.03125
1 0.1845703125 0.759765625 0.021484375 0.02734375
1 0.228515625 0.7578125 0.0078125 0.01953125
1 0.29296875 0.7646484375 0.01171875 0.033203125
1 0.3515625 0.7744140625 0.01953125 0.044921875
1 0.2470703125 0.7646484375 0.005859375 0.013671875
1 0.265625 0.771484375 0.01171875 0.02734375
1 0.3134765625 0.783203125 0.017578125 0.0390625
1 0.3818359375 0.7890625 0.021484375 0.05078125
1 0.419921875 0.8037109375 0.02734375 0.044921875
1 0.2421875 0.80078125 0.01171875 0.02734375
1 0.337890625 0.8125 0.01953125 0.05078125
1 0.294921875 0.82421875 0.03515625 0.0546875
1 0.26171875 0.81640625 0.01171875 0.03125
1 0.21875 0.8271484375 0.0078125 0.021484375
1 0.330078125 0.8515625 0.015625 0.0390625
1 0.4248046875 0.861328125 0.060546875 0.06640625
1 0.2548828125 0.8603515625 0.017578125 0.041015625
1 0.357421875 0.8701171875 0.0234375 0.048828125
1 0.23046875 0.86328125 0.01171875 0.02734375
1 0.2919921875 0.8720703125 0.021484375 0.044921875
1 0.3857421875 0.888671875 0.025390625 0.03515625
1 0.4189453125 0.90625 0.021484375 0.03125
1 0.447265625 0.9189453125 0.015625 0.009765625
