0 0.3134765625 0.1318359375 0.025390625 0.048828125
0 0.3857421875 0.1884765625 0.044921875 0.080078125
0 0.330078125 0.228515625 0.046875 0.09765625
0 0.3740234375 0.291015625 0.044921875 0.08203125
0 0.6669921875 0.3310546875 0.060546875 0.103515625
0 0.732421875 0.3310546875 0.05859375 0.103515625
0 0.2099609375 0.3193359375 0.025390625 0.056640625
0 0.2587890625 0.3408203125 0.052734375 0.091796875
0 0.16796875 0.3291015625 0.02734375 0.052734375
0 0.1015625 0.40625 0.078125 0.140625
0 0.6279296875 0.4140625 0.060546875 0.1015625
0 0.912109375 0.44140625 0.0859375 0.1328125
0 0.765625 0.4287109375 0.05859375 0.095703125
0 0.6962890625 0.4384765625 0.060546875 0.099609375
0 0.177734375 0.4755859375 0.0859375 0.138671875
0 0.2734375 0.474609375 0.0546875 0.1015625
0 0.9921875 0.509765625 0.01171875 0.07421875
0 0.6611328125 0.5263671875 0.060546875 0.099609375
0 0.7275390625 0.5322265625 0.060546875 0.095703125
0 0.140625 0.578125 0.078125 0.13671875
0 0.23046875 0.6171875 0.0859375 0.14453125
0 0.9599609375 0.6142578125 0.076171875 0.138671875
0 0.87109375 0.6259765625 0.08203125 0.138671875
0 0.650390625 0.6474609375 0.046875 0.083984375
0 0.544921875 0.6533203125 0.05078125 0.083984375
0 0.59765625 0.6533203125 0.04296875 0.083984375
0 0.7509765625 0.7119140625 0.142578125 0.134765625
0 0.025390625 0.734375 0.04296875 0.13671875
0 0.59765625 0.7412109375 0.04296875 0.064453125
0 0.541015625 0.7685546875 0.05078125 0.095703125
0 0.650390625 0.7744140625 0.046875 0.083984375
0 0.8251953125 0.8203125 0.037109375 0.11328125
0 0.166015625 0.84765625 0.08984375 0.14453125
0 0.06640625 0.85546875 0.08984375 0.1484375
0 0.59765625 0.8291015625 0.04296875 0.083984375
0 0.7802734375 0.84375 0.044921875 0.11328125
0 0.9365234375 0.8662109375 0.083984375 0.130859375
0 0.716796875 0.84765625 0.06640625 0.0703125
0 0.2451171875 0.845703125 0.033203125 0.0546875
0 0.544921875 0.87109375 0.05078125 0.0703125
0 0.6494140625 0.87109375 0.048828125 0.0703125
0 0.8701171875 0.90234375 0.041015625 0.046875
0 0.2724609375 0.9052734375 0.033203125 0.041015625
0 0.5966796875 0.9111328125 0.041015625 0.041015625
0 0.822265625 0.9111328125 0.04296875 0.041015625
