0 0.125 0.091796875 0.125 0.18359375
0 0.4296875 0.1025390625 0.16796875 0.193359375
0 0.046875 0.2685546875 0.09375 0.208984375
0 0.4873046875 0.3271484375 0.197265625 0.306640625
0 0.16796875 0.2890625 0.125 0.23046875
0 0.3125 0.302734375 0.15234375 0.25
0 0.0166015625 0.455078125 0.029296875 0.1640625
0 0.0927734375 0.48828125 0.115234375 0.2109375
0 0.216796875 0.5185546875 0.1015625 0.224609375
0 0.32421875 0.5888671875 0.1796875 0.287109375
0 0.037109375 0.6591796875 0.07421875 0.212890625
0 0.14453125 0.7080078125 0.1171875 0.224609375
0 0.28125 0.7783203125 0.140625 0.224609375
0 0.4521484375 0.845703125 0.181640625 0.26953125
0 0.0498046875 0.890625 0.099609375 0.2109375
0 0.1865234375 0.919921875 0.126953125 0.15625
0 0.3427734375 0.951171875 0.142578125 0.09375
