0 0.1171875 0.078125 0.19921875 0.15625
0 0.328125 0.0810546875 0.1953125 0.162109375
0 0.52734375 0.08203125 0.18359375 0.1640625
0 0.7265625 0.0810546875 0.18359375 0.162109375
0 0.9189453125 0.083984375 0.158203125 0.16796875
0 0.0537109375 0.2705078125 0.107421875 0.263671875
0 0.22265625 0.2685546875 0.19140625 0.255859375
0 0.423828125 0.2734375 0.1875 0.25390625
0 0.8291015625 0.2724609375 0.185546875 0.251953125
0 0.6279296875 0.275390625 0.189453125 0.25390625
0 0.966796875 0.2744140625 0.0625 0.232421875
0 0.322265625 0.5009765625 0.1875 0.251953125
0 0.9140625 0.5009765625 0.16796875 0.248046875
0 0.1240234375 0.5029296875 0.189453125 0.251953125
0 0.5302734375 0.5048828125 0.181640625 0.248046875
0 0.7294921875 0.5029296875 0.189453125 0.240234375
0 0.0625 0.732421875 0.125 0.25390625
0 0.828125 0.73046875 0.18359375 0.25390625
0 0.6298828125 0.7333984375 0.185546875 0.244140625
0 0.228515625 0.734375 0.1796875 0.24609375
0 0.4287109375 0.732421875 0.185546875 0.2421875
0 0.966796875 0.734375 0.0625 0.23046875
0 0.1357421875 0.9130859375 0.181640625 0.169921875
0 0.328125 0.916015625 0.1875 0.1640625
0 0.52734375 0.9169921875 0.18359375 0.162109375
0 0.7294921875 0.9208984375 0.189453125 0.154296875
0 0.9169921875 0.9208984375 0.162109375 0.154296875
