1 0.107421875 0.02734375 0.0703125 0.0390625
1 0.1923828125 0.0634765625 0.064453125 0.033203125
1 0.1025390625 0.068359375 0.060546875 0.03515625
1 0.259765625 0.0869140625 0.0546875 0.037109375
1 0.08984375 0.0947265625 0.03515625 0.021484375
1 0.181640625 0.099609375 0.0546875 0.03515625
1 0.3212890625 0.103515625 0.044921875 0.02734375
1 0.1513671875 0.1201171875 0.064453125 0.041015625
1 0.2490234375 0.1181640625 0.052734375 0.029296875
1 0.3828125 0.1220703125 0.04296875 0.029296875
1 0.3134765625 0.1376953125 0.048828125 0.021484375
1 0.244140625 0.1533203125 0.0625 0.037109375
1 0.369140625 0.1513671875 0.046875 0.025390625
1 0.1513671875 0.1650390625 0.064453125 0.037109375
1 0.31640625 0.1708984375 0.0625 0.033203125
1 0.4208984375 0.1708984375 0.037109375 0.025390625
1 0.4775390625 0.1826171875 0.037109375 0.025390625
1 0.388671875 0.193359375 0.0546875 0.03515625
1 0.2392578125 0.1953125 0.064453125 0.03125
1 0.1513671875 0.2060546875 0.064453125 0.037109375
1 0.5244140625 0.2001953125 0.037109375 0.021484375
1 0.314453125 0.2099609375 0.0625 0.033203125
1 0.4521484375 0.2099609375 0.048828125 0.033203125
1 0.5869140625 0.2216796875 0.068359375 0.033203125
1 0.51171875 0.2265625 0.04296875 0.03125
1 0.236328125 0.23046875 0.0703125 0.03515625
1 0.3828125 0.2294921875 0.0546875 0.033203125
1 0.6455078125 0.236328125 0.033203125 0.0234375
1 0.1484375 0.2470703125 0.0703125 0.037109375
1 0.470703125 0.2529296875 0.10546875 0.044921875
1 0.3115234375 0.25 0.064453125 0.03515625
1 0.5634765625 0.244140625 0.044921875 0.0234375
1 0.6845703125 0.2421875 0.029296875 0.01953125
1 0.71875 0.2421875 0.0234375 0.01953125
1 0.7490234375 0.2451171875 0.025390625 0.017578125
1 0.779296875 0.248046875 0.0234375 0.015625
1 0.810546875 0.25 0.0234375 0.01171875
1 0.6103515625 0.2578125 0.033203125 0.01953125
1 0.8388671875 0.25390625 0.017578125 0.01171875
1 0.8681640625 0.25390625 0.021484375 0.01171875
1 0.8955078125 0.2548828125 0.017578125 0.013671875
1 0.9248046875 0.255859375 0.013671875 0.015625
1 0.3759765625 0.265625 0.048828125 0.02734375
1 0.23046875 0.2890625 0.0703125 0.0703125
1 0.9501953125 0.259765625 0.013671875 0.015625
1 0.7138671875 0.2626953125 0.021484375 0.009765625
1 0.74609375 0.2646484375 0.02734375 0.013671875
1 0.5478515625 0.2744140625 0.033203125 0.025390625
1 0.6435546875 0.2724609375 0.029296875 0.021484375
1 0.7744140625 0.2666015625 0.013671875 0.009765625
1 0.4365234375 0.2802734375 0.048828125 0.029296875
1 0.837890625 0.2705078125 0.015625 0.009765625
1 0.8076171875 0.271484375 0.017578125 0.0078125
1 0.1455078125 0.2900390625 0.072265625 0.033203125
1 0.6923828125 0.2802734375 0.033203125 0.021484375
1 0.8779296875 0.2744140625 0.044921875 0.009765625
1 0.9189453125 0.2744140625 0.013671875 0.009765625
1 0.30859375 0.2900390625 0.05859375 0.033203125
1 0.6025390625 0.2861328125 0.037109375 0.025390625
1 0.498046875 0.2939453125 0.046875 0.033203125
1 0.736328125 0.2880859375 0.02734375 0.021484375
1 0.77734375 0.2900390625 0.02734375 0.017578125
1 0.80859375 0.2900390625 0.015625 0.017578125
1 0.8515625 0.2919921875 0.0234375 0.021484375
1 0.3720703125 0.3017578125 0.052734375 0.033203125
1 0.8798828125 0.2939453125 0.017578125 0.017578125
1 0.6435546875 0.3017578125 0.037109375 0.025390625
1 0.9169921875 0.2958984375 0.017578125 0.013671875
1 0.9443359375 0.2978515625 0.021484375 0.017578125
1 0.96875 0.2958984375 0.0078125 0.013671875
1 0.984375 0.2958984375 0.0078125 0.013671875
1 0.552734375 0.3076171875 0.04296875 0.029296875
1 0.6845703125 0.3076171875 0.029296875 0.021484375
1 0.4375 0.3154296875 0.046875 0.029296875
1 0.6025390625 0.3173828125 0.037109375 0.025390625
1 0.7265625 0.3154296875 0.02734375 0.021484375
1 0.0859375 0.3232421875 0.05859375 0.029296875
1 0.302734375 0.3251953125 0.05859375 0.033203125
1 0.763671875 0.3173828125 0.0234375 0.017578125
1 0.8056640625 0.3173828125 0.021484375 0.017578125
1 0.8466796875 0.3173828125 0.021484375 0.017578125
1 0.49609375 0.3271484375 0.04296875 0.029296875
1 0.8759765625 0.3193359375 0.017578125 0.013671875
1 0.90625 0.3212890625 0.015625 0.017578125
1 0.9345703125 0.3212890625 0.013671875 0.017578125
1 0.962890625 0.3193359375 0.015625 0.013671875
1 0.98046875 0.3193359375 0.01171875 0.013671875
1 0.6435546875 0.3310546875 0.033203125 0.021484375
1 0.1640625 0.3388671875 0.05859375 0.029296875
1 0.3681640625 0.3369140625 0.052734375 0.025390625
1 0.548828125 0.3369140625 0.04296875 0.025390625
1 0.681640625 0.3388671875 0.0234375 0.021484375
1 0.7265625 0.3427734375 0.02734375 0.021484375
1 0.978515625 0.3408203125 0.015625 0.017578125
1 0.23046875 0.3525390625 0.05859375 0.033203125
1 0.43359375 0.349609375 0.04296875 0.02734375
1 0.7587890625 0.3564453125 0.033203125 0.041015625
1 0.802734375 0.3447265625 0.02734375 0.017578125
1 0.8388671875 0.3447265625 0.017578125 0.017578125
1 0.8681640625 0.3447265625 0.021484375 0.017578125
1 0.8955078125 0.3427734375 0.017578125 0.013671875
1 0.921875 0.345703125 0.01171875 0.015625
1 0.947265625 0.3427734375 0.015625 0.013671875
1 0.5947265625 0.3505859375 0.033203125 0.021484375
1 0.0859375 0.3583984375 0.05859375 0.029296875
1 0.490234375 0.3603515625 0.04296875 0.025390625
1 0.294921875 0.3623046875 0.0546875 0.021484375
1 0.6318359375 0.3623046875 0.029296875 0.021484375
1 0.9482421875 0.3642578125 0.017578125 0.017578125
1 0.9736328125 0.36328125 0.017578125 0.01171875
1 0.994140625 0.3623046875 0.0078125 0.013671875
1 0.357421875 0.3740234375 0.04296875 0.021484375
1 0.5615234375 0.3740234375 0.080078125 0.029296875
1 0.720703125 0.3681640625 0.02734375 0.017578125
1 0.79296875 0.3681640625 0.02734375 0.017578125
1 0.8623046875 0.3681640625 0.021484375 0.017578125
1 0.8935546875 0.369140625 0.021484375 0.015625
1 0.919921875 0.3662109375 0.01171875 0.013671875
1 0.1611328125 0.3759765625 0.052734375 0.025390625
1 0.8271484375 0.3701171875 0.025390625 0.013671875
1 0.40625 0.3818359375 0.0390625 0.021484375
1 0.2333984375 0.3857421875 0.052734375 0.021484375
1 0.455078125 0.3896484375 0.03515625 0.021484375
1 0.623046875 0.3984375 0.0390625 0.0390625
1 0.662109375 0.3916015625 0.03125 0.025390625
1 0.9482421875 0.3857421875 0.017578125 0.013671875
1 0.9755859375 0.3857421875 0.013671875 0.013671875
1 0.091796875 0.3974609375 0.05859375 0.029296875
1 0.2958984375 0.3935546875 0.044921875 0.021484375
1 0.791015625 0.3916015625 0.0234375 0.017578125
1 0.8203125 0.3916015625 0.0234375 0.017578125
1 0.85546875 0.3896484375 0.02734375 0.013671875
1 0.890625 0.3896484375 0.01953125 0.013671875
1 0.919921875 0.3896484375 0.01953125 0.013671875
1 0.4990234375 0.3955078125 0.029296875 0.017578125
1 0.70703125 0.3955078125 0.03125 0.017578125
1 0.7490234375 0.3955078125 0.033203125 0.017578125
1 0.1640625 0.4052734375 0.05859375 0.025390625
1 0.3505859375 0.40234375 0.041015625 0.0234375
1 0.5361328125 0.4033203125 0.029296875 0.017578125
1 0.40234375 0.408203125 0.04296875 0.01953125
1 0.5791015625 0.40625 0.033203125 0.015625
1 0.236328125 0.4140625 0.05078125 0.0234375
1 0.455078125 0.4140625 0.03515625 0.015625
1 0.6533203125 0.4140625 0.029296875 0.0078125
1 0.689453125 0.412109375 0.02734375 0.00390625
1 0.72265625 0.412109375 0.0234375 0.00390625
1 0.890625 0.416015625 0.0390625 0.01171875
1 0.9287109375 0.4140625 0.013671875 0.0078125
1 0.2978515625 0.423828125 0.048828125 0.01953125
1 0.49609375 0.421875 0.03515625 0.015625
1 0.84765625 0.419921875 0.0234375 0.01171875
1 0.0966796875 0.4287109375 0.060546875 0.025390625
1 0.75390625 0.4228515625 0.0234375 0.013671875
1 0.7900390625 0.4228515625 0.021484375 0.013671875
1 0.818359375 0.4228515625 0.01953125 0.013671875
1 0.537109375 0.4287109375 0.03125 0.017578125
1 0.3525390625 0.4306640625 0.044921875 0.021484375
1 0.6875 0.427734375 0.0234375 0.015625
1 0.72265625 0.4267578125 0.0234375 0.013671875
1 0.171875 0.4384765625 0.0546875 0.029296875
1 0.5771484375 0.4326171875 0.029296875 0.017578125
1 0.6181640625 0.4287109375 0.029296875 0.009765625
1 0.6533203125 0.4306640625 0.029296875 0.013671875
1 0.9248046875 0.4404296875 0.021484375 0.033203125
1 0.4052734375 0.4365234375 0.037109375 0.017578125
1 0.9013671875 0.4345703125 0.017578125 0.013671875
1 0.8759765625 0.435546875 0.017578125 0.01171875
1 0.4501953125 0.4423828125 0.033203125 0.021484375
1 0.83984375 0.4384765625 0.01953125 0.013671875
1 0.23828125 0.4462890625 0.0546875 0.021484375
1 0.75390625 0.4453125 0.0234375 0.015625
1 0.8115234375 0.4423828125 0.013671875 0.013671875
1 0.490234375 0.4482421875 0.03125 0.017578125
1 0.720703125 0.4482421875 0.01953125 0.017578125
1 0.7880859375 0.4443359375 0.017578125 0.009765625
1 0.2978515625 0.4541015625 0.048828125 0.021484375
1 0.53515625 0.4501953125 0.02734375 0.013671875
1 0.6865234375 0.4501953125 0.033203125 0.013671875
1 0.3515625 0.4580078125 0.04296875 0.021484375
1 0.4013671875 0.4619140625 0.037109375 0.021484375
1 0.5751953125 0.4541015625 0.025390625 0.013671875
1 0.611328125 0.4560546875 0.02734375 0.017578125
1 0.6484375 0.4541015625 0.02734375 0.013671875
1 0.8984375 0.4541015625 0.01171875 0.013671875
1 0.099609375 0.4619140625 0.0625 0.021484375
1 0.8369140625 0.4580078125 0.013671875 0.013671875
1 0.8701171875 0.45703125 0.017578125 0.0078125
1 0.8076171875 0.4619140625 0.017578125 0.013671875
1 0.1728515625 0.4736328125 0.056640625 0.029296875
1 0.4482421875 0.4677734375 0.037109375 0.017578125
1 0.7490234375 0.4658203125 0.021484375 0.013671875
1 0.77734375 0.4658203125 0.01953125 0.013671875
1 0.2392578125 0.4775390625 0.052734375 0.029296875
1 0.494140625 0.4716796875 0.02734375 0.017578125
1 0.7001953125 0.4716796875 0.056640625 0.017578125
1 0.9208984375 0.4697265625 0.017578125 0.013671875
1 0.53515625 0.4775390625 0.02734375 0.017578125
1 0.8955078125 0.4736328125 0.017578125 0.013671875
1 0.2978515625 0.4833984375 0.048828125 0.025390625
1 0.5712890625 0.4794921875 0.025390625 0.017578125
1 0.61328125 0.4794921875 0.02734375 0.017578125
1 0.6513671875 0.4775390625 0.021484375 0.013671875
1 0.8369140625 0.4775390625 0.013671875 0.013671875
1 0.8642578125 0.4755859375 0.017578125 0.009765625
1 0.3515625 0.4853515625 0.04296875 0.021484375
1 0.806640625 0.4814453125 0.015625 0.013671875
1 0.4013671875 0.4892578125 0.037109375 0.021484375
1 0.77734375 0.484375 0.015625 0.01171875
1 0.7490234375 0.4873046875 0.021484375 0.009765625
1 0.4482421875 0.4951171875 0.037109375 0.017578125
1 0.7177734375 0.4931640625 0.021484375 0.013671875
1 0.4873046875 0.4990234375 0.033203125 0.017578125
1 0.6484375 0.4970703125 0.02734375 0.013671875
1 0.6826171875 0.4951171875 0.021484375 0.009765625
1 0.5322265625 0.5009765625 0.033203125 0.013671875
1 0.5703125 0.5029296875 0.02734375 0.017578125
1 0.607421875 0.5009765625 0.02734375 0.013671875
1 0.5400390625 0.6474609375 0.005859375 0.013671875
1 0.4833984375 0.65234375 0.017578125 0.015625
1 0.326171875 0.6611328125 0.0234375 0.017578125
1 0.30078125 0.6728515625 0.0234375 0.017578125
1 0.3671875 0.6728515625 0.01171875 0.017578125
1 0.4345703125 0.6708984375 0.013671875 0.013671875
1 0.404296875 0.6728515625 0.01171875 0.009765625
1 0.4794921875 0.6728515625 0.009765625 0.009765625
1 0.44921875 0.681640625 0.01171875 0.015625
1 0.224609375 0.68359375 0.01953125 0.015625
1 0.3447265625 0.6806640625 0.017578125 0.009765625
1 0.318359375 0.6865234375 0.015625 0.013671875
1 0.2568359375 0.6953125 0.025390625 0.015625
1 0.2880859375 0.6982421875 0.017578125 0.013671875
1 0.357421875 0.6982421875 0.01171875 0.013671875
1 0.4111328125 0.7080078125 0.017578125 0.017578125
1 0.1845703125 0.7158203125 0.017578125 0.017578125
1 0.3876953125 0.7138671875 0.013671875 0.013671875
1 0.2314453125 0.7197265625 0.017578125 0.017578125
1 0.25390625 0.71875 0.01171875 0.015625
1 0.150390625 0.724609375 0.0234375 0.01953125
1 0.130859375 0.7412109375 0.0234375 0.017578125
1 0.27734375 0.7451171875 0.01953125 0.009765625
1 0.3984375 0.744140625 0.01171875 0.01171875
1 0.23046875 0.75 0.01953125 0.015625
1 0.3212890625 0.74609375 0.013671875 0.0078125
1 0.341796875 0.74609375 0.01171875 0.0078125
1 0.1474609375 0.7607421875 0.021484375 0.017578125
1 0.197265625 0.7607421875 0.0234375 0.017578125
1 0.296875 0.7587890625 0.015625 0.013671875
1 0.404296875 0.7666015625 0.01171875 0.013671875
1 0.35546875 0.763671875 0.0078125 0.0078125
1 0.26953125 0.7763671875 0.03515625 0.029296875
1 0.11328125 0.7744140625 0.02734375 0.021484375
1 0.220703125 0.7802734375 0.01953125 0.017578125
1 0.328125 0.7802734375 0.015625 0.009765625
1 0.3828125 0.7802734375 0.01171875 0.009765625
1 0.1875 0.7890625 0.0234375 0.015625
1 0.3544921875 0.7841796875 0.017578125 0.009765625
1 0.1376953125 0.7939453125 0.025390625 0.021484375
1 0.0859375 0.7998046875 0.0234375 0.025390625
1 0.302734375 0.7939453125 0.015625 0.013671875
1 0.1552734375 0.8037109375 0.021484375 0.017578125
1 0.2509765625 0.7978515625 0.017578125 0.013671875
1 0.2177734375 0.7998046875 0.021484375 0.009765625
1 0.3671875 0.80078125 0.01171875 0.01171875
1 0.3466796875 0.8056640625 0.009765625 0.013671875
1 0.4501953125 0.8056640625 0.013671875 0.013671875
1 0.103515625 0.8134765625 0.0234375 0.021484375
1 0.1748046875 0.8115234375 0.017578125 0.009765625
1 0.3232421875 0.8115234375 0.017578125 0.009765625
1 0.13671875 0.8212890625 0.02734375 0.017578125
1 0.2216796875 0.8173828125 0.009765625 0.013671875
1 0.2880859375 0.81640625 0.017578125 0.01171875
1 0.4052734375 0.8134765625 0.009765625 0.005859375
1 0.619140625 0.8154296875 0.01171875 0.009765625
1 0.376953125 0.8193359375 0.01171875 0.009765625
1 0.2509765625 0.8251953125 0.017578125 0.013671875
1 0.326171875 0.8291015625 0.0234375 0.013671875
1 0.4140625 0.8271484375 0.01171875 0.009765625
1 0.19921875 0.8310546875 0.015625 0.009765625
1 0.302734375 0.83203125 0.015625 0.01171875
1 0.4755859375 0.8310546875 0.009765625 0.009765625
1 0.0703125 0.8369140625 0.0234375 0.013671875
1 0.115234375 0.837890625 0.0234375 0.015625
1 0.169921875 0.8388671875 0.02734375 0.017578125
1 0.22265625 0.8349609375 0.01171875 0.009765625
1 0.263671875 0.8349609375 0.01171875 0.009765625
1 0.5146484375 0.8408203125 0.005859375 0.013671875
1 0.134765625 0.8486328125 0.0234375 0.013671875
1 0.30859375 0.8486328125 0.015625 0.013671875
1 0.3564453125 0.8466796875 0.009765625 0.009765625
1 0.404296875 0.8466796875 0.01171875 0.009765625
1 0.189453125 0.8525390625 0.015625 0.013671875
1 0.2412109375 0.853515625 0.017578125 0.015625
1 0.28125 0.8505859375 0.015625 0.009765625
1 0.455078125 0.8544921875 0.01171875 0.009765625
1 0.0634765625 0.865234375 0.021484375 0.01953125
1 0.1572265625 0.8603515625 0.017578125 0.013671875
1 0.2099609375 0.861328125 0.017578125 0.015625
1 0.4345703125 0.8583984375 0.013671875 0.009765625
1 0.4091796875 0.8642578125 0.013671875 0.013671875
1 0.3388671875 0.8681640625 0.017578125 0.013671875
1 0.10546875 0.8720703125 0.0234375 0.013671875
1 0.173828125 0.8720703125 0.015625 0.013671875
1 0.263671875 0.8701171875 0.01171875 0.009765625
1 0.2900390625 0.8701171875 0.013671875 0.009765625
1 0.3876953125 0.87109375 0.013671875 0.01171875
1 0.1298828125 0.8759765625 0.009765625 0.013671875
1 0.3623046875 0.8759765625 0.013671875 0.013671875
1 0.1484375 0.8818359375 0.0078125 0.009765625
1 0.08984375 0.8876953125 0.0234375 0.013671875
1 0.302734375 0.8876953125 0.015625 0.013671875
1 0.052734375 0.8935546875 0.03125 0.017578125
1 0.19921875 0.8916015625 0.015625 0.013671875
1 0.3212890625 0.8974609375 0.021484375 0.017578125
1 0.111328125 0.8984375 0.01953125 0.01171875
1 0.1640625 0.8994140625 0.01953125 0.013671875
1 0.0673828125 0.912109375 0.021484375 0.015625
1 0.130859375 0.91015625 0.0234375 0.01171875
1 0.185546875 0.91015625 0.01953125 0.01171875
1 0.2314453125 0.91015625 0.017578125 0.01171875
1 0.25390625 0.916015625 0.0234375 0.015625
1 0.2900390625 0.9140625 0.013671875 0.01171875
1 0.0927734375 0.921875 0.025390625 0.01171875
1 0.2021484375 0.923828125 0.021484375 0.015625
1 0.169921875 0.9306640625 0.01953125 0.017578125
1 0.11328125 0.9345703125 0.02734375 0.017578125
1 0.05859375 0.9384765625 0.0234375 0.017578125
1 0.078125 0.9501953125 0.0234375 0.017578125
1 0.130859375 0.94921875 0.0234375 0.015625
1 0.0966796875 0.9599609375 0.029296875 0.013671875
1 0.0576171875 0.9697265625 0.021484375 0.017578125
