0 0.021484375 0.236328125 0.04296875 0.109375
0 0.974609375 0.2392578125 0.046875 0.107421875
0 0.08984375 0.23828125 0.0625 0.09765625
0 0.904296875 0.2412109375 0.07421875 0.107421875
0 0.169921875 0.2392578125 0.0625 0.099609375
0 0.8203125 0.2421875 0.07421875 0.10546875
0 0.2548828125 0.2451171875 0.064453125 0.099609375
0 0.7421875 0.2470703125 0.06640625 0.099609375
0 0.09375 0.3427734375 0.15234375 0.107421875
0 0.8583984375 0.345703125 0.076171875 0.1015625
0 0.9423828125 0.345703125 0.068359375 0.1015625
0 0.2109375 0.3466796875 0.0703125 0.103515625
0 0.291015625 0.3505859375 0.0703125 0.103515625
0 0.7021484375 0.3505859375 0.064453125 0.095703125
0 0.7783203125 0.3505859375 0.068359375 0.095703125
0 0.990234375 0.34765625 0.015625 0.0703125
0 0.0244140625 0.4423828125 0.048828125 0.099609375
0 0.96875 0.4453125 0.05859375 0.10546875
0 0.0908203125 0.4482421875 0.068359375 0.099609375
0 0.89453125 0.4462890625 0.0703125 0.099609375
0 0.251953125 0.4501953125 0.06640625 0.099609375
0 0.66015625 0.4501953125 0.06640625 0.099609375
0 0.7763671875 0.4521484375 0.150390625 0.095703125
0 0.1689453125 0.455078125 0.068359375 0.1015625
0 0.3310546875 0.4521484375 0.068359375 0.095703125
0 0.6923828125 0.5439453125 0.068359375 0.099609375
0 0.0537109375 0.5458984375 0.072265625 0.095703125
0 0.1328125 0.5498046875 0.06640625 0.099609375
0 0.6162109375 0.5478515625 0.072265625 0.099609375
0 0.212890625 0.5517578125 0.06640625 0.103515625
0 0.8134765625 0.55078125 0.146484375 0.09765625
0 0.3740234375 0.5517578125 0.068359375 0.095703125
0 0.931640625 0.5517578125 0.078125 0.099609375
0 0.2919921875 0.552734375 0.068359375 0.09375
0 0.9892578125 0.548828125 0.017578125 0.0859375
0 0.0234375 0.6494140625 0.046875 0.107421875
0 0.8896484375 0.6455078125 0.064453125 0.099609375
0 0.966796875 0.6474609375 0.0625 0.103515625
0 0.7314453125 0.650390625 0.068359375 0.09765625
0 0.8134765625 0.650390625 0.064453125 0.1015625
0 0.09375 0.650390625 0.0703125 0.09765625
0 0.6591796875 0.6494140625 0.068359375 0.095703125
0 0.1708984375 0.6513671875 0.064453125 0.095703125
0 0.2529296875 0.65234375 0.068359375 0.09765625
0 0.4111328125 0.6533203125 0.064453125 0.099609375
0 0.5810546875 0.6513671875 0.068359375 0.095703125
0 0.33203125 0.6552734375 0.07421875 0.095703125
0 0.541015625 0.7470703125 0.0703125 0.099609375
0 0.052734375 0.751953125 0.07421875 0.1015625
0 0.6943359375 0.75 0.064453125 0.09375
0 0.7705078125 0.7470703125 0.068359375 0.091796875
0 0.8505859375 0.748046875 0.072265625 0.09375
0 0.9296875 0.7529296875 0.07421875 0.099609375
0 0.984375 0.7490234375 0.02734375 0.091796875
0 0.291015625 0.7548828125 0.0703125 0.099609375
0 0.6181640625 0.751953125 0.064453125 0.09765625
0 0.1318359375 0.75390625 0.068359375 0.09765625
0 0.4462890625 0.75390625 0.068359375 0.09765625
0 0.369140625 0.7568359375 0.0703125 0.095703125
0 0.2109375 0.7578125 0.06640625 0.09375
0 0.6533203125 0.8466796875 0.068359375 0.099609375
0 0.73046875 0.8466796875 0.0703125 0.103515625
0 0.8896484375 0.8447265625 0.072265625 0.099609375
0 0.025390625 0.8505859375 0.05078125 0.107421875
0 0.5751953125 0.8505859375 0.068359375 0.107421875
0 0.9658203125 0.8466796875 0.064453125 0.099609375
0 0.8095703125 0.8486328125 0.072265625 0.099609375
0 0.0927734375 0.8515625 0.064453125 0.09765625
0 0.412109375 0.8544921875 0.06640625 0.095703125
0 0.1767578125 0.859375 0.072265625 0.09375
0 0.2373046875 0.90625 0.111328125 0.18359375
0 0.333984375 0.861328125 0.06640625 0.09765625
0 0.8486328125 0.9423828125 0.068359375 0.099609375
0 0.61328125 0.947265625 0.06640625 0.1015625
0 0.7705078125 0.9443359375 0.068359375 0.095703125
0 0.9267578125 0.947265625 0.068359375 0.09765625
0 0.689453125 0.9453125 0.0625 0.09375
0 0.986328125 0.947265625 0.0234375 0.08984375
0 0.134765625 0.94921875 0.0703125 0.09765625
0 0.056640625 0.951171875 0.0703125 0.09375
0 0.3759765625 0.9501953125 0.064453125 0.091796875
0 0.2978515625 0.953125 0.064453125 0.08984375
