0 0.5859375 0.091796875 0.07421875 0.16796875
0 0.6640625 0.0859375 0.0625 0.15234375
0 0.7470703125 0.0849609375 0.068359375 0.154296875
0 0.8115234375 0.0830078125 0.048828125 0.138671875
0 0.9580078125 0.08203125 0.052734375 0.14453125
0 0.87109375 0.0830078125 0.0546875 0.130859375
0 0.919921875 0.2265625 0.05859375 0.1328125
0 0.6435546875 0.2490234375 0.072265625 0.162109375
0 0.720703125 0.2451171875 0.0703125 0.158203125
0 0.7998046875 0.240234375 0.060546875 0.1484375
0 0.859375 0.23828125 0.04296875 0.140625
0 0.9072265625 0.376953125 0.060546875 0.14453125
0 0.95703125 0.3662109375 0.0234375 0.126953125
0 0.580078125 0.421875 0.08203125 0.1796875
0 0.7255859375 0.4052734375 0.060546875 0.134765625
0 0.80078125 0.3935546875 0.0546875 0.115234375
0 0.646484375 0.4072265625 0.046875 0.115234375
0 0.8486328125 0.529296875 0.041015625 0.13671875
0 0.9404296875 0.5234375 0.064453125 0.14453125
0 0.806640625 0.5419921875 0.05859375 0.146484375
0 0.63671875 0.5693359375 0.06640625 0.169921875
0 0.7333984375 0.5595703125 0.060546875 0.154296875
0 0.9833984375 0.5615234375 0.029296875 0.138671875
0 0.8798828125 0.677734375 0.056640625 0.1328125
0 0.81640625 0.685546875 0.0546875 0.12890625
0 0.958984375 0.708984375 0.046875 0.140625
0 0.751953125 0.7119140625 0.0546875 0.138671875
0 0.6806640625 0.724609375 0.068359375 0.15625
0 0.5947265625 0.7578125 0.076171875 0.171875
0 0.8544921875 0.828125 0.041015625 0.140625
0 0.796875 0.83984375 0.0625 0.1484375
0 0.9951171875 0.765625 0.001953125 0.0
0 0.986328125 0.837890625 0.01953125 0.12890625
0 0.9404296875 0.865234375 0.052734375 0.14453125
0 0.724609375 0.8740234375 0.0546875 0.146484375
0 0.6650390625 0.9033203125 0.076171875 0.154296875
0 0.8271484375 0.958984375 0.029296875 0.06640625
0 0.7861328125 0.96875 0.052734375 0.046875
0 0.9091796875 0.9716796875 0.052734375 0.052734375
0 0.703125 0.9560546875 0.0 0.001953125
