0 0.1748046875 0.296875 0.056640625 0.19921875
0 0.2333984375 0.3310546875 0.052734375 0.197265625
0 0.30078125 0.3740234375 0.06640625 0.216796875
0 0.4375 0.4853515625 0.078125 0.244140625
0 0.162109375 0.4619140625 0.046875 0.185546875
0 0.21484375 0.5029296875 0.05078125 0.193359375
0 0.5234375 0.552734375 0.0859375 0.25390625
0 0.271484375 0.5537109375 0.05859375 0.201171875
0 0.3388671875 0.59765625 0.052734375 0.21484375
0 0.6240234375 0.6318359375 0.095703125 0.263671875
0 0.408203125 0.654296875 0.07421875 0.21484375
0 0.1953125 0.6650390625 0.05078125 0.169921875
0 0.490234375 0.7353515625 0.07421875 0.248046875
0 0.2587890625 0.7138671875 0.056640625 0.169921875
0 0.32421875 0.767578125 0.06640625 0.1953125
0 0.5810546875 0.822265625 0.083984375 0.25390625
0 0.1708984375 0.869140625 0.048828125 0.2578125
0 0.68359375 0.8916015625 0.1015625 0.212890625
0 0.44921875 0.892578125 0.0703125 0.2109375
0 0.201171875 0.91796875 0.05078125 0.16015625
0 0.5302734375 0.9365234375 0.068359375 0.123046875
0 0.25390625 0.9443359375 0.0546875 0.107421875
0 0.31640625 0.970703125 0.0546875 0.0546875
