1 0.521484375 0.13671875 0.109375 0.2734375
1 0.96484375 0.1318359375 0.06640625 0.263671875
1 0.072265625 0.140625 0.10546875 0.265625
1 0.1865234375 0.134765625 0.103515625 0.25390625
1 0.8623046875 0.13671875 0.107421875 0.2578125
1 0.40625 0.427734375 0.1015625 0.27734375
1 0.5224609375 0.4248046875 0.107421875 0.259765625
1 0.75 0.41796875 0.1015625 0.2578125
1 0.0615234375 0.427734375 0.103515625 0.265625
1 0.1748046875 0.4248046875 0.103515625 0.259765625
1 0.86328125 0.4248046875 0.10546875 0.259765625
1 0.962890625 0.42578125 0.0703125 0.26171875
1 0.2890625 0.431640625 0.10546875 0.2578125
1 0.634765625 0.4326171875 0.1015625 0.255859375
1 0.41015625 0.7099609375 0.10546875 0.279296875
1 0.75390625 0.703125 0.10546875 0.265625
1 0.5244140625 0.7138671875 0.095703125 0.271484375
1 0.8681640625 0.7109375 0.103515625 0.265625
1 0.0634765625 0.720703125 0.103515625 0.2578125
1 0.2958984375 0.7138671875 0.103515625 0.259765625
1 0.63671875 0.716796875 0.1015625 0.265625
1 0.96484375 0.716796875 0.06640625 0.265625
1 0.181640625 0.720703125 0.1015625 0.2578125
1 0.052734375 0.935546875 0.10546875 0.125
1 0.4072265625 0.9345703125 0.099609375 0.126953125
1 0.5224609375 0.931640625 0.099609375 0.1328125
1 0.751953125 0.935546875 0.1015625 0.125
1 0.8681640625 0.935546875 0.103515625 0.125
1 0.173828125 0.935546875 0.10546875 0.125
1 0.29296875 0.935546875 0.1015625 0.125
1 0.6376953125 0.935546875 0.099609375 0.125
1 0.962890625 0.935546875 0.0703125 0.109375
