0 0.7783203125 0.32421875 0.083984375 0.1015625
0 0.0859375 0.3330078125 0.08203125 0.115234375
0 0.1806640625 0.361328125 0.083984375 0.1171875
0 0.88671875 0.3583984375 0.0859375 0.103515625
0 0.97265625 0.3603515625 0.04296875 0.095703125
0 0.716796875 0.427734375 0.078125 0.09375
0 0.0478515625 0.4443359375 0.076171875 0.095703125
0 0.8134765625 0.4462890625 0.083984375 0.095703125
0 0.1474609375 0.458984375 0.080078125 0.10546875
0 0.927734375 0.466796875 0.07421875 0.09375
0 0.2568359375 0.47265625 0.083984375 0.1015625
0 0.36328125 0.482421875 0.08984375 0.10546875
0 0.9873046875 0.486328125 0.021484375 0.0703125
0 0.6689453125 0.51953125 0.064453125 0.0859375
0 0.7548828125 0.53125 0.083984375 0.08984375
0 0.021484375 0.5439453125 0.04296875 0.091796875
0 0.8505859375 0.544921875 0.072265625 0.09375
0 0.0986328125 0.5615234375 0.068359375 0.091796875
0 0.1982421875 0.572265625 0.076171875 0.11328125
0 0.958984375 0.580078125 0.078125 0.09765625
0 0.3037109375 0.6015625 0.080078125 0.10546875
0 0.4111328125 0.6220703125 0.087890625 0.115234375
0 0.705078125 0.6181640625 0.07421875 0.083984375
0 0.7958984375 0.6416015625 0.064453125 0.083984375
0 0.88671875 0.6533203125 0.06640625 0.091796875
0 0.0625 0.66796875 0.07421875 0.1015625
0 0.1591796875 0.66796875 0.072265625 0.09765625
0 0.2529296875 0.6865234375 0.076171875 0.091796875
0 0.9775390625 0.697265625 0.041015625 0.09375
0 0.740234375 0.7216796875 0.078125 0.083984375
0 0.361328125 0.732421875 0.0859375 0.10546875
0 0.8271484375 0.7421875 0.080078125 0.08984375
0 0.916015625 0.74609375 0.0703125 0.0859375
0 0.134765625 0.751953125 0.05859375 0.06640625
0 0.2109375 0.7744140625 0.07421875 0.099609375
0 0.302734375 0.806640625 0.078125 0.08984375
