1 0.6279296875 0.265625 0.091796875 0.1328125
1 0.4951171875 0.2861328125 0.087890625 0.138671875
1 0.689453125 0.3330078125 0.08984375 0.138671875
1 0.939453125 0.291015625 0.06640625 0.05859375
1 0.990234375 0.2958984375 0.015625 0.044921875
1 0.5625 0.35546875 0.08984375 0.15234375
1 0.4560546875 0.40234375 0.095703125 0.15234375
1 0.96875 0.38671875 0.05859375 0.09765625
1 0.357421875 0.40625 0.07421875 0.1171875
1 0.7451171875 0.419921875 0.083984375 0.1328125
1 0.888671875 0.4013671875 0.06640625 0.103515625
1 0.63671875 0.4404296875 0.08984375 0.150390625
1 0.525390625 0.4775390625 0.1015625 0.142578125
1 0.3193359375 0.5068359375 0.099609375 0.146484375
1 0.95703125 0.49609375 0.05859375 0.09765625
1 0.4189453125 0.5205078125 0.087890625 0.134765625
1 0.58984375 0.5400390625 0.08203125 0.138671875
1 0.6982421875 0.5380859375 0.083984375 0.134765625
1 0.794921875 0.5244140625 0.0625 0.107421875
1 0.8701171875 0.5263671875 0.064453125 0.103515625
1 0.486328125 0.5869140625 0.0859375 0.138671875
1 0.2646484375 0.6015625 0.103515625 0.14453125
1 0.072265625 0.62109375 0.1015625 0.1484375
1 0.3662109375 0.6181640625 0.091796875 0.138671875
1 0.935546875 0.6005859375 0.06640625 0.095703125
1 0.986328125 0.59765625 0.0234375 0.08984375
1 0.1728515625 0.650390625 0.095703125 0.13671875
1 0.7919921875 0.642578125 0.064453125 0.09765625
1 0.861328125 0.640625 0.0625 0.1015625
1 0.6328125 0.6650390625 0.06640625 0.107421875
1 0.712890625 0.658203125 0.06640625 0.1015625
1 0.556640625 0.6767578125 0.06640625 0.107421875
1 0.4404296875 0.69140625 0.087890625 0.1171875
1 0.326171875 0.7314453125 0.1015625 0.130859375
1 0.0517578125 0.70703125 0.080078125 0.05859375
1 0.2265625 0.767578125 0.07421875 0.1015625
1 0.037109375 0.8056640625 0.07421875 0.130859375
1 0.1416015625 0.8076171875 0.083984375 0.119140625
1 0.951171875 0.8134765625 0.0625 0.107421875
1 0.9951171875 0.8046875 0.005859375 0.0703125
1 0.87890625 0.826171875 0.0625 0.1015625
1 0.810546875 0.83203125 0.06640625 0.1015625
1 0.7373046875 0.8486328125 0.072265625 0.091796875
1 0.658203125 0.8623046875 0.0625 0.095703125
1 0.5791015625 0.8759765625 0.068359375 0.103515625
1 0.3046875 0.8857421875 0.078125 0.103515625
1 0.5009765625 0.892578125 0.064453125 0.1015625
1 0.048828125 0.9111328125 0.0859375 0.119140625
1 0.419921875 0.8984375 0.0703125 0.1015625
1 0.166015625 0.908203125 0.0859375 0.1015625
1 0.947265625 0.9169921875 0.06640625 0.095703125
1 0.9931640625 0.90625 0.009765625 0.0859375
1 0.8759765625 0.927734375 0.060546875 0.0859375
1 0.802734375 0.9365234375 0.0625 0.091796875
1 0.7265625 0.9462890625 0.0625 0.080078125
1 0.65234375 0.9609375 0.05859375 0.07421875
1 0.576171875 0.9658203125 0.0625 0.064453125
1 0.49609375 0.9716796875 0.06640625 0.041015625
1 0.4169921875 0.9765625 0.064453125 0.0390625
1 0.9423828125 0.9833984375 0.060546875 0.029296875
1 0.8466796875 0.98828125 0.111328125 0.01953125
1 0.7685546875 0.9853515625 0.001953125 0.001953125
1 0.748046875 0.9951171875 0.01953125 0.005859375
