0 0.2734375 0.037109375 0.08984375 0.07421875
0 0.1923828125 0.0234375 0.064453125 0.04296875
0 0.4765625 0.1064453125 0.11328125 0.177734375
0 0.353515625 0.119140625 0.1015625 0.171875
0 0.1826171875 0.115234375 0.056640625 0.125
0 0.6669921875 0.134765625 0.115234375 0.1640625
0 0.23046875 0.14453125 0.0859375 0.1484375
0 0.08984375 0.1865234375 0.05859375 0.103515625
0 0.1533203125 0.2099609375 0.068359375 0.056640625
0 0.5166015625 0.279296875 0.126953125 0.18359375
0 0.4052734375 0.2763671875 0.091796875 0.162109375
0 0.31640625 0.2734375 0.0859375 0.140625
0 0.7119140625 0.30859375 0.150390625 0.19921875
0 0.19140625 0.3466796875 0.09765625 0.251953125
0 0.0302734375 0.306640625 0.052734375 0.1171875
0 0.95703125 0.373046875 0.08203125 0.171875
0 0.267578125 0.40234375 0.0859375 0.1328125
0 0.3662109375 0.4150390625 0.095703125 0.138671875
0 0.6123046875 0.4375 0.115234375 0.16796875
0 0.0869140625 0.419921875 0.064453125 0.125
0 0.4775390625 0.4384765625 0.111328125 0.146484375
0 0.013671875 0.423828125 0.02734375 0.09765625
0 0.798828125 0.482421875 0.1484375 0.1875
0 0.2353515625 0.521484375 0.068359375 0.12109375
0 0.3173828125 0.541015625 0.087890625 0.1328125
0 0.146484375 0.533203125 0.06640625 0.1171875
0 0.0732421875 0.5322265625 0.052734375 0.111328125
0 0.0224609375 0.53125 0.041015625 0.1015625
0 0.42578125 0.55859375 0.08984375 0.140625
0 0.552734375 0.580078125 0.109375 0.1484375
0 0.6845703125 0.60546875 0.123046875 0.16015625
0 0.8662109375 0.6572265625 0.150390625 0.169921875
0 0.2138671875 0.634765625 0.068359375 0.109375
0 0.0595703125 0.6376953125 0.060546875 0.111328125
0 0.138671875 0.640625 0.0625 0.1015625
0 0.296875 0.650390625 0.078125 0.12109375
0 0.40625 0.6611328125 0.07421875 0.107421875
0 0.4892578125 0.7021484375 0.099609375 0.138671875
0 0.6123046875 0.7353515625 0.115234375 0.158203125
0 0.7470703125 0.7822265625 0.134765625 0.169921875
