0 0.8935546875 0.220703125 0.115234375 0.16015625
0 0.984375 0.2490234375 0.02734375 0.107421875
0 0.740234375 0.36328125 0.109375 0.12890625
0 0.947265625 0.392578125 0.1015625 0.1328125
0 0.5078125 0.48828125 0.125 0.1328125
0 0.80078125 0.5068359375 0.10546875 0.119140625
0 0.6611328125 0.51171875 0.115234375 0.12890625
0 0.3447265625 0.5458984375 0.181640625 0.166015625
0 0.404296875 0.630859375 0.125 0.109375
0 0.8544921875 0.62890625 0.068359375 0.0859375
0 0.966796875 0.62890625 0.0625 0.08203125
0 0.2265625 0.6669921875 0.171875 0.142578125
0 0.5849609375 0.662109375 0.123046875 0.12109375
0 0.751953125 0.666015625 0.11328125 0.1171875
0 0.048828125 0.6904296875 0.09765625 0.150390625
0 0.4638671875 0.7490234375 0.103515625 0.103515625
0 0.310546875 0.7626953125 0.140625 0.115234375
0 0.1044921875 0.814453125 0.181640625 0.11328125
0 0.78515625 0.8212890625 0.06640625 0.060546875
0 0.5322265625 0.8291015625 0.076171875 0.060546875
0 0.677734375 0.8369140625 0.078125 0.052734375
