1 0.6484375 0.0234375 0.07421875 0.046875
1 0.736328125 0.033203125 0.0703125 0.06640625
1 0.8251953125 0.0400390625 0.064453125 0.080078125
1 0.923828125 0.0439453125 0.06640625 0.087890625
1 0.98046875 0.0517578125 0.03515625 0.103515625
1 0.6552734375 0.1181640625 0.080078125 0.150390625
1 0.73828125 0.1376953125 0.07421875 0.142578125
1 0.8154296875 0.15625 0.068359375 0.13671875
1 0.912109375 0.1611328125 0.06640625 0.123046875
1 0.978515625 0.1728515625 0.0390625 0.123046875
1 0.646484375 0.3046875 0.078125 0.14453125
1 0.7275390625 0.3154296875 0.072265625 0.134765625
1 0.8046875 0.3251953125 0.0625 0.123046875
1 0.859375 0.3486328125 0.03515625 0.119140625
1 0.9140625 0.3544921875 0.0546875 0.119140625
1 0.974609375 0.365234375 0.046875 0.109375
1 0.646484375 0.4541015625 0.0859375 0.130859375
1 0.7294921875 0.4541015625 0.068359375 0.130859375
1 0.8046875 0.4619140625 0.0625 0.123046875
1 0.86328125 0.478515625 0.03515625 0.11328125
1 0.916015625 0.478515625 0.05859375 0.11328125
1 0.978515625 0.4833984375 0.0390625 0.115234375
1 0.6435546875 0.59375 0.083984375 0.125
1 0.7275390625 0.59375 0.072265625 0.125
1 0.80078125 0.5966796875 0.0625 0.130859375
1 0.861328125 0.6044921875 0.046875 0.115234375
1 0.919921875 0.603515625 0.05078125 0.11328125
1 0.9765625 0.6025390625 0.04296875 0.107421875
1 0.9306640625 0.751953125 0.048828125 0.11328125
1 0.982421875 0.7490234375 0.03125 0.107421875
1 0.6494140625 0.76171875 0.076171875 0.125
1 0.802734375 0.7587890625 0.06640625 0.119140625
1 0.87109375 0.7568359375 0.05859375 0.115234375
1 0.7255859375 0.7646484375 0.060546875 0.119140625
1 0.978515625 0.8642578125 0.0390625 0.107421875
1 0.86328125 0.8779296875 0.05859375 0.115234375
1 0.92578125 0.8720703125 0.0546875 0.103515625
1 0.794921875 0.8857421875 0.06640625 0.119140625
1 0.7138671875 0.8935546875 0.068359375 0.115234375
1 0.634765625 0.90234375 0.0703125 0.12109375
1 0.9765625 0.9619140625 0.04296875 0.072265625
1 0.91796875 0.9677734375 0.0546875 0.060546875
1 0.8525390625 0.97265625 0.056640625 0.05078125
1 0.7861328125 0.9775390625 0.060546875 0.041015625
1 0.712890625 0.9833984375 0.06640625 0.029296875
1 0.630859375 0.986328125 0.0703125 0.0234375
