0 0.0439453125 0.0302734375 0.033203125 0.056640625
0 0.0927734375 0.0654296875 0.033203125 0.068359375
0 0.01171875 0.0576171875 0.0234375 0.033203125
0 0.134765625 0.1181640625 0.0390625 0.076171875
0 0.01171875 0.123046875 0.0234375 0.0625
0 0.08984375 0.1640625 0.03515625 0.0625
0 0.1875 0.1796875 0.04296875 0.078125
0 0.0107421875 0.1845703125 0.021484375 0.021484375
0 0.1376953125 0.22265625 0.037109375 0.0703125
0 0.041015625 0.220703125 0.03125 0.06640625
0 0.2421875 0.23828125 0.046875 0.08203125
0 0.0068359375 0.255859375 0.013671875 0.05859375
0 0.095703125 0.2626953125 0.03515625 0.068359375
0 0.1767578125 0.2861328125 0.037109375 0.076171875
0 0.048828125 0.3125 0.03125 0.0546875
0 0.13671875 0.322265625 0.0390625 0.06640625
0 0.2412109375 0.3447265625 0.044921875 0.076171875
0 0.0107421875 0.34375 0.021484375 0.0625
0 0.0966796875 0.361328125 0.037109375 0.06640625
0 0.19140625 0.38671875 0.0390625 0.0703125
0 0.3125 0.390625 0.046875 0.078125
0 0.0537109375 0.4033203125 0.029296875 0.060546875
0 0.1396484375 0.4189453125 0.033203125 0.060546875
0 0.01171875 0.4326171875 0.0234375 0.056640625
0 0.255859375 0.451171875 0.046875 0.07421875
0 0.0966796875 0.451171875 0.033203125 0.0625
0 0.353515625 0.4814453125 0.05078125 0.076171875
0 0.19140625 0.486328125 0.0390625 0.06640625
0 0.0576171875 0.4892578125 0.025390625 0.052734375
0 0.01171875 0.5146484375 0.0234375 0.056640625
0 0.1435546875 0.5185546875 0.037109375 0.064453125
0 0.3017578125 0.5302734375 0.048828125 0.072265625
0 0.099609375 0.541015625 0.02734375 0.05859375
0 0.2373046875 0.5537109375 0.037109375 0.068359375
0 0.052734375 0.5771484375 0.02734375 0.056640625
0 0.1943359375 0.5830078125 0.033203125 0.068359375
0 0.38671875 0.591796875 0.0546875 0.07421875
0 0.0126953125 0.5908203125 0.025390625 0.044921875
0 0.1455078125 0.615234375 0.033203125 0.05859375
0 0.09375 0.6220703125 0.02734375 0.052734375
0 0.3271484375 0.63671875 0.044921875 0.0703125
0 0.2490234375 0.6494140625 0.041015625 0.068359375
0 0.0478515625 0.6533203125 0.021484375 0.044921875
0 0.0068359375 0.6669921875 0.013671875 0.048828125
0 0.984375 0.65625 0.01171875 0.015625
0 0.1982421875 0.6904296875 0.041015625 0.060546875
0 0.4140625 0.7001953125 0.05078125 0.076171875
0 0.134765625 0.6953125 0.03515625 0.05859375
0 0.095703125 0.7021484375 0.03515625 0.056640625
0 0.96484375 0.6865234375 0.01171875 0.017578125
0 0.0458984375 0.728515625 0.025390625 0.0546875
0 0.94140625 0.71484375 0.01953125 0.01953125
0 0.287109375 0.7412109375 0.046875 0.072265625
0 0.353515625 0.7451171875 0.05078125 0.072265625
0 0.0107421875 0.740234375 0.017578125 0.046875
0 0.9130859375 0.7275390625 0.017578125 0.021484375
0 0.9755859375 0.7236328125 0.013671875 0.013671875
0 0.185546875 0.7626953125 0.03125 0.060546875
0 0.8857421875 0.73828125 0.009765625 0.0078125
0 0.9443359375 0.748046875 0.017578125 0.015625
0 0.13671875 0.7734375 0.03125 0.05859375
0 0.2421875 0.77734375 0.04296875 0.06640625
0 0.916015625 0.7529296875 0.01171875 0.009765625
0 0.98828125 0.7587890625 0.01953125 0.017578125
0 0.09375 0.7783203125 0.03125 0.052734375
0 0.8701171875 0.759765625 0.009765625 0.015625
0 0.828125 0.76171875 0.0078125 0.0078125
0 0.8974609375 0.771484375 0.013671875 0.015625
0 0.4296875 0.8076171875 0.0546875 0.068359375
0 0.9326171875 0.7802734375 0.013671875 0.017578125
0 0.048828125 0.7958984375 0.02734375 0.044921875
0 0.7822265625 0.7783203125 0.005859375 0.005859375
0 0.0087890625 0.80078125 0.017578125 0.0390625
0 0.853515625 0.7841796875 0.0078125 0.009765625
0 0.96875 0.7880859375 0.015625 0.017578125
0 0.8095703125 0.7890625 0.005859375 0.01171875
0 0.9951171875 0.7939453125 0.005859375 0.013671875
0 0.8798828125 0.79296875 0.005859375 0.0078125
0 0.33984375 0.8291015625 0.04296875 0.068359375
0 0.767578125 0.798828125 0.0078125 0.0078125
0 0.9140625 0.802734375 0.01171875 0.015625
0 0.8369140625 0.8076171875 0.009765625 0.009765625
0 0.951171875 0.810546875 0.01171875 0.015625
0 0.794921875 0.8095703125 0.0078125 0.009765625
0 0.1806640625 0.837890625 0.029296875 0.0546875
0 0.869140625 0.8154296875 0.0078125 0.009765625
0 0.982421875 0.8203125 0.015625 0.015625
0 0.8984375 0.82421875 0.00390625 0.0078125
0 0.1337890625 0.8525390625 0.033203125 0.056640625
0 0.783203125 0.828125 0.0078125 0.01171875
0 0.0830078125 0.8525390625 0.025390625 0.048828125
0 0.8232421875 0.830078125 0.005859375 0.0078125
0 0.236328125 0.8603515625 0.03515625 0.064453125
0 0.8515625 0.8369140625 0.01171875 0.009765625
0 0.294921875 0.8681640625 0.04296875 0.068359375
0 0.927734375 0.8388671875 0.0078125 0.009765625
0 0.0439453125 0.8623046875 0.021484375 0.048828125
0 0.96484375 0.8466796875 0.015625 0.017578125
0 0.8056640625 0.8486328125 0.005859375 0.009765625
0 0.8837890625 0.849609375 0.005859375 0.01171875
0 0.009765625 0.87109375 0.01953125 0.0390625
0 0.9931640625 0.8564453125 0.009765625 0.013671875
0 0.9111328125 0.859375 0.009765625 0.01171875
0 0.837890625 0.8603515625 0.0078125 0.009765625
0 0.94921875 0.8671875 0.01171875 0.015625
0 0.8662109375 0.8701171875 0.013671875 0.017578125
0 0.4072265625 0.896484375 0.052734375 0.0625
0 0.8955078125 0.880859375 0.013671875 0.015625
0 0.9755859375 0.880859375 0.017578125 0.015625
0 0.9287109375 0.890625 0.013671875 0.01171875
0 0.1806640625 0.9189453125 0.029296875 0.060546875
0 0.0908203125 0.9208984375 0.025390625 0.052734375
0 0.1318359375 0.9228515625 0.033203125 0.052734375
0 0.357421875 0.93359375 0.046875 0.06640625
0 0.9599609375 0.904296875 0.013671875 0.01171875
0 0.9912109375 0.9130859375 0.013671875 0.013671875
0 0.2392578125 0.9384765625 0.037109375 0.060546875
0 0.056640625 0.9384765625 0.0234375 0.048828125
0 0.296875 0.9560546875 0.046875 0.064453125
0 0.0205078125 0.9482421875 0.021484375 0.037109375
