0 0.107421875 0.0732421875 0.01171875 0.009765625
0 0.1298828125 0.072265625 0.013671875 0.0078125
0 0.17578125 0.07421875 0.01171875 0.0078125
0 0.1982421875 0.07421875 0.009765625 0.0078125
0 0.244140625 0.0751953125 0.01171875 0.009765625
0 0.26953125 0.076171875 0.0078125 0.01171875
0 0.3154296875 0.078125 0.009765625 0.01171875
0 0.3388671875 0.0771484375 0.009765625 0.009765625
0 0.0966796875 0.0927734375 0.009765625 0.009765625
0 0.1201171875 0.09375 0.009765625 0.01171875
0 0.140625 0.0927734375 0.01171875 0.009765625
0 0.1640625 0.09375 0.01171875 0.01171875
0 0.1884765625 0.09375 0.013671875 0.01171875
0 0.212890625 0.0966796875 0.01171875 0.009765625
0 0.2353515625 0.095703125 0.009765625 0.0078125
0 0.2587890625 0.0966796875 0.009765625 0.009765625
0 0.2822265625 0.0966796875 0.009765625 0.009765625
0 0.3056640625 0.0966796875 0.009765625 0.009765625
0 0.3486328125 0.0966796875 0.013671875 0.009765625
0 0.3271484375 0.09765625 0.013671875 0.0078125
0 0.1767578125 0.1123046875 0.009765625 0.009765625
0 0.201171875 0.1123046875 0.01171875 0.009765625
0 0.1103515625 0.115234375 0.009765625 0.01171875
0 0.1337890625 0.115234375 0.009765625 0.01171875
0 0.25 0.1171875 0.01171875 0.01171875
0 0.2705078125 0.1171875 0.009765625 0.01171875
0 0.318359375 0.119140625 0.01171875 0.0078125
0 0.3388671875 0.1201171875 0.009765625 0.009765625
0 0.103515625 0.630859375 0.06640625 0.05859375
0 0.177734375 0.630859375 0.0625 0.05859375
0 0.251953125 0.630859375 0.06640625 0.05859375
0 0.4736328125 0.6259765625 0.056640625 0.048828125
0 0.548828125 0.62890625 0.0546875 0.05078125
0 0.619140625 0.62890625 0.0546875 0.05078125
0 0.8310546875 0.62890625 0.056640625 0.05078125
0 0.9033203125 0.6298828125 0.056640625 0.052734375
0 0.974609375 0.6357421875 0.046875 0.052734375
0 0.2958984375 0.6826171875 0.060546875 0.052734375
0 0.220703125 0.68359375 0.05859375 0.05078125
0 0.4384765625 0.68359375 0.056640625 0.05078125
0 0.509765625 0.68359375 0.0546875 0.05078125
0 0.0732421875 0.6865234375 0.056640625 0.048828125
0 0.146484375 0.6865234375 0.05859375 0.048828125
0 0.580078125 0.6865234375 0.0546875 0.048828125
0 0.6513671875 0.689453125 0.052734375 0.05078125
0 0.791015625 0.689453125 0.0546875 0.05078125
0 0.861328125 0.689453125 0.0546875 0.05078125
0 0.93359375 0.6923828125 0.0546875 0.048828125
0 0.9873046875 0.6953125 0.021484375 0.046875
0 0.3330078125 0.7392578125 0.060546875 0.052734375
0 0.4052734375 0.73828125 0.056640625 0.05078125
0 0.474609375 0.73828125 0.05859375 0.05078125
0 0.54296875 0.7412109375 0.0546875 0.048828125
0 0.1884765625 0.7431640625 0.060546875 0.052734375
0 0.2587890625 0.7421875 0.060546875 0.05078125
0 0.0439453125 0.74609375 0.060546875 0.05078125
0 0.1162109375 0.744140625 0.060546875 0.05078125
0 0.6123046875 0.744140625 0.056640625 0.05078125
0 0.681640625 0.74609375 0.0546875 0.05078125
0 0.751953125 0.7451171875 0.0546875 0.048828125
0 0.822265625 0.7451171875 0.0546875 0.048828125
0 0.890625 0.7470703125 0.0546875 0.048828125
0 0.9619140625 0.75 0.052734375 0.046875
0 0.5048828125 0.794921875 0.052734375 0.046875
0 0.158203125 0.798828125 0.0546875 0.05078125
0 0.2294921875 0.7978515625 0.052734375 0.048828125
0 0.4345703125 0.796875 0.052734375 0.046875
0 0.5732421875 0.796875 0.052734375 0.046875
0 0.3056640625 0.7998046875 0.052734375 0.048828125
0 0.646484375 0.7998046875 0.05078125 0.048828125
0 0.84765625 0.7998046875 0.0546875 0.048828125
0 0.91796875 0.7998046875 0.0546875 0.048828125
0 0.0791015625 0.8037109375 0.052734375 0.048828125
0 0.77734375 0.802734375 0.0546875 0.046875
0 0.9794921875 0.8037109375 0.037109375 0.048828125
0 0.126953125 0.8505859375 0.05078125 0.044921875
0 0.1962890625 0.8515625 0.048828125 0.046875
0 0.267578125 0.8505859375 0.05078125 0.044921875
0 0.5341796875 0.8505859375 0.048828125 0.044921875
0 0.603515625 0.8505859375 0.046875 0.044921875
0 0.80859375 0.8515625 0.0546875 0.046875
0 0.8740234375 0.853515625 0.056640625 0.05078125
0 0.94140625 0.8515625 0.0546875 0.046875
0 0.46875 0.8515625 0.046875 0.04296875
