0 0.2236328125 0.0283203125 0.095703125 0.056640625
0 0.34375 0.0380859375 0.140625 0.076171875
0 0.6220703125 0.0146484375 0.048828125 0.029296875
0 0.7509765625 0.0283203125 0.068359375 0.056640625
0 0.8623046875 0.0068359375 0.021484375 0.013671875
0 0.8876953125 0.0205078125 0.033203125 0.041015625
0 0.4814453125 0.05078125 0.115234375 0.0703125
0 0.90625 0.041015625 0.02734375 0.04296875
0 0.8076171875 0.0458984375 0.037109375 0.044921875
0 0.837890625 0.0595703125 0.03515625 0.041015625
0 0.1533203125 0.091796875 0.091796875 0.08203125
0 0.6953125 0.080078125 0.0390625 0.05078125
0 0.2490234375 0.0966796875 0.083984375 0.076171875
0 0.7509765625 0.08984375 0.060546875 0.046875
0 0.9189453125 0.08203125 0.033203125 0.03125
0 0.333984375 0.107421875 0.0703125 0.06640625
0 0.40625 0.1162109375 0.05859375 0.064453125
0 0.8056640625 0.1064453125 0.052734375 0.037109375
0 0.4580078125 0.1181640625 0.048828125 0.060546875
0 0.5146484375 0.1162109375 0.048828125 0.056640625
0 0.85546875 0.1162109375 0.02734375 0.033203125
0 0.6689453125 0.1337890625 0.072265625 0.044921875
0 0.8779296875 0.1220703125 0.021484375 0.033203125
0 0.90234375 0.125 0.015625 0.0234375
0 0.75 0.1416015625 0.07421875 0.044921875
0 0.0966796875 0.171875 0.087890625 0.08203125
0 0.8125 0.1552734375 0.02734375 0.041015625
0 0.2001953125 0.1748046875 0.080078125 0.072265625
0 0.2822265625 0.1748046875 0.068359375 0.072265625
0 0.3603515625 0.236328125 0.169921875 0.1875
0 0.8447265625 0.16796875 0.025390625 0.03125
0 0.52734375 0.1650390625 0.03125 0.029296875
0 0.869140625 0.1689453125 0.01953125 0.029296875
0 0.890625 0.1640625 0.015625 0.02734375
0 0.9140625 0.1630859375 0.0234375 0.025390625
0 0.48046875 0.1669921875 0.04296875 0.025390625
0 0.6318359375 0.1708984375 0.072265625 0.025390625
0 0.6865234375 0.1748046875 0.021484375 0.025390625
0 0.75390625 0.1806640625 0.0234375 0.021484375
0 0.7236328125 0.1806640625 0.021484375 0.013671875
0 0.7861328125 0.1826171875 0.025390625 0.017578125
0 0.15625 0.2734375 0.1171875 0.12109375
0 0.228515625 0.2421875 0.07421875 0.05859375
0 0.5244140625 0.32421875 0.150390625 0.16015625
0 0.279296875 0.3447265625 0.10546875 0.119140625
0 0.69921875 0.3984375 0.203125 0.1796875
0 0.21484375 0.390625 0.08984375 0.1484375
0 0.4033203125 0.4072265625 0.126953125 0.130859375
0 0.5517578125 0.482421875 0.142578125 0.13671875
0 0.318359375 0.4775390625 0.08984375 0.107421875
0 0.24609375 0.5302734375 0.08984375 0.095703125
0 0.431640625 0.54296875 0.12109375 0.11328125
0 0.7236328125 0.57421875 0.197265625 0.15234375
0 0.3466796875 0.59375 0.095703125 0.10546875
0 0.5732421875 0.62890625 0.146484375 0.12890625
0 0.27734375 0.6337890625 0.0703125 0.087890625
0 0.4609375 0.6728515625 0.125 0.111328125
0 0.74609375 0.72265625 0.18359375 0.140625
0 0.373046875 0.7109375 0.10546875 0.09375
0 0.6025390625 0.76953125 0.142578125 0.125
0 0.4912109375 0.79296875 0.115234375 0.1015625
