0 0.4990234375 0.4599609375 0.123046875 0.123046875
0 0.63671875 0.458984375 0.12890625 0.12109375
0 0.3623046875 0.4638671875 0.130859375 0.119140625
0 0.7099609375 0.572265625 0.123046875 0.1171875
0 0.5703125 0.5693359375 0.125 0.107421875
0 0.2978515625 0.57421875 0.119140625 0.11328125
0 0.4306640625 0.576171875 0.126953125 0.109375
0 0.6396484375 0.6787109375 0.111328125 0.107421875
0 0.7685546875 0.6826171875 0.115234375 0.111328125
0 0.2353515625 0.6865234375 0.123046875 0.119140625
0 0.3681640625 0.6826171875 0.130859375 0.111328125
0 0.50390625 0.6806640625 0.1171875 0.107421875
0 0.4375 0.783203125 0.1171875 0.10546875
0 0.564453125 0.783203125 0.11328125 0.1015625
0 0.7001953125 0.7841796875 0.130859375 0.103515625
0 0.3017578125 0.791015625 0.123046875 0.109375
0 0.50390625 0.88671875 0.10546875 0.109375
0 0.6259765625 0.8818359375 0.107421875 0.103515625
0 0.3759765625 0.8896484375 0.111328125 0.107421875
