0 0.103515625 0.041015625 0.1484375 0.08203125
0 0.59375 0.09375 0.1875 0.1875
0 0.91015625 0.041015625 0.1640625 0.08203125
0 0.3427734375 0.1943359375 0.138671875 0.189453125
0 0.978515625 0.23828125 0.0390625 0.171875
0 0.783203125 0.3203125 0.140625 0.1875
0 0.5498046875 0.3984375 0.130859375 0.16796875
0 0.09765625 0.4951171875 0.15234375 0.189453125
0 0.2841796875 0.703125 0.126953125 0.1484375
0 0.80859375 0.7099609375 0.14453125 0.169921875
0 0.5693359375 0.7880859375 0.138671875 0.158203125
0 0.1630859375 0.7841796875 0.107421875 0.130859375
0 0.412109375 0.90625 0.109375 0.125
