0 0.7548828125 0.0341796875 0.068359375 0.064453125
0 0.8359375 0.01953125 0.07421875 0.0390625
0 0.91015625 0.0302734375 0.0625 0.060546875
0 0.8369140625 0.0576171875 0.068359375 0.064453125
0 0.74609375 0.087890625 0.078125 0.078125
0 0.90625 0.0869140625 0.0625 0.060546875
0 0.97265625 0.1005859375 0.05078125 0.056640625
0 0.8271484375 0.115234375 0.072265625 0.07421875
0 0.904296875 0.142578125 0.06640625 0.06640625
0 0.755859375 0.15625 0.078125 0.078125
0 0.9716796875 0.162109375 0.052734375 0.05859375
0 0.8369140625 0.185546875 0.068359375 0.0625
0 0.9111328125 0.2060546875 0.064453125 0.064453125
0 0.7548828125 0.2177734375 0.076171875 0.076171875
0 0.123046875 0.224609375 0.10546875 0.078125
0 0.97265625 0.2119140625 0.046875 0.044921875
0 0.236328125 0.25 0.1015625 0.078125
0 0.8330078125 0.2451171875 0.068359375 0.064453125
0 0.33203125 0.3046875 0.1015625 0.13671875
0 0.90625 0.265625 0.0625 0.05859375
0 0.97265625 0.2666015625 0.05078125 0.060546875
0 0.1142578125 0.296875 0.111328125 0.08203125
0 0.4677734375 0.2919921875 0.080078125 0.072265625
0 0.2255859375 0.318359375 0.103515625 0.078125
0 0.5595703125 0.3154296875 0.076171875 0.068359375
0 0.9599609375 0.3251953125 0.064453125 0.056640625
0 0.6435546875 0.3330078125 0.072265625 0.068359375
0 0.109375 0.3681640625 0.11328125 0.083984375
0 0.4638671875 0.3603515625 0.087890625 0.072265625
0 0.908203125 0.3671875 0.06640625 0.0625
0 0.5576171875 0.3779296875 0.080078125 0.068359375
0 0.22265625 0.38671875 0.1015625 0.078125
0 0.974609375 0.3857421875 0.046875 0.056640625
0 0.6416015625 0.39453125 0.076171875 0.06640625
0 0.3232421875 0.40625 0.087890625 0.07421875
0 0.4638671875 0.4169921875 0.091796875 0.052734375
0 0.1044921875 0.439453125 0.111328125 0.08203125
0 0.9140625 0.4296875 0.0703125 0.0625
0 0.564453125 0.4345703125 0.0859375 0.048828125
0 0.2626953125 0.4638671875 0.193359375 0.087890625
0 0.9765625 0.4453125 0.04296875 0.05859375
0 0.6494140625 0.4580078125 0.076171875 0.060546875
0 0.525390625 0.4853515625 0.0859375 0.068359375
0 0.9150390625 0.4912109375 0.068359375 0.060546875
0 0.6142578125 0.498046875 0.076171875 0.06640625
0 0.1005859375 0.5087890625 0.111328125 0.076171875
0 0.9775390625 0.5048828125 0.041015625 0.056640625
0 0.2109375 0.529296875 0.10546875 0.07421875
0 0.6376953125 0.521484375 0.076171875 0.05859375
0 0.31640625 0.54296875 0.09375 0.0703125
0 0.4521484375 0.5517578125 0.091796875 0.068359375
0 0.91796875 0.55078125 0.0703125 0.05859375
0 0.5458984375 0.5673828125 0.080078125 0.068359375
0 0.978515625 0.5615234375 0.0390625 0.060546875
0 0.630859375 0.5830078125 0.07421875 0.060546875
0 0.919921875 0.6103515625 0.07421875 0.060546875
0 0.1923828125 0.6259765625 0.115234375 0.083984375
0 0.98046875 0.6220703125 0.03515625 0.056640625
0 0.310546875 0.634765625 0.10546875 0.07421875
0 0.4150390625 0.646484375 0.091796875 0.07421875
0 0.5205078125 0.6572265625 0.091796875 0.068359375
0 0.61328125 0.6708984375 0.08203125 0.064453125
0 0.6982421875 0.6796875 0.080078125 0.0625
0 0.1904296875 0.703125 0.115234375 0.078125
0 0.8798828125 0.7041015625 0.068359375 0.068359375
0 0.3056640625 0.712890625 0.103515625 0.0703125
0 0.4130859375 0.720703125 0.095703125 0.0703125
0 0.9541015625 0.7138671875 0.064453125 0.056640625
0 0.517578125 0.7294921875 0.09375 0.068359375
0 0.6123046875 0.73828125 0.083984375 0.06640625
0 0.69921875 0.74609375 0.078125 0.06640625
0 0.884765625 0.767578125 0.06640625 0.05859375
0 0.1875 0.7802734375 0.1171875 0.076171875
0 0.9580078125 0.7783203125 0.068359375 0.060546875
0 0.3056640625 0.78515625 0.103515625 0.0703125
0 0.412109375 0.79296875 0.09765625 0.0703125
0 0.517578125 0.7998046875 0.09765625 0.068359375
0 0.61328125 0.80859375 0.0859375 0.06640625
0 0.701171875 0.814453125 0.078125 0.06640625
0 0.88671875 0.828125 0.0703125 0.05859375
0 0.9609375 0.83984375 0.0625 0.05859375
0 0.1806640625 0.861328125 0.123046875 0.0703125
0 0.30078125 0.8642578125 0.1015625 0.068359375
0 0.4072265625 0.8662109375 0.095703125 0.072265625
0 0.513671875 0.87109375 0.09765625 0.06640625
0 0.6123046875 0.8779296875 0.083984375 0.064453125
0 0.7021484375 0.8828125 0.080078125 0.0625
0 0.8916015625 0.896484375 0.068359375 0.05859375
0 0.9638671875 0.9013671875 0.064453125 0.056640625
0 0.177734375 0.94140625 0.125 0.0703125
0 0.296875 0.9423828125 0.10546875 0.068359375
0 0.4052734375 0.9423828125 0.095703125 0.068359375
0 0.51171875 0.9443359375 0.09765625 0.064453125
0 0.6123046875 0.947265625 0.087890625 0.06640625
0 0.701171875 0.951171875 0.078125 0.0625
0 0.8984375 0.958984375 0.07421875 0.05859375
0 0.96875 0.96484375 0.05859375 0.0546875
