0 0.5126953125 0.2060546875 0.052734375 0.072265625
0 0.7421875 0.2431640625 0.046875 0.064453125
0 0.837890625 0.240234375 0.0390625 0.05859375
0 0.4794921875 0.27734375 0.052734375 0.0703125
0 0.6015625 0.27734375 0.046875 0.0703125
0 0.6982421875 0.2802734375 0.041015625 0.072265625
0 0.5341796875 0.283203125 0.041015625 0.06640625
0 0.802734375 0.2802734375 0.04296875 0.060546875
0 0.6513671875 0.2841796875 0.041015625 0.068359375
0 0.759765625 0.310546875 0.0390625 0.0625
0 0.8310546875 0.2890625 0.001953125 0.0
0 0.8271484375 0.3203125 0.025390625 0.0546875
0 0.447265625 0.3466796875 0.04296875 0.072265625
0 0.505859375 0.3486328125 0.046875 0.068359375
0 0.724609375 0.345703125 0.04296875 0.06640625
0 0.5634765625 0.3486328125 0.044921875 0.068359375
0 0.6171875 0.353515625 0.046875 0.06640625
0 0.8056640625 0.35546875 0.037109375 0.06640625
0 0.67578125 0.3564453125 0.046875 0.068359375
0 0.771484375 0.3828125 0.04296875 0.0625
0 0.8505859375 0.384765625 0.044921875 0.0625
0 0.36328125 0.412109375 0.0546875 0.078125
0 0.423828125 0.4150390625 0.05078125 0.068359375
0 0.4853515625 0.416015625 0.044921875 0.0703125
0 0.5361328125 0.41796875 0.041015625 0.06640625
0 0.5859375 0.4208984375 0.04296875 0.060546875
0 0.62890625 0.455078125 0.0546875 0.1328125
0 0.7275390625 0.421875 0.044921875 0.06640625
0 0.806640625 0.4296875 0.0390625 0.0625
0 0.318359375 0.4609375 0.0546875 0.078125
0 0.8515625 0.4599609375 0.0390625 0.068359375
0 0.76953125 0.4599609375 0.0390625 0.064453125
0 0.689453125 0.4658203125 0.04296875 0.068359375
0 0.4580078125 0.4853515625 0.044921875 0.072265625
0 0.400390625 0.4853515625 0.0546875 0.068359375
0 0.5712890625 0.4873046875 0.048828125 0.064453125
0 0.494140625 0.4912109375 0.0234375 0.060546875
0 0.8203125 0.50390625 0.0390625 0.06640625
0 0.3564453125 0.53125 0.056640625 0.07421875
0 0.29296875 0.53515625 0.0546875 0.0703125
0 0.6904296875 0.5341796875 0.087890625 0.068359375
0 0.7607421875 0.5341796875 0.041015625 0.064453125
0 0.8525390625 0.53125 0.041015625 0.0625
0 0.5986328125 0.5537109375 0.048828125 0.072265625
0 0.4677734375 0.5546875 0.056640625 0.0625
0 0.4091796875 0.560546875 0.044921875 0.06640625
0 0.8154296875 0.599609375 0.083984375 0.07421875
0 0.6923828125 0.603515625 0.041015625 0.0625
0 0.638671875 0.60546875 0.046875 0.06640625
0 0.2451171875 0.609375 0.052734375 0.07421875
0 0.36328125 0.6064453125 0.0546875 0.068359375
0 0.2978515625 0.609375 0.044921875 0.0625
0 0.5458984375 0.6220703125 0.044921875 0.068359375
0 0.4375 0.6259765625 0.046875 0.068359375
0 0.478515625 0.6611328125 0.06640625 0.138671875
0 0.857421875 0.6650390625 0.03125 0.064453125
0 0.083984375 0.6767578125 0.05859375 0.076171875
0 0.33984375 0.6767578125 0.05078125 0.076171875
0 0.40234375 0.67578125 0.05078125 0.07421875
0 0.8154296875 0.6669921875 0.041015625 0.056640625
0 0.1650390625 0.681640625 0.060546875 0.08203125
0 0.5888671875 0.673828125 0.041015625 0.06640625
0 0.69921875 0.669921875 0.04296875 0.05859375
0 0.7412109375 0.66796875 0.029296875 0.0546875
0 0.283203125 0.681640625 0.0546875 0.0703125
0 0.640625 0.673828125 0.04296875 0.0546875
0 0.5283203125 0.6923828125 0.048828125 0.068359375
0 0.7421875 0.7275390625 0.04296875 0.052734375
0 0.67578125 0.7353515625 0.0390625 0.060546875
0 0.357421875 0.74609375 0.05078125 0.0625
0 0.2490234375 0.75390625 0.056640625 0.078125
0 0.3017578125 0.748046875 0.041015625 0.06640625
0 0.1162109375 0.7529296875 0.060546875 0.072265625
0 0.1796875 0.7529296875 0.05859375 0.068359375
0 0.96875 0.75390625 0.04296875 0.0703125
0 0.498046875 0.76171875 0.046875 0.0703125
0 0.8115234375 0.78125 0.044921875 0.05859375
0 0.7666015625 0.7890625 0.029296875 0.0625
0 0.578125 0.80078125 0.046875 0.0703125
0 0.728515625 0.791015625 0.0390625 0.0546875
0 0.630859375 0.798828125 0.04296875 0.0625
0 0.4345703125 0.8056640625 0.044921875 0.064453125
0 0.6826171875 0.798828125 0.041015625 0.0546875
0 0.51953125 0.8056640625 0.04296875 0.060546875
0 0.361328125 0.81640625 0.09765625 0.07421875
0 0.083984375 0.826171875 0.05859375 0.07421875
0 0.154296875 0.8271484375 0.05859375 0.076171875
0 0.2109375 0.822265625 0.046875 0.0703125
0 0.2880859375 0.8271484375 0.056640625 0.080078125
