1 0.8603515625 0.556640625 0.076171875 0.078125
1 0.9892578125 0.6337890625 0.017578125 0.080078125
1 0.9375 0.6357421875 0.07421875 0.076171875
1 0.8583984375 0.6796875 0.068359375 0.15234375
1 0.63671875 0.689453125 0.06640625 0.15234375
1 0.7099609375 0.6513671875 0.064453125 0.076171875
1 0.7861328125 0.6484375 0.060546875 0.0703125
1 0.4921875 0.662109375 0.0703125 0.0859375
1 0.564453125 0.6611328125 0.0625 0.076171875
1 0.4208984375 0.671875 0.064453125 0.07421875
1 0.015625 0.681640625 0.03125 0.0859375
1 0.064453125 0.681640625 0.06640625 0.07421875
1 0.2734375 0.6787109375 0.06640625 0.080078125
1 0.34765625 0.6767578125 0.0703125 0.076171875
1 0.1318359375 0.6796875 0.072265625 0.0703125
1 0.2021484375 0.681640625 0.064453125 0.07421875
1 0.93359375 0.7177734375 0.06640625 0.076171875
1 0.9853515625 0.7138671875 0.025390625 0.068359375
1 0.783203125 0.7265625 0.05859375 0.0703125
1 0.708984375 0.73046875 0.06640625 0.0703125
1 0.5703125 0.7333984375 0.05859375 0.064453125
1 0.4990234375 0.744140625 0.064453125 0.06640625
1 0.4287109375 0.7490234375 0.056640625 0.064453125
1 0.3544921875 0.75390625 0.068359375 0.06640625
1 0.1455078125 0.767578125 0.068359375 0.0703125
1 0.2841796875 0.7646484375 0.064453125 0.064453125
1 0.078125 0.77734375 0.0703125 0.0703125
1 0.0234375 0.78515625 0.046875 0.07421875
1 0.21484375 0.775390625 0.06640625 0.0546875
1 0.9765625 0.7880859375 0.04296875 0.060546875
1 0.91796875 0.79296875 0.05859375 0.05859375
1 0.8466796875 0.794921875 0.056640625 0.0546875
1 0.5703125 0.8056640625 0.05859375 0.064453125
1 0.63671875 0.8056640625 0.05859375 0.064453125
1 0.708984375 0.8037109375 0.05859375 0.060546875
1 0.775390625 0.80078125 0.05859375 0.0546875
1 0.5029296875 0.873046875 0.056640625 0.1796875
1 0.43359375 0.818359375 0.0546875 0.05859375
1 0.37109375 0.853515625 0.0625 0.09765625
1 0.228515625 0.8408203125 0.0703125 0.052734375
1 0.2998046875 0.833984375 0.052734375 0.05078125
1 0.16015625 0.8388671875 0.0625 0.048828125
1 0.0263671875 0.8583984375 0.052734375 0.056640625
1 0.091796875 0.8515625 0.06640625 0.0546875
1 0.904296875 0.8623046875 0.0625 0.064453125
1 0.970703125 0.8603515625 0.0546875 0.060546875
1 0.771484375 0.865234375 0.05859375 0.05859375
1 0.8349609375 0.8681640625 0.048828125 0.064453125
1 0.6318359375 0.873046875 0.060546875 0.0546875
1 0.5703125 0.875 0.05078125 0.05859375
1 0.7001953125 0.8681640625 0.056640625 0.044921875
1 0.4375 0.8779296875 0.046875 0.033203125
1 0.3115234375 0.890625 0.060546875 0.05078125
1 0.177734375 0.900390625 0.0703125 0.05078125
1 0.2421875 0.900390625 0.05859375 0.0390625
1 0.1181640625 0.916015625 0.060546875 0.046875
1 0.048828125 0.921875 0.06640625 0.05078125
1 0.69140625 0.9267578125 0.0546875 0.060546875
1 0.755859375 0.923828125 0.05078125 0.04296875
1 0.8984375 0.9296875 0.05859375 0.0546875
1 0.966796875 0.9267578125 0.0625 0.048828125
1 0.380859375 0.931640625 0.05078125 0.05078125
1 0.44140625 0.9345703125 0.0546875 0.056640625
1 0.6279296875 0.9345703125 0.052734375 0.056640625
1 0.82421875 0.9345703125 0.05859375 0.056640625
1 0.568359375 0.9375 0.046875 0.05078125
1 0.3173828125 0.9462890625 0.052734375 0.048828125
1 0.255859375 0.9521484375 0.0625 0.048828125
1 0.19140625 0.95703125 0.05078125 0.0390625
1 0.0732421875 0.96875 0.048828125 0.0390625
1 0.1318359375 0.970703125 0.064453125 0.04296875
1 0.755859375 0.9755859375 0.05078125 0.044921875
1 0.9638671875 0.978515625 0.068359375 0.0390625
1 0.57421875 0.9833984375 0.05078125 0.029296875
1 0.6328125 0.9833984375 0.05078125 0.029296875
1 0.6962890625 0.9833984375 0.048828125 0.029296875
1 0.8251953125 0.9833984375 0.056640625 0.029296875
1 0.892578125 0.984375 0.0546875 0.02734375
1 0.392578125 0.986328125 0.05078125 0.0234375
1 0.4501953125 0.9873046875 0.052734375 0.021484375
1 0.513671875 0.986328125 0.0546875 0.0234375
1 0.3271484375 0.98828125 0.060546875 0.01953125
1 0.2041015625 0.9912109375 0.060546875 0.013671875
1 0.2666015625 0.994140625 0.052734375 0.0078125
