1 0.83203125 0.1416015625 0.22265625 0.283203125
1 0.9794921875 0.1376953125 0.037109375 0.271484375
1 0.326171875 0.16015625 0.14453125 0.2578125
1 0.626953125 0.154296875 0.1640625 0.2578125
1 0.1728515625 0.1728515625 0.111328125 0.232421875
1 0.0693359375 0.1884765625 0.080078125 0.212890625
1 0.0068359375 0.201171875 0.013671875 0.1640625
1 0.0146484375 0.3876953125 0.029296875 0.181640625
1 0.0810546875 0.4052734375 0.083984375 0.197265625
1 0.6201171875 0.419921875 0.158203125 0.2265625
1 0.8125 0.4443359375 0.21484375 0.275390625
1 0.185546875 0.4228515625 0.10546875 0.212890625
1 0.3203125 0.4404296875 0.1328125 0.236328125
1 0.9638671875 0.4560546875 0.068359375 0.279296875
1 0.0166015625 0.5751953125 0.033203125 0.162109375
1 0.0849609375 0.6025390625 0.083984375 0.185546875
1 0.603515625 0.6513671875 0.1484375 0.232421875
1 0.185546875 0.6455078125 0.09765625 0.212890625
1 0.322265625 0.6904296875 0.12890625 0.259765625
1 0.7890625 0.7060546875 0.19140625 0.267578125
1 0.94921875 0.744140625 0.09765625 0.2734375
1 0.0224609375 0.736328125 0.044921875 0.15625
1 0.095703125 0.8046875 0.07421875 0.19140625
1 0.1875 0.8408203125 0.0859375 0.201171875
1 0.6005859375 0.8642578125 0.150390625 0.228515625
1 0.771484375 0.900390625 0.1875 0.1953125
1 0.302734375 0.90234375 0.12109375 0.19140625
1 0.9423828125 0.9404296875 0.111328125 0.115234375
