0 0.8984375 0.0703125 0.11328125 0.140625
0 0.7685546875 0.1796875 0.197265625 0.265625
0 0.958984375 0.1923828125 0.078125 0.185546875
0 0.6982421875 0.322265625 0.115234375 0.1875
0 0.943359375 0.37890625 0.109375 0.1796875
0 0.8076171875 0.42578125 0.115234375 0.1796875
0 0.6591796875 0.515625 0.115234375 0.16796875
0 0.9873046875 0.537109375 0.021484375 0.1484375
0 0.91796875 0.57421875 0.11328125 0.1796875
0 0.779296875 0.61328125 0.109375 0.1796875
0 0.5859375 0.68359375 0.10546875 0.17578125
0 0.9638671875 0.71484375 0.064453125 0.1796875
0 0.869140625 0.7666015625 0.1171875 0.177734375
0 0.7138671875 0.7978515625 0.107421875 0.177734375
0 0.5576171875 0.8779296875 0.115234375 0.173828125
0 0.93359375 0.8837890625 0.10546875 0.119140625
0 0.806640625 0.8974609375 0.11328125 0.091796875
0 0.673828125 0.916015625 0.1015625 0.05078125
