1 0.8935546875 0.3876953125 0.158203125 0.474609375
1 0.7255859375 0.3408203125 0.095703125 0.248046875
1 0.7685546875 0.5615234375 0.087890625 0.236328125
1 0.662109375 0.5966796875 0.09375 0.255859375
1 0.4912109375 0.5244140625 0.044921875 0.111328125
1 0.5673828125 0.609375 0.044921875 0.10546875
1 0.515625 0.6259765625 0.04296875 0.107421875
1 0.4599609375 0.6474609375 0.048828125 0.111328125
1 0.5888671875 0.705078125 0.041015625 0.1015625
1 0.5380859375 0.7255859375 0.044921875 0.107421875
1 0.4853515625 0.75 0.044921875 0.109375
1 0.4296875 0.76953125 0.05078125 0.11328125
1 0.37109375 0.791015625 0.0546875 0.11328125
