0 0.5009765625 0.1083984375 0.107421875 0.173828125
0 0.7373046875 0.1728515625 0.099609375 0.177734375
0 0.3828125 0.1796875 0.109375 0.16796875
0 0.6083984375 0.2412109375 0.107421875 0.173828125
0 0.263671875 0.2470703125 0.12109375 0.169921875
0 0.4677734375 0.2939453125 0.107421875 0.162109375
0 0.7783203125 0.2890625 0.076171875 0.140625
0 0.958984375 0.314453125 0.078125 0.1484375
0 0.6943359375 0.3564453125 0.095703125 0.162109375
0 0.3603515625 0.3662109375 0.107421875 0.169921875
0 0.8623046875 0.396484375 0.083984375 0.15234375
0 0.5869140625 0.423828125 0.107421875 0.171875
0 0.9912109375 0.4150390625 0.013671875 0.060546875
0 0.451171875 0.474609375 0.10546875 0.15625
0 0.2578125 0.4931640625 0.140625 0.193359375
0 0.8056640625 0.482421875 0.091796875 0.1640625
0 0.6708984375 0.5341796875 0.095703125 0.158203125
0 0.9755859375 0.544921875 0.044921875 0.15234375
0 0.3505859375 0.5498046875 0.095703125 0.162109375
0 0.548828125 0.59375 0.1015625 0.15625
0 0.7099609375 0.6064453125 0.076171875 0.123046875
0 0.8046875 0.580078125 0.078125 0.06640625
0 0.2373046875 0.685546875 0.130859375 0.16796875
0 0.140625 0.646484375 0.046875 0.07421875
0 0.0185546875 0.6640625 0.037109375 0.07421875
0 0.935546875 0.7021484375 0.08984375 0.150390625
0 0.47265625 0.720703125 0.1171875 0.1640625
0 0.0810546875 0.6845703125 0.052734375 0.068359375
0 0.6640625 0.7294921875 0.09765625 0.158203125
0 0.16015625 0.73046875 0.04296875 0.0703125
0 0.0380859375 0.748046875 0.052734375 0.07421875
0 0.865234375 0.794921875 0.09375 0.1484375
0 0.0869140625 0.779296875 0.091796875 0.1015625
0 0.3486328125 0.8232421875 0.123046875 0.173828125
0 0.73046875 0.814453125 0.09375 0.14453125
0 0.5654296875 0.830078125 0.111328125 0.16015625
0 0.1748046875 0.78125 0.048828125 0.0390625
0 0.25 0.818359375 0.046875 0.0625
0 0.01171875 0.830078125 0.0234375 0.0703125
0 0.12109375 0.83984375 0.05078125 0.0703125
0 0.92578125 0.875 0.0859375 0.13671875
0 0.2041015625 0.8671875 0.052734375 0.0703125
0 0.4521484375 0.9130859375 0.119140625 0.158203125
0 0.6552734375 0.9267578125 0.095703125 0.142578125
0 0.03125 0.896484375 0.05859375 0.07421875
0 0.1513671875 0.90625 0.052734375 0.0703125
0 0.08984375 0.9169921875 0.0546875 0.068359375
0 0.935546875 0.9287109375 0.078125 0.087890625
0 0.3193359375 0.9267578125 0.037109375 0.044921875
0 0.8349609375 0.9501953125 0.076171875 0.091796875
0 0.3681640625 0.935546875 0.033203125 0.04296875
0 0.1767578125 0.95703125 0.044921875 0.0546875
0 0.7529296875 0.970703125 0.083984375 0.0546875
0 0.1142578125 0.9697265625 0.044921875 0.044921875
0 0.8935546875 0.951171875 0.001953125 0.0
0 0.0537109375 0.9755859375 0.056640625 0.044921875
0 0.2587890625 0.9765625 0.044921875 0.04296875
0 0.34765625 0.98046875 0.0390625 0.03515625
