0 0.14453125 0.5830078125 0.046875 0.087890625
0 0.1962890625 0.619140625 0.044921875 0.08984375
0 0.1220703125 0.654296875 0.044921875 0.08984375
0 0.17578125 0.685546875 0.046875 0.0859375
0 0.103515625 0.71484375 0.0390625 0.078125
0 0.2314453125 0.724609375 0.044921875 0.08984375
0 0.1572265625 0.7490234375 0.041015625 0.080078125
0 0.08984375 0.7724609375 0.0390625 0.076171875
0 0.208984375 0.787109375 0.04296875 0.078125
0 0.13671875 0.8076171875 0.0390625 0.076171875
0 0.2666015625 0.828125 0.044921875 0.08984375
0 0.1884765625 0.8486328125 0.041015625 0.080078125
0 0.2431640625 0.8876953125 0.041015625 0.076171875
0 0.298828125 0.931640625 0.046875 0.0859375
