1 0.9033203125 0.5009765625 0.060546875 0.236328125
1 0.6513671875 0.5908203125 0.052734375 0.134765625
1 0.923828125 0.765625 0.12890625 0.26171875
1 0.6787109375 0.73828125 0.064453125 0.1328125
1 0.7001953125 0.8779296875 0.142578125 0.146484375
1 0.5029296875 0.8662109375 0.041015625 0.056640625
1 0.3056640625 0.8974609375 0.017578125 0.033203125
1 0.408203125 0.90625 0.015625 0.046875
1 0.5185546875 0.9267578125 0.037109375 0.048828125
1 0.3212890625 0.947265625 0.017578125 0.03515625
1 0.4228515625 0.9521484375 0.021484375 0.029296875
