1 0.427734375 0.0283203125 0.08984375 0.048828125
1 0.9248046875 0.0283203125 0.072265625 0.048828125
1 0.0244140625 0.0302734375 0.048828125 0.044921875
1 0.1220703125 0.0283203125 0.091796875 0.041015625
1 0.2177734375 0.0283203125 0.083984375 0.041015625
1 0.326171875 0.0302734375 0.0859375 0.037109375
1 0.53515625 0.0322265625 0.078125 0.041015625
1 0.6328125 0.0361328125 0.078125 0.041015625
1 0.734375 0.0439453125 0.07421875 0.041015625
1 0.833984375 0.0439453125 0.078125 0.041015625
1 0.0498046875 0.0693359375 0.080078125 0.021484375
1 0.1435546875 0.0673828125 0.060546875 0.017578125
1 0.9091796875 0.087890625 0.064453125 0.04296875
1 0.234375 0.087890625 0.08203125 0.03515625
1 0.3330078125 0.091796875 0.080078125 0.03515625
1 0.4345703125 0.091796875 0.076171875 0.03515625
1 0.5322265625 0.09375 0.076171875 0.03125
1 0.630859375 0.095703125 0.07421875 0.03515625
1 0.7255859375 0.1015625 0.080078125 0.0390625
1 0.8232421875 0.1015625 0.080078125 0.0390625
1 0.2802734375 0.109375 0.001953125 0.0
1 0.060546875 0.2841796875 0.0703125 0.044921875
1 0.1455078125 0.2861328125 0.072265625 0.041015625
1 0.88671875 0.2861328125 0.0625 0.041015625
1 0.22265625 0.2919921875 0.0625 0.037109375
1 0.2978515625 0.2900390625 0.060546875 0.033203125
1 0.37109375 0.2919921875 0.0625 0.037109375
1 0.4404296875 0.2939453125 0.064453125 0.041015625
1 0.521484375 0.2939453125 0.0625 0.041015625
1 0.59375 0.2919921875 0.0546875 0.037109375
1 0.6669921875 0.294921875 0.052734375 0.0390625
1 0.7412109375 0.2939453125 0.060546875 0.041015625
1 0.80859375 0.2919921875 0.05859375 0.037109375
1 0.0810546875 0.3330078125 0.068359375 0.041015625
1 0.8701171875 0.3310546875 0.048828125 0.029296875
1 0.26953125 0.3251953125 0.0 0.001953125
1 0.8017578125 0.3388671875 0.056640625 0.029296875
1 0.162109375 0.3447265625 0.07421875 0.033203125
1 0.232421875 0.3447265625 0.0625 0.033203125
1 0.3056640625 0.3447265625 0.064453125 0.033203125
1 0.453125 0.3525390625 0.05859375 0.041015625
1 0.5224609375 0.3525390625 0.064453125 0.041015625
1 0.7333984375 0.3486328125 0.052734375 0.033203125
1 0.3779296875 0.3525390625 0.064453125 0.033203125
1 0.5966796875 0.3544921875 0.056640625 0.037109375
1 0.6669921875 0.3544921875 0.052734375 0.037109375
1 0.853515625 0.3740234375 0.05078125 0.029296875
1 0.10546875 0.3798828125 0.0703125 0.033203125
1 0.7900390625 0.3818359375 0.052734375 0.029296875
1 0.3232421875 0.3876953125 0.060546875 0.033203125
1 0.7216796875 0.3896484375 0.052734375 0.029296875
1 0.17578125 0.3935546875 0.05859375 0.029296875
1 0.248046875 0.3935546875 0.0625 0.029296875
1 0.453125 0.3955078125 0.05859375 0.033203125
1 0.654296875 0.3935546875 0.05078125 0.029296875
1 0.388671875 0.3974609375 0.0546875 0.029296875
1 0.494140625 0.443359375 0.109375 0.12109375
1 0.591796875 0.400390625 0.05078125 0.02734375
1 0.837890625 0.41015625 0.05078125 0.0234375
1 0.126953125 0.416015625 0.0625 0.02734375
1 0.77734375 0.41796875 0.05078125 0.0234375
1 0.7119140625 0.423828125 0.048828125 0.02734375
1 0.3330078125 0.427734375 0.048828125 0.02734375
1 0.197265625 0.4267578125 0.0546875 0.021484375
1 0.263671875 0.4267578125 0.0546875 0.021484375
1 0.3984375 0.4287109375 0.0546875 0.025390625
1 0.4609375 0.4287109375 0.0546875 0.025390625
1 0.6533203125 0.4287109375 0.048828125 0.025390625
1 0.5869140625 0.4345703125 0.048828125 0.021484375
1 0.822265625 0.4423828125 0.046875 0.021484375
1 0.146484375 0.4482421875 0.0625 0.025390625
1 0.7626953125 0.451171875 0.048828125 0.0234375
1 0.69921875 0.4716796875 0.05859375 0.056640625
1 0.212890625 0.4580078125 0.0546875 0.021484375
1 0.2763671875 0.4580078125 0.044921875 0.021484375
1 0.3388671875 0.4599609375 0.048828125 0.025390625
1 0.6416015625 0.462890625 0.052734375 0.02734375
1 0.4013671875 0.4638671875 0.048828125 0.025390625
1 0.58203125 0.4638671875 0.046875 0.025390625
1 0.80859375 0.4755859375 0.046875 0.025390625
1 0.1591796875 0.4794921875 0.056640625 0.025390625
1 0.748046875 0.4814453125 0.04296875 0.021484375
1 0.2216796875 0.4892578125 0.044921875 0.021484375
1 0.2880859375 0.4892578125 0.048828125 0.021484375
1 0.3486328125 0.4892578125 0.048828125 0.021484375
1 0.40625 0.4912109375 0.046875 0.025390625
1 0.5234375 0.4892578125 0.05078125 0.021484375
1 0.576171875 0.4931640625 0.046875 0.021484375
1 0.6376953125 0.4912109375 0.048828125 0.017578125
1 0.171875 0.5087890625 0.04296875 0.021484375
1 0.794921875 0.5068359375 0.04296875 0.017578125
1 0.732421875 0.5126953125 0.0390625 0.021484375
1 0.5986328125 0.5166015625 0.103515625 0.021484375
1 0.681640625 0.5166015625 0.04296875 0.021484375
1 0.228515625 0.5205078125 0.04296875 0.021484375
1 0.287109375 0.5205078125 0.046875 0.021484375
1 0.3486328125 0.5185546875 0.044921875 0.017578125
1 0.404296875 0.5185546875 0.04296875 0.017578125
1 0.458984375 0.5185546875 0.0390625 0.017578125
1 0.5146484375 0.5205078125 0.048828125 0.021484375
1 0.779296875 0.5322265625 0.04296875 0.013671875
1 0.17578125 0.5380859375 0.04296875 0.017578125
1 0.5625 0.5439453125 0.04296875 0.021484375
1 0.615234375 0.5419921875 0.04296875 0.017578125
1 0.669921875 0.5419921875 0.0390625 0.017578125
1 0.7216796875 0.5400390625 0.037109375 0.013671875
1 0.23046875 0.5458984375 0.0390625 0.017578125
1 0.28515625 0.5478515625 0.04296875 0.021484375
1 0.34375 0.5458984375 0.0390625 0.017578125
1 0.400390625 0.5458984375 0.0390625 0.017578125
1 0.455078125 0.5458984375 0.04296875 0.017578125
1 0.505859375 0.5458984375 0.04296875 0.017578125
1 0.7646484375 0.5556640625 0.041015625 0.013671875
1 0.1806640625 0.5615234375 0.044921875 0.017578125
1 0.6552734375 0.5654296875 0.037109375 0.017578125
1 0.7080078125 0.5634765625 0.033203125 0.013671875
1 0.341796875 0.5712890625 0.04296875 0.021484375
1 0.4501953125 0.5693359375 0.033203125 0.017578125
1 0.5029296875 0.5673828125 0.037109375 0.013671875
1 0.6015625 0.5673828125 0.0390625 0.013671875
1 0.236328125 0.5732421875 0.0390625 0.017578125
1 0.287109375 0.5732421875 0.0390625 0.017578125
1 0.3955078125 0.5712890625 0.037109375 0.013671875
1 0.55078125 0.5712890625 0.0390625 0.013671875
1 0.75390625 0.5771484375 0.03515625 0.009765625
1 0.185546875 0.583984375 0.04296875 0.015625
1 0.6435546875 0.58203125 0.033203125 0.01171875
1 0.5966796875 0.5859375 0.029296875 0.01171875
1 0.6953125 0.587890625 0.0390625 0.015625
1 0.4462890625 0.58984375 0.037109375 0.01171875
1 0.4951171875 0.58984375 0.041015625 0.01171875
1 0.544921875 0.58984375 0.0390625 0.01171875
1 0.236328125 0.5947265625 0.0390625 0.017578125
1 0.3955078125 0.5908203125 0.037109375 0.009765625
1 0.2958984375 0.5966796875 0.044921875 0.013671875
1 0.3466796875 0.5966796875 0.044921875 0.013671875
1 0.73828125 0.5947265625 0.03125 0.009765625
1 0.19140625 0.6064453125 0.0390625 0.017578125
1 0.5859375 0.6083984375 0.0390625 0.013671875
1 0.634765625 0.6064453125 0.03125 0.009765625
1 0.6826171875 0.6064453125 0.033203125 0.009765625
1 0.3984375 0.6103515625 0.03515625 0.009765625
1 0.4423828125 0.6123046875 0.037109375 0.013671875
1 0.494140625 0.6123046875 0.0390625 0.013671875
1 0.5390625 0.6123046875 0.03515625 0.013671875
1 0.2451171875 0.6142578125 0.037109375 0.009765625
1 0.2978515625 0.6142578125 0.037109375 0.009765625
1 0.3466796875 0.6123046875 0.033203125 0.005859375
1 0.6298828125 0.6240234375 0.033203125 0.013671875
1 0.6728515625 0.6240234375 0.037109375 0.013671875
1 0.20703125 0.6279296875 0.04296875 0.013671875
1 0.3955078125 0.6298828125 0.037109375 0.017578125
1 0.58203125 0.6279296875 0.0390625 0.013671875
1 0.7216796875 0.6259765625 0.029296875 0.009765625
1 0.25390625 0.6318359375 0.03125 0.013671875
1 0.3017578125 0.6318359375 0.037109375 0.013671875
1 0.3486328125 0.6318359375 0.037109375 0.013671875
1 0.4453125 0.6318359375 0.04296875 0.013671875
1 0.4921875 0.6298828125 0.03125 0.009765625
1 0.53515625 0.6318359375 0.0390625 0.013671875
