0 0.4150390625 0.400390625 0.123046875 0.16015625
0 0.9208984375 0.4052734375 0.115234375 0.142578125
0 0.677734375 0.4169921875 0.125 0.150390625
0 0.1533203125 0.4404296875 0.130859375 0.150390625
0 0.0625 0.4345703125 0.05859375 0.130859375
0 0.970703125 0.4609375 0.0546875 0.12109375
0 0.3017578125 0.4833984375 0.115234375 0.138671875
0 0.78515625 0.4921875 0.1171875 0.13671875
0 0.544921875 0.5146484375 0.125 0.150390625
0 0.4228515625 0.5439453125 0.099609375 0.107421875
0 0.6572265625 0.552734375 0.107421875 0.11328125
0 0.8818359375 0.5556640625 0.107421875 0.123046875
0 0.193359375 0.556640625 0.109375 0.10546875
0 0.0869140625 0.587890625 0.099609375 0.1171875
0 0.3154296875 0.6064453125 0.103515625 0.099609375
0 0.7568359375 0.626953125 0.107421875 0.1171875
0 0.95703125 0.6337890625 0.08203125 0.115234375
0 0.5380859375 0.634765625 0.107421875 0.09765625
0 0.009765625 0.6474609375 0.01953125 0.064453125
0 0.4267578125 0.666015625 0.099609375 0.1015625
0 0.2080078125 0.6865234375 0.099609375 0.111328125
0 0.8486328125 0.689453125 0.103515625 0.11328125
0 0.6416015625 0.693359375 0.099609375 0.109375
0 0.125 0.6953125 0.078125 0.09375
0 0.3193359375 0.728515625 0.091796875 0.09765625
0 0.529296875 0.732421875 0.09375 0.09375
0 0.736328125 0.75 0.1015625 0.10546875
0 0.427734375 0.783203125 0.09375 0.09765625
0 0.1376953125 0.8076171875 0.080078125 0.095703125
0 0.9521484375 0.8115234375 0.091796875 0.103515625
0 0.2353515625 0.810546875 0.087890625 0.09375
0 0.0224609375 0.818359375 0.041015625 0.08984375
0 0.828125 0.83203125 0.09375 0.1015625
0 0.6337890625 0.8505859375 0.099609375 0.095703125
0 0.5244140625 0.875 0.091796875 0.09375
0 0.4248046875 0.8896484375 0.080078125 0.087890625
0 0.3173828125 0.896484375 0.087890625 0.08984375
0 0.7275390625 0.90234375 0.087890625 0.09765625
0 0.6220703125 0.9169921875 0.080078125 0.037109375
0 0.5244140625 0.951171875 0.080078125 0.04296875
0 0.193359375 0.978515625 0.0859375 0.03515625
0 0.375 0.984375 0.078125 0.02734375
