0 0.560546875 0.2216796875 0.09765625 0.142578125
0 0.4150390625 0.3408203125 0.103515625 0.146484375
0 0.708984375 0.3583984375 0.109375 0.142578125
0 0.9345703125 0.330078125 0.029296875 0.01953125
0 0.951171875 0.341796875 0.0 0.0
0 0.2587890625 0.4345703125 0.103515625 0.138671875
0 0.861328125 0.4404296875 0.1015625 0.142578125
0 0.5576171875 0.4638671875 0.111328125 0.142578125
0 0.138671875 0.4990234375 0.09375 0.126953125
0 0.953125 0.556640625 0.08984375 0.12890625
0 0.3984375 0.568359375 0.109375 0.140625
0 0.681640625 0.56640625 0.1015625 0.1328125
0 0.830078125 0.6484375 0.09765625 0.12890625
0 0.5390625 0.6484375 0.09765625 0.12890625
0 0.2578125 0.6533203125 0.1015625 0.130859375
0 0.146484375 0.69140625 0.08203125 0.11328125
0 0.6572265625 0.7451171875 0.091796875 0.126953125
0 0.9248046875 0.744140625 0.083984375 0.1171875
0 0.392578125 0.7705078125 0.09765625 0.123046875
0 0.7705078125 0.7802734375 0.083984375 0.107421875
0 0.2666015625 0.8134765625 0.091796875 0.107421875
0 0.5283203125 0.845703125 0.091796875 0.1171875
0 0.130859375 0.9287109375 0.08984375 0.111328125
0 0.3828125 0.943359375 0.08984375 0.10546875
0 0.9140625 0.9482421875 0.09375 0.095703125
0 0.6494140625 0.955078125 0.095703125 0.0859375
0 0.5126953125 0.9794921875 0.072265625 0.037109375
0 0.248046875 0.9873046875 0.05859375 0.017578125
