1 0.244140625 0.0068359375 0.01171875 0.013671875
1 0.2705078125 0.0068359375 0.013671875 0.013671875
1 0.287109375 0.0068359375 0.0078125 0.013671875
1 0.314453125 0.009765625 0.015625 0.01953125
1 0.3349609375 0.0068359375 0.013671875 0.013671875
1 0.1591796875 0.0146484375 0.017578125 0.017578125
1 0.1806640625 0.0146484375 0.013671875 0.017578125
1 0.375 0.0126953125 0.01171875 0.013671875
1 0.19921875 0.01953125 0.01171875 0.01953125
1 0.1572265625 0.0439453125 0.013671875 0.013671875
1 0.1796875 0.0458984375 0.01171875 0.017578125
1 0.2001953125 0.044921875 0.009765625 0.015625
1 0.615234375 0.4033203125 0.16015625 0.443359375
1 0.44140625 0.40625 0.15625 0.4453125
1 0.2646484375 0.4072265625 0.166015625 0.435546875
1 0.7900390625 0.412109375 0.181640625 0.43359375
1 0.9453125 0.4873046875 0.03515625 0.048828125
1 0.8798828125 0.5283203125 0.017578125 0.025390625
1 0.927734375 0.541015625 0.03515625 0.05078125
1 0.248046875 0.802734375 0.1484375 0.33984375
1 0.40234375 0.8076171875 0.140625 0.330078125
1 0.5546875 0.8076171875 0.13671875 0.330078125
1 0.7060546875 0.8046875 0.154296875 0.32421875
1 0.8583984375 0.8125 0.169921875 0.33984375
1 0.08203125 0.828125 0.1640625 0.33984375
