1 0.796875 0.2080078125 0.125 0.294921875
1 0.6552734375 0.2216796875 0.123046875 0.279296875
1 0.42578125 0.2421875 0.11328125 0.28125
1 0.2919921875 0.2529296875 0.119140625 0.275390625
1 0.1650390625 0.259765625 0.119140625 0.26171875
1 0.8173828125 0.5146484375 0.126953125 0.287109375
1 0.6787109375 0.5185546875 0.115234375 0.279296875
1 0.5546875 0.5458984375 0.125 0.294921875
1 0.419921875 0.5498046875 0.1171875 0.287109375
1 0.1474609375 0.5595703125 0.123046875 0.294921875
1 0.28515625 0.56640625 0.12890625 0.28125
