0 0.5986328125 0.203125 0.025390625 0.05078125
0 0.640625 0.22265625 0.01953125 0.0546875
0 0.6640625 0.23828125 0.01171875 0.0390625
0 0.5966796875 0.2548828125 0.029296875 0.056640625
0 0.685546875 0.2548828125 0.01171875 0.033203125
0 0.6279296875 0.2744140625 0.017578125 0.052734375
0 0.703125 0.26953125 0.01171875 0.03515625
0 0.6611328125 0.2900390625 0.013671875 0.044921875
0 0.7216796875 0.28125 0.009765625 0.02734375
0 0.5830078125 0.3095703125 0.029296875 0.060546875
0 0.68359375 0.302734375 0.015625 0.046875
0 0.7373046875 0.29296875 0.005859375 0.01953125
0 0.62109375 0.3251953125 0.0234375 0.064453125
0 0.703125 0.314453125 0.01171875 0.04296875
0 0.7529296875 0.3046875 0.009765625 0.0234375
0 0.7255859375 0.3251953125 0.009765625 0.033203125
0 0.650390625 0.33984375 0.01953125 0.0546875
0 0.7470703125 0.3369140625 0.009765625 0.033203125
0 0.6884765625 0.3525390625 0.033203125 0.052734375
0 0.7685546875 0.3525390625 0.005859375 0.029296875
0 0.5732421875 0.373046875 0.033203125 0.06640625
0 0.607421875 0.3818359375 0.0234375 0.060546875
0 0.7236328125 0.37109375 0.025390625 0.0390625
0 0.63671875 0.390625 0.01953125 0.05078125
0 0.7529296875 0.3837890625 0.009765625 0.025390625
0 0.66015625 0.396484375 0.01171875 0.0390625
0 0.5078125 0.42578125 0.046875 0.0859375
0 0.5546875 0.44140625 0.03125 0.07421875
0 0.591796875 0.44921875 0.02734375 0.06640625
0 0.638671875 0.4560546875 0.0234375 0.060546875
0 0.666015625 0.4599609375 0.015625 0.056640625
0 0.474609375 0.50390625 0.05078125 0.08203125
0 0.5283203125 0.5146484375 0.041015625 0.076171875
0 0.5693359375 0.513671875 0.029296875 0.0546875
0 0.60546875 0.517578125 0.02734375 0.046875
0 0.4453125 0.5947265625 0.0546875 0.095703125
0 0.5029296875 0.591796875 0.044921875 0.08203125
0 0.556640625 0.591796875 0.02734375 0.07421875
0 0.58984375 0.591796875 0.0234375 0.0625
0 0.5302734375 0.6748046875 0.044921875 0.087890625
0 0.474609375 0.685546875 0.05078125 0.08984375
0 0.4091796875 0.701171875 0.064453125 0.10546875
0 0.326171875 0.712890625 0.08984375 0.1171875
0 0.5029296875 0.767578125 0.044921875 0.0859375
0 0.5439453125 0.7587890625 0.021484375 0.060546875
0 0.3994140625 0.8056640625 0.138671875 0.134765625
