0 0.591796875 0.5771484375 0.10546875 0.095703125
0 0.4697265625 0.5927734375 0.099609375 0.095703125
0 0.21875 0.6025390625 0.109375 0.091796875
0 0.7158203125 0.6123046875 0.111328125 0.099609375
0 0.365234375 0.642578125 0.10546875 0.0859375
0 0.5625 0.666015625 0.109375 0.0859375
0 0.0517578125 0.66796875 0.099609375 0.0859375
0 0.169921875 0.681640625 0.08984375 0.08203125
0 0.7900390625 0.7001953125 0.111328125 0.099609375
0 0.279296875 0.6943359375 0.09375 0.080078125
0 0.4404296875 0.7197265625 0.099609375 0.083984375
0 0.66796875 0.72265625 0.1015625 0.08203125
0 0.029296875 0.7314453125 0.05859375 0.076171875
0 0.1201171875 0.7548828125 0.083984375 0.068359375
0 0.5537109375 0.767578125 0.095703125 0.08203125
0 0.220703125 0.7724609375 0.09375 0.072265625
0 0.341796875 0.7783203125 0.09375 0.076171875
0 0.822265625 0.8125 0.10546875 0.08984375
0 0.4462890625 0.8193359375 0.095703125 0.076171875
0 0.65625 0.83203125 0.10546875 0.08203125
0 0.0439453125 0.8310546875 0.083984375 0.072265625
0 0.1435546875 0.84765625 0.087890625 0.0703125
0 0.2421875 0.8798828125 0.09765625 0.076171875
0 0.3544921875 0.880859375 0.095703125 0.07421875
0 0.5361328125 0.89453125 0.091796875 0.0703125
0 0.4501953125 0.9267578125 0.091796875 0.068359375
0 0.095703125 0.931640625 0.078125 0.07421875
0 0.3095703125 0.943359375 0.083984375 0.06640625
0 0.1943359375 0.9443359375 0.095703125 0.072265625
