0 0.3798828125 0.087890625 0.119140625 0.17578125
0 0.5517578125 0.08984375 0.115234375 0.1796875
0 0.0419921875 0.1298828125 0.083984375 0.248046875
0 0.1787109375 0.05859375 0.044921875 0.09375
0 0.275390625 0.0986328125 0.0859375 0.169921875
0 0.7236328125 0.1904296875 0.154296875 0.224609375
0 0.15234375 0.189453125 0.0546875 0.0859375
0 0.4873046875 0.2802734375 0.083984375 0.134765625
0 0.2099609375 0.427734375 0.185546875 0.3515625
0 0.0390625 0.3779296875 0.07421875 0.208984375
0 0.9326171875 0.330078125 0.080078125 0.11328125
0 0.740234375 0.388671875 0.08984375 0.125
0 0.474609375 0.5068359375 0.15234375 0.236328125
0 0.6904296875 0.7294921875 0.271484375 0.365234375
0 0.013671875 0.80078125 0.02734375 0.20703125
0 0.212890625 0.849609375 0.2265625 0.296875
