0 0.0908203125 0.04296875 0.162109375 0.0859375
0 0.4853515625 0.0263671875 0.150390625 0.052734375
0 0.6640625 0.033203125 0.15625 0.06640625
0 0.8515625 0.029296875 0.15234375 0.05859375
0 0.4462890625 0.2587890625 0.177734375 0.255859375
0 0.6357421875 0.265625 0.177734375 0.25
0 0.8212890625 0.2705078125 0.173828125 0.240234375
0 0.95703125 0.2802734375 0.08203125 0.244140625
0 0.044921875 0.2841796875 0.08984375 0.240234375
0 0.3544921875 0.484375 0.177734375 0.25390625
0 0.541015625 0.4912109375 0.1796875 0.244140625
0 0.9130859375 0.4970703125 0.169921875 0.248046875
0 0.732421875 0.4921875 0.171875 0.234375
0 0.08203125 0.5029296875 0.1640625 0.240234375
0 0.447265625 0.7109375 0.1796875 0.24609375
0 0.634765625 0.7099609375 0.1640625 0.236328125
0 0.95703125 0.7099609375 0.08203125 0.220703125
0 0.8193359375 0.71484375 0.169921875 0.23828125
0 0.0380859375 0.724609375 0.076171875 0.23046875
0 0.3544921875 0.90234375 0.166015625 0.19140625
0 0.537109375 0.90234375 0.1640625 0.19140625
0 0.720703125 0.9013671875 0.16796875 0.189453125
0 0.9033203125 0.9033203125 0.166015625 0.185546875
0 0.0859375 0.908203125 0.171875 0.1796875
