0 0.1123046875 0.0537109375 0.072265625 0.107421875
0 0.2021484375 0.03125 0.048828125 0.05859375
0 0.259765625 0.025390625 0.046875 0.05078125
0 0.31640625 0.0185546875 0.05078125 0.037109375
0 0.3759765625 0.0146484375 0.048828125 0.029296875
0 0.501953125 0.01171875 0.05078125 0.0234375
0 0.5625 0.009765625 0.046875 0.01953125
0 0.671875 0.0361328125 0.0625 0.068359375
0 0.7421875 0.033203125 0.05859375 0.06640625
0 0.6005859375 0.0419921875 0.060546875 0.068359375
0 0.0458984375 0.0400390625 0.044921875 0.052734375
0 0.5302734375 0.1103515625 0.162109375 0.185546875
0 0.41015625 0.0537109375 0.05078125 0.064453125
0 0.0087890625 0.0546875 0.013671875 0.05078125
0 0.3515625 0.064453125 0.046875 0.05859375
0 0.2958984375 0.076171875 0.048828125 0.05859375
0 0.240234375 0.083984375 0.046875 0.05859375
0 0.0751953125 0.091796875 0.041015625 0.05859375
0 0.181640625 0.0947265625 0.04296875 0.060546875
0 0.705078125 0.099609375 0.05859375 0.0625
0 0.634765625 0.103515625 0.0546875 0.06640625
0 0.0263671875 0.1025390625 0.041015625 0.060546875
0 0.50390625 0.1201171875 0.05859375 0.064453125
0 0.388671875 0.1201171875 0.05859375 0.064453125
0 0.3291015625 0.1318359375 0.052734375 0.064453125
0 0.271484375 0.138671875 0.04296875 0.05859375
0 0.107421875 0.14453125 0.04296875 0.05859375
0 0.2099609375 0.154296875 0.048828125 0.05859375
0 0.0556640625 0.154296875 0.044921875 0.0546875
0 0.671875 0.1669921875 0.0625 0.068359375
0 0.0146484375 0.1669921875 0.029296875 0.056640625
0 0.5390625 0.177734375 0.05859375 0.06640625
0 0.3662109375 0.1865234375 0.056640625 0.060546875
0 0.3037109375 0.1962890625 0.048828125 0.060546875
0 0.2451171875 0.203125 0.056640625 0.0625
0 0.08984375 0.2060546875 0.04296875 0.056640625
0 0.0380859375 0.2177734375 0.044921875 0.056640625
0 0.892578125 0.2578125 0.0859375 0.0625
0 0.84765625 0.30859375 0.0234375 0.0546875
0 0.8798828125 0.31640625 0.029296875 0.05078125
0 0.9091796875 0.322265625 0.021484375 0.0546875
0 0.9365234375 0.326171875 0.017578125 0.05078125
0 0.98046875 0.3369140625 0.01953125 0.044921875
0 0.8818359375 0.3779296875 0.107421875 0.068359375
0 0.953125 0.3876953125 0.01953125 0.052734375
0 0.9755859375 0.39453125 0.017578125 0.05078125
0 0.994140625 0.3955078125 0.0078125 0.044921875
0 0.85546875 0.44140625 0.0234375 0.0546875
0 0.8876953125 0.4404296875 0.021484375 0.052734375
0 0.9140625 0.44140625 0.01953125 0.05078125
0 0.94140625 0.4462890625 0.0234375 0.048828125
0 0.986328125 0.453125 0.01953125 0.05859375
0 0.884765625 0.5029296875 0.0234375 0.056640625
0 0.91015625 0.505859375 0.01953125 0.0625
0 0.9345703125 0.505859375 0.021484375 0.05859375
0 0.705078125 0.578125 0.0546875 0.0625
0 0.3115234375 0.578125 0.044921875 0.05859375
0 0.3720703125 0.578125 0.052734375 0.05859375
0 0.6357421875 0.5791015625 0.056640625 0.064453125
0 0.2509765625 0.578125 0.048828125 0.05859375
0 0.568359375 0.5791015625 0.05859375 0.060546875
0 0.033203125 0.580078125 0.046875 0.0546875
0 0.0888671875 0.580078125 0.041015625 0.0546875
0 0.2216796875 0.634765625 0.052734375 0.0625
0 0.40234375 0.638671875 0.0546875 0.0625
0 0.0146484375 0.634765625 0.029296875 0.0546875
0 0.0654296875 0.6357421875 0.044921875 0.052734375
0 0.53515625 0.6396484375 0.0546875 0.064453125
0 0.6923828125 0.673828125 0.095703125 0.1328125
0 0.7431640625 0.642578125 0.060546875 0.0703125
0 0.1171875 0.63671875 0.03515625 0.0546875
0 0.28125 0.6396484375 0.05078125 0.060546875
0 0.33984375 0.6396484375 0.05078125 0.060546875
0 0.6015625 0.6435546875 0.0546875 0.064453125
0 0.03515625 0.6904296875 0.04296875 0.052734375
0 0.1171875 0.6953125 0.09375 0.05859375
0 0.22265625 0.6982421875 0.1015625 0.064453125
0 0.3115234375 0.6982421875 0.048828125 0.056640625
0 0.37109375 0.701171875 0.0546875 0.0625
0 0.5380859375 0.7041015625 0.123046875 0.068359375
0 0.4306640625 0.7021484375 0.048828125 0.060546875
0 0.638671875 0.7060546875 0.05859375 0.064453125
0 0.779296875 0.708984375 0.05859375 0.0625
0 0.0185546875 0.74609375 0.037109375 0.0546875
0 0.0673828125 0.7470703125 0.041015625 0.056640625
0 0.1162109375 0.7509765625 0.044921875 0.060546875
0 0.2216796875 0.7578125 0.052734375 0.0625
0 0.283203125 0.7568359375 0.05078125 0.060546875
0 0.3388671875 0.7587890625 0.052734375 0.060546875
0 0.4013671875 0.763671875 0.052734375 0.0625
0 0.6064453125 0.765625 0.052734375 0.0625
0 0.5400390625 0.767578125 0.060546875 0.05859375
0 0.673828125 0.771484375 0.05859375 0.0625
0 0.7451171875 0.7744140625 0.064453125 0.064453125
0 0.0380859375 0.8037109375 0.041015625 0.060546875
0 0.005859375 0.80078125 0.01171875 0.05078125
0 0.0927734375 0.8046875 0.044921875 0.05859375
0 0.2509765625 0.818359375 0.052734375 0.06640625
0 0.30859375 0.8193359375 0.05078125 0.060546875
0 0.3671875 0.8232421875 0.05078125 0.064453125
0 0.5732421875 0.8291015625 0.052734375 0.060546875
0 0.6376953125 0.83203125 0.056640625 0.06640625
0 0.70703125 0.833984375 0.05859375 0.0625
0 0.9482421875 0.8818359375 0.021484375 0.064453125
0 0.908203125 0.9013671875 0.0546875 0.072265625
0 0.962890625 0.9365234375 0.0234375 0.060546875
0 0.9365234375 0.9482421875 0.017578125 0.056640625
0 0.89453125 0.9658203125 0.0546875 0.064453125
