0 0.23046875 0.1708984375 0.09765625 0.166015625
0 0.158203125 0.3388671875 0.0859375 0.166015625
0 0.2646484375 0.3447265625 0.095703125 0.173828125
0 0.0986328125 0.490234375 0.076171875 0.15625
0 0.2177734375 0.501953125 0.076171875 0.1640625
0 0.310546875 0.525390625 0.09765625 0.17578125
0 0.4609375 0.556640625 0.10546875 0.1796875
0 0.09765625 0.6298828125 0.0703125 0.115234375
0 0.185546875 0.640625 0.07421875 0.140625
0 0.28125 0.66796875 0.09375 0.1484375
0 0.3935546875 0.6904296875 0.099609375 0.173828125
0 0.54296875 0.7451171875 0.1171875 0.189453125
0 0.7001953125 0.767578125 0.126953125 0.2109375
