1 0.45703125 0.05078125 0.04296875 0.08203125
1 0.5078125 0.068359375 0.0390625 0.07421875
1 0.5537109375 0.091796875 0.033203125 0.0625
1 0.6083984375 0.1103515625 0.033203125 0.060546875
1 0.458984375 0.130859375 0.046875 0.07421875
1 0.6435546875 0.1240234375 0.025390625 0.060546875
1 0.5107421875 0.1484375 0.041015625 0.07421875
1 0.6796875 0.142578125 0.0234375 0.0546875
1 0.5634765625 0.1630859375 0.041015625 0.068359375
1 0.78515625 0.169921875 0.015625 0.046875
1 0.6005859375 0.1826171875 0.029296875 0.056640625
1 0.6416015625 0.1943359375 0.029296875 0.052734375
1 0.4609375 0.2080078125 0.04296875 0.068359375
1 0.6796875 0.2041015625 0.0234375 0.052734375
1 0.5107421875 0.220703125 0.041015625 0.06640625
1 0.744140625 0.220703125 0.01953125 0.05078125
1 0.556640625 0.236328125 0.0390625 0.0625
1 0.767578125 0.232421875 0.015625 0.0390625
1 0.6005859375 0.24609375 0.029296875 0.0546875
1 0.794921875 0.2412109375 0.015625 0.037109375
1 0.6455078125 0.2568359375 0.029296875 0.052734375
1 0.6787109375 0.265625 0.025390625 0.05078125
1 0.744140625 0.279296875 0.01953125 0.04296875
1 0.767578125 0.2880859375 0.015625 0.041015625
1 0.79296875 0.2900390625 0.01953125 0.037109375
1 0.458984375 0.330078125 0.046875 0.07421875
1 0.5146484375 0.3349609375 0.041015625 0.064453125
1 0.5634765625 0.3408203125 0.033203125 0.060546875
1 0.6064453125 0.345703125 0.029296875 0.05859375
1 0.6416015625 0.353515625 0.029296875 0.0546875
1 0.6796875 0.3544921875 0.0234375 0.052734375
1 0.7099609375 0.357421875 0.025390625 0.046875
1 0.7412109375 0.361328125 0.013671875 0.046875
1 0.763671875 0.3623046875 0.015625 0.044921875
1 0.7890625 0.3671875 0.01171875 0.04296875
1 0.810546875 0.369140625 0.01171875 0.03515625
1 0.830078125 0.3701171875 0.015625 0.037109375
1 0.8505859375 0.3701171875 0.009765625 0.037109375
1 0.8671875 0.3720703125 0.01171875 0.033203125
1 0.890625 0.375 0.01171875 0.0390625
1 0.9052734375 0.37890625 0.005859375 0.02734375
1 0.9365234375 0.3798828125 0.005859375 0.029296875
1 0.9189453125 0.3798828125 0.005859375 0.021484375
1 0.458984375 0.41015625 0.046875 0.06640625
1 0.5146484375 0.41015625 0.041015625 0.06640625
1 0.5634765625 0.4130859375 0.033203125 0.060546875
1 0.6083984375 0.412109375 0.025390625 0.05078125
1 0.6455078125 0.4150390625 0.029296875 0.056640625
1 0.681640625 0.4169921875 0.01953125 0.052734375
1 0.7099609375 0.4189453125 0.025390625 0.044921875
1 0.7392578125 0.4169921875 0.021484375 0.041015625
1 0.7607421875 0.4169921875 0.009765625 0.041015625
1 0.8037109375 0.4140625 0.005859375 0.03515625
1 0.78515625 0.4189453125 0.015625 0.037109375
1 0.8505859375 0.4189453125 0.009765625 0.037109375
1 0.8876953125 0.41796875 0.005859375 0.03515625
1 0.8681640625 0.4208984375 0.009765625 0.033203125
1 0.9052734375 0.4208984375 0.005859375 0.029296875
1 0.9189453125 0.4208984375 0.005859375 0.033203125
1 0.9365234375 0.4228515625 0.005859375 0.025390625
1 0.80859375 0.4658203125 0.015625 0.041015625
1 0.830078125 0.4638671875 0.015625 0.037109375
1 0.8515625 0.4619140625 0.0078125 0.033203125
1 0.8876953125 0.4619140625 0.005859375 0.033203125
1 0.9052734375 0.4599609375 0.005859375 0.029296875
1 0.9326171875 0.462890625 0.005859375 0.02734375
1 0.708984375 0.474609375 0.01953125 0.04296875
1 0.734375 0.47265625 0.01171875 0.046875
1 0.759765625 0.470703125 0.015625 0.04296875
1 0.7861328125 0.470703125 0.013671875 0.04296875
1 0.9189453125 0.4638671875 0.005859375 0.029296875
1 0.5166015625 0.4853515625 0.037109375 0.064453125
1 0.5595703125 0.4833984375 0.033203125 0.060546875
1 0.60546875 0.4814453125 0.02734375 0.056640625
1 0.6455078125 0.4814453125 0.029296875 0.056640625
1 0.6787109375 0.478515625 0.025390625 0.05078125
1 0.458984375 0.490234375 0.046875 0.06640625
1 0.9482421875 0.515625 0.009765625 0.0234375
1 0.9208984375 0.51953125 0.009765625 0.0234375
1 0.908203125 0.5234375 0.01171875 0.0234375
1 0.8681640625 0.52734375 0.009765625 0.03125
1 0.8857421875 0.5283203125 0.009765625 0.033203125
1 0.8330078125 0.5341796875 0.009765625 0.037109375
1 0.8505859375 0.5302734375 0.009765625 0.025390625
1 0.80859375 0.5390625 0.015625 0.0390625
1 0.783203125 0.5439453125 0.01171875 0.037109375
1 0.734375 0.5546875 0.01953125 0.04296875
1 0.7587890625 0.548828125 0.013671875 0.0390625
1 0.955078125 0.544921875 0.0078125 0.0234375
1 0.6748046875 0.564453125 0.025390625 0.0546875
1 0.703125 0.55859375 0.01953125 0.04296875
1 0.927734375 0.5517578125 0.0078125 0.017578125
1 0.63671875 0.572265625 0.02734375 0.05078125
1 0.9052734375 0.5634765625 0.005859375 0.025390625
1 0.5986328125 0.576171875 0.033203125 0.05078125
1 0.8837890625 0.5673828125 0.005859375 0.021484375
1 0.5498046875 0.587890625 0.033203125 0.0546875
1 0.849609375 0.5791015625 0.01171875 0.037109375
1 0.8662109375 0.5732421875 0.005859375 0.025390625
1 0.5048828125 0.5947265625 0.033203125 0.060546875
1 0.4541015625 0.6025390625 0.037109375 0.064453125
1 0.830078125 0.5849609375 0.015625 0.033203125
1 0.802734375 0.58984375 0.015625 0.03515625
1 0.9541015625 0.5810546875 0.005859375 0.021484375
1 0.783203125 0.5966796875 0.01171875 0.037109375
1 0.927734375 0.5927734375 0.0078125 0.021484375
1 0.759765625 0.6015625 0.015625 0.0390625
1 0.732421875 0.607421875 0.015625 0.04296875
1 0.9052734375 0.6015625 0.005859375 0.02734375
1 0.703125 0.6171875 0.01953125 0.05078125
1 0.8837890625 0.609375 0.005859375 0.03125
1 0.6640625 0.625 0.01953125 0.05078125
1 0.86328125 0.6162109375 0.01171875 0.033203125
1 0.6318359375 0.6328125 0.029296875 0.0546875
1 0.845703125 0.6220703125 0.01171875 0.033203125
1 0.828125 0.6279296875 0.01171875 0.037109375
1 0.5947265625 0.642578125 0.033203125 0.05859375
1 0.8056640625 0.6357421875 0.009765625 0.037109375
1 0.9638671875 0.6279296875 0.005859375 0.021484375
1 0.78515625 0.64453125 0.015625 0.0390625
1 0.9501953125 0.634765625 0.005859375 0.0234375
1 0.5498046875 0.6572265625 0.033203125 0.060546875
1 0.5009765625 0.66796875 0.033203125 0.06640625
1 0.7548828125 0.6513671875 0.017578125 0.041015625
1 0.9365234375 0.6416015625 0.005859375 0.021484375
1 0.732421875 0.6611328125 0.015625 0.041015625
1 0.923828125 0.6513671875 0.0078125 0.021484375
1 0.455078125 0.68359375 0.046875 0.0703125
1 0.701171875 0.669921875 0.0234375 0.05078125
1 0.91015625 0.6552734375 0.0078125 0.021484375
1 0.896484375 0.6630859375 0.0078125 0.025390625
1 0.666015625 0.6826171875 0.0234375 0.048828125
1 0.880859375 0.6728515625 0.01171875 0.025390625
1 0.9638671875 0.6650390625 0.005859375 0.013671875
1 0.9462890625 0.673828125 0.005859375 0.0234375
1 0.6298828125 0.6953125 0.025390625 0.046875
1 0.8662109375 0.6806640625 0.005859375 0.021484375
1 0.849609375 0.689453125 0.01171875 0.03125
1 0.5927734375 0.70703125 0.029296875 0.05078125
1 0.8291015625 0.6943359375 0.013671875 0.037109375
1 0.92578125 0.6845703125 0.01171875 0.017578125
1 0.8076171875 0.7060546875 0.013671875 0.037109375
1 0.9072265625 0.6962890625 0.001953125 0.021484375
1 0.896484375 0.7060546875 0.0078125 0.025390625
1 0.552734375 0.7216796875 0.03125 0.056640625
1 0.87890625 0.7138671875 0.0078125 0.021484375
1 0.78515625 0.71875 0.015625 0.03515625
1 0.9462890625 0.7109375 0.005859375 0.015625
1 0.5029296875 0.73828125 0.037109375 0.05859375
1 0.861328125 0.7236328125 0.0078125 0.025390625
1 0.92578125 0.71875 0.01171875 0.0234375
1 0.75390625 0.7333984375 0.015625 0.041015625
1 0.845703125 0.734375 0.01171875 0.03125
1 0.73046875 0.7421875 0.01953125 0.0390625
1 0.828125 0.7412109375 0.01171875 0.037109375
1 0.90625 0.732421875 0.0078125 0.01953125
1 0.4541015625 0.755859375 0.044921875 0.0625
1 0.892578125 0.7421875 0.0078125 0.0234375
1 0.703125 0.755859375 0.01953125 0.0390625
1 0.8056640625 0.751953125 0.009765625 0.0390625
1 0.876953125 0.755859375 0.01171875 0.03125
1 0.677734375 0.76953125 0.01953125 0.046875
1 0.783203125 0.7646484375 0.01171875 0.037109375
1 0.859375 0.7607421875 0.01171875 0.025390625
1 0.7548828125 0.77734375 0.013671875 0.04296875
1 0.634765625 0.7861328125 0.0234375 0.048828125
1 0.841796875 0.7734375 0.01171875 0.0234375
1 0.8232421875 0.787109375 0.009765625 0.03515625
1 0.59375 0.8017578125 0.0234375 0.056640625
1 0.728515625 0.7939453125 0.015625 0.041015625
1 0.80078125 0.7998046875 0.01171875 0.033203125
1 0.5546875 0.8193359375 0.03125 0.064453125
1 0.69921875 0.810546875 0.01953125 0.046875
1 0.779296875 0.8115234375 0.01171875 0.041015625
1 0.669921875 0.8271484375 0.0234375 0.052734375
1 0.75390625 0.828125 0.015625 0.046875
1 0.5029296875 0.8427734375 0.037109375 0.064453125
1 0.634765625 0.845703125 0.0234375 0.0546875
1 0.7265625 0.84375 0.01953125 0.04296875
1 0.4560546875 0.8642578125 0.041015625 0.068359375
1 0.5966796875 0.8642578125 0.029296875 0.056640625
1 0.69921875 0.8623046875 0.01953125 0.044921875
1 0.5498046875 0.87890625 0.033203125 0.05859375
1 0.669921875 0.884765625 0.0234375 0.046875
1 0.638671875 0.90234375 0.0234375 0.05078125
1 0.5009765625 0.9091796875 0.033203125 0.060546875
1 0.4521484375 0.9345703125 0.041015625 0.072265625
1 0.5966796875 0.927734375 0.029296875 0.05859375
1 0.21484375 0.95703125 0.07421875 0.08203125
1 0.5498046875 0.9501953125 0.033203125 0.068359375
1 0.5009765625 0.9677734375 0.041015625 0.060546875
1 0.1279296875 0.97265625 0.076171875 0.05078125
1 0.4521484375 0.9833984375 0.041015625 0.029296875
1 0.0537109375 0.9912109375 0.044921875 0.013671875
