1 0.904296875 0.328125 0.03515625 0.0546875
1 0.865234375 0.3388671875 0.03125 0.056640625
1 0.822265625 0.349609375 0.02734375 0.0546875
1 0.7802734375 0.357421875 0.037109375 0.0625
1 0.734375 0.3671875 0.03515625 0.0625
1 0.6875 0.3818359375 0.0390625 0.064453125
1 0.904296875 0.38671875 0.03515625 0.05859375
1 0.630859375 0.396484375 0.0390625 0.06640625
1 0.576171875 0.4091796875 0.04296875 0.072265625
1 0.86328125 0.400390625 0.02734375 0.0546875
1 0.5244140625 0.421875 0.048828125 0.07421875
1 0.46484375 0.4384765625 0.046875 0.076171875
1 0.81640625 0.419921875 0.03125 0.05078125
1 0.7763671875 0.4287109375 0.037109375 0.056640625
1 0.734375 0.4365234375 0.03515625 0.060546875
1 0.685546875 0.45703125 0.03515625 0.0625
1 0.900390625 0.4609375 0.02734375 0.05859375
1 0.630859375 0.4716796875 0.046875 0.068359375
1 0.86328125 0.4716796875 0.02734375 0.056640625
1 0.576171875 0.482421875 0.04296875 0.0625
1 0.8203125 0.4873046875 0.03125 0.060546875
1 0.521484375 0.4990234375 0.046875 0.064453125
1 0.77734375 0.498046875 0.03125 0.05859375
1 0.462890625 0.515625 0.05078125 0.0703125
1 0.73046875 0.509765625 0.03515625 0.0625
1 0.68359375 0.5244140625 0.0390625 0.060546875
1 0.634765625 0.5419921875 0.046875 0.064453125
1 0.900390625 0.5283203125 0.02734375 0.044921875
1 0.86328125 0.5400390625 0.02734375 0.048828125
1 0.8203125 0.55078125 0.0390625 0.05859375
1 0.580078125 0.5625 0.04296875 0.0703125
1 0.771484375 0.564453125 0.0390625 0.0546875
1 0.525390625 0.5830078125 0.046875 0.072265625
1 0.7255859375 0.5830078125 0.037109375 0.060546875
1 0.46875 0.595703125 0.046875 0.06640625
1 0.6796875 0.5966796875 0.0390625 0.064453125
1 0.41015625 0.6103515625 0.05078125 0.072265625
1 0.6328125 0.6123046875 0.03515625 0.056640625
1 0.583984375 0.6337890625 0.04296875 0.060546875
1 0.529296875 0.6513671875 0.046875 0.072265625
1 0.4765625 0.671875 0.046875 0.078125
1 0.404296875 0.6884765625 0.0546875 0.072265625
