1 0.2080078125 0.486328125 0.115234375 0.11328125
1 0.3515625 0.484375 0.11328125 0.109375
1 0.6455078125 0.572265625 0.068359375 0.06640625
1 0.740234375 0.5732421875 0.06640625 0.068359375
1 0.8359375 0.572265625 0.0703125 0.06640625
1 0.931640625 0.5732421875 0.0703125 0.064453125
1 0.1416015625 0.599609375 0.115234375 0.109375
1 0.419921875 0.599609375 0.1171875 0.109375
1 0.28125 0.6025390625 0.12109375 0.111328125
1 0.6455078125 0.65625 0.068359375 0.0625
1 0.7392578125 0.65625 0.068359375 0.0625
1 0.8330078125 0.65625 0.068359375 0.0625
1 0.9267578125 0.658203125 0.068359375 0.06640625
1 0.078125 0.7138671875 0.109375 0.111328125
1 0.2138671875 0.7119140625 0.115234375 0.107421875
1 0.3505859375 0.7119140625 0.111328125 0.107421875
1 0.490234375 0.7138671875 0.11328125 0.111328125
1 0.64453125 0.73828125 0.06640625 0.06640625
1 0.73828125 0.7392578125 0.06640625 0.068359375
1 0.830078125 0.7412109375 0.06640625 0.064453125
1 0.923828125 0.740234375 0.06640625 0.0625
