0 0.42578125 0.337890625 0.1171875 0.1796875
0 0.5517578125 0.333984375 0.095703125 0.15625
0 0.65625 0.3388671875 0.08203125 0.150390625
0 0.9541015625 0.4296875 0.041015625 0.1015625
0 0.861328125 0.4560546875 0.0546875 0.126953125
0 0.7890625 0.4716796875 0.06640625 0.130859375
0 0.6025390625 0.4853515625 0.091796875 0.142578125
0 0.7021484375 0.484375 0.080078125 0.13671875
0 0.4931640625 0.5029296875 0.099609375 0.173828125
0 0.359375 0.51953125 0.12890625 0.19140625
0 0.9873046875 0.490234375 0.021484375 0.1015625
0 0.8876953125 0.576171875 0.052734375 0.12109375
0 0.9462890625 0.5654296875 0.044921875 0.099609375
0 0.8193359375 0.5927734375 0.048828125 0.119140625
0 0.7451171875 0.609375 0.068359375 0.12890625
0 0.6591796875 0.630859375 0.080078125 0.14453125
0 0.5576171875 0.654296875 0.099609375 0.15625
0 0.435546875 0.685546875 0.12109375 0.171875
0 0.291015625 0.7177734375 0.14453125 0.185546875
