1 0.099609375 0.025390625 0.08984375 0.05078125
1 0.203125 0.025390625 0.1015625 0.05078125
1 0.306640625 0.0234375 0.09375 0.046875
1 0.0166015625 0.0322265625 0.033203125 0.056640625
1 0.3173828125 0.0791015625 0.091796875 0.052734375
1 0.2099609375 0.083984375 0.091796875 0.05078125
1 0.1123046875 0.0859375 0.091796875 0.046875
1 0.02734375 0.091796875 0.0546875 0.05078125
1 0.21875 0.140625 0.08984375 0.05078125
1 0.3251953125 0.13671875 0.091796875 0.05078125
1 0.119140625 0.140625 0.09375 0.05078125
1 0.0302734375 0.1484375 0.060546875 0.046875
1 0.3349609375 0.189453125 0.091796875 0.0546875
1 0.2275390625 0.1943359375 0.091796875 0.052734375
1 0.125 0.197265625 0.08984375 0.046875
1 0.0341796875 0.201171875 0.068359375 0.046875
1 0.345703125 0.2724609375 0.09375 0.099609375
1 0.134765625 0.25 0.08984375 0.046875
1 0.2373046875 0.25 0.091796875 0.046875
1 0.0458984375 0.2783203125 0.091796875 0.095703125
1 0.248046875 0.298828125 0.0859375 0.046875
1 0.1455078125 0.30078125 0.087890625 0.04296875
1 0.1572265625 0.3515625 0.087890625 0.046875
1 0.35546875 0.349609375 0.0859375 0.04296875
1 0.0546875 0.3544921875 0.08984375 0.041015625
1 0.251953125 0.3525390625 0.0859375 0.037109375
1 0.064453125 0.4072265625 0.0859375 0.044921875
1 0.1640625 0.4033203125 0.0859375 0.041015625
1 0.259765625 0.4033203125 0.08203125 0.041015625
1 0.357421875 0.40625 0.08984375 0.046875
1 0.0966796875 0.4677734375 0.158203125 0.037109375
1 0.2216796875 0.4677734375 0.076171875 0.037109375
1 0.3076171875 0.4697265625 0.072265625 0.033203125
1 0.05859375 0.5302734375 0.07421875 0.072265625
1 0.1416015625 0.5107421875 0.076171875 0.033203125
1 0.2275390625 0.5302734375 0.072265625 0.072265625
1 0.3173828125 0.5126953125 0.072265625 0.037109375
1 0.1455078125 0.55078125 0.068359375 0.03125
1 0.3193359375 0.5546875 0.068359375 0.03515625
1 0.072265625 0.6083984375 0.08203125 0.068359375
1 0.1513671875 0.5908203125 0.072265625 0.033203125
1 0.234375 0.5908203125 0.078125 0.033203125
1 0.3232421875 0.5947265625 0.068359375 0.033203125
1 0.1591796875 0.6279296875 0.068359375 0.029296875
1 0.2392578125 0.6298828125 0.076171875 0.033203125
1 0.3212890625 0.634765625 0.072265625 0.03515625
1 0.0849609375 0.6640625 0.064453125 0.03125
1 0.1630859375 0.6650390625 0.068359375 0.033203125
1 0.2431640625 0.6708984375 0.068359375 0.033203125
1 0.3232421875 0.6728515625 0.068359375 0.029296875
1 0.0888671875 0.703125 0.068359375 0.03125
1 0.16796875 0.7060546875 0.0703125 0.033203125
1 0.2490234375 0.7080078125 0.068359375 0.029296875
1 0.3271484375 0.708984375 0.068359375 0.03125
1 0.0986328125 0.7392578125 0.064453125 0.029296875
1 0.173828125 0.7431640625 0.06640625 0.029296875
1 0.2548828125 0.7431640625 0.072265625 0.029296875
1 0.3349609375 0.7470703125 0.064453125 0.029296875
1 0.251953125 0.794921875 0.04296875 0.04296875
1 0.1572265625 0.796875 0.037109375 0.0390625
1 0.203125 0.796875 0.04296875 0.0390625
1 0.298828125 0.796875 0.0390625 0.0390625
1 0.3466796875 0.798828125 0.037109375 0.04296875
1 0.39453125 0.7939453125 0.04296875 0.033203125
1 0.1103515625 0.798828125 0.033203125 0.03515625
1 0.4658203125 0.8271484375 0.041015625 0.091796875
1 0.5146484375 0.80859375 0.041015625 0.04296875
1 0.5654296875 0.810546875 0.044921875 0.046875
1 0.6171875 0.810546875 0.04296875 0.046875
1 0.6689453125 0.8125 0.041015625 0.04296875
1 0.7236328125 0.8212890625 0.041015625 0.041015625
1 0.779296875 0.8232421875 0.046875 0.037109375
1 0.3994140625 0.8369140625 0.041015625 0.037109375
1 0.0166015625 0.8369140625 0.033203125 0.029296875
1 0.1611328125 0.8408203125 0.037109375 0.037109375
1 0.2080078125 0.861328125 0.041015625 0.078125
1 0.2529296875 0.8408203125 0.041015625 0.037109375
1 0.3037109375 0.8408203125 0.037109375 0.037109375
1 0.1103515625 0.8427734375 0.033203125 0.033203125
1 0.34765625 0.845703125 0.0390625 0.0390625
1 0.5146484375 0.857421875 0.041015625 0.04296875
1 0.5634765625 0.861328125 0.041015625 0.04296875
1 0.615234375 0.9052734375 0.046875 0.130859375
1 0.6650390625 0.8857421875 0.041015625 0.083984375
1 0.720703125 0.8720703125 0.046875 0.037109375
1 0.775390625 0.8720703125 0.046875 0.037109375
1 0.0234375 0.8701171875 0.046875 0.025390625
1 0.1171875 0.9033203125 0.046875 0.072265625
1 0.1630859375 0.8837890625 0.033203125 0.033203125
1 0.2548828125 0.8857421875 0.037109375 0.037109375
1 0.3056640625 0.8857421875 0.033203125 0.037109375
1 0.3505859375 0.8896484375 0.041015625 0.037109375
1 0.3974609375 0.8896484375 0.037109375 0.037109375
1 0.4638671875 0.896484375 0.037109375 0.04296875
1 0.5107421875 0.923828125 0.041015625 0.078125
1 0.5634765625 0.908203125 0.041015625 0.0390625
1 0.0322265625 0.9072265625 0.044921875 0.029296875
1 0.712890625 0.9375 0.046875 0.078125
1 0.767578125 0.939453125 0.05078125 0.08203125
1 0.1630859375 0.9228515625 0.033203125 0.033203125
1 0.2109375 0.9248046875 0.03515625 0.029296875
1 0.2568359375 0.9248046875 0.033203125 0.029296875
1 0.3037109375 0.9296875 0.037109375 0.0390625
1 0.3505859375 0.9326171875 0.033203125 0.033203125
1 0.3994140625 0.9501953125 0.041015625 0.068359375
1 0.4609375 0.94140625 0.04296875 0.03515625
1 0.0341796875 0.94140625 0.041015625 0.0234375
1 0.5615234375 0.94921875 0.044921875 0.03515625
1 0.6611328125 0.9521484375 0.041015625 0.037109375
1 0.1279296875 0.9619140625 0.033203125 0.029296875
1 0.1669921875 0.9619140625 0.033203125 0.029296875
1 0.2138671875 0.9619140625 0.037109375 0.029296875
1 0.2607421875 0.9658203125 0.033203125 0.029296875
1 0.306640625 0.9677734375 0.03515625 0.033203125
1 0.3525390625 0.9765625 0.037109375 0.04296875
1 0.0029296875 0.974609375 0.005859375 0.01953125
1 0.0400390625 0.9765625 0.048828125 0.0234375
1 0.4619140625 0.9814453125 0.041015625 0.033203125
1 0.5126953125 0.9833984375 0.037109375 0.029296875
1 0.5615234375 0.9853515625 0.037109375 0.025390625
1 0.6611328125 0.9853515625 0.041015625 0.025390625
1 0.609375 0.98828125 0.046875 0.01953125
1 0.15625 0.990234375 0.07421875 0.015625
1 0.21875 0.990234375 0.0390625 0.015625
1 0.7099609375 0.990234375 0.041015625 0.015625
1 0.763671875 0.9921875 0.04296875 0.01171875
1 0.2626953125 0.9921875 0.037109375 0.01171875
1 0.3076171875 0.994140625 0.037109375 0.0078125
1 0.396484375 0.994140625 0.0390625 0.0078125
1 0.0390625 0.9970703125 0.04296875 0.001953125
