1 0.01171875 0.033203125 0.0234375 0.06640625
1 0.0859375 0.0634765625 0.10546875 0.126953125
1 0.1728515625 0.0673828125 0.060546875 0.134765625
1 0.240234375 0.0703125 0.0625 0.140625
1 0.3623046875 0.01171875 0.068359375 0.0234375
1 0.439453125 0.01171875 0.07421875 0.0234375
1 0.5205078125 0.0146484375 0.072265625 0.029296875
1 0.6015625 0.0146484375 0.078125 0.029296875
1 0.2998046875 0.0791015625 0.044921875 0.134765625
1 0.3623046875 0.1044921875 0.068359375 0.146484375
1 0.4384765625 0.11328125 0.072265625 0.15234375
1 0.5166015625 0.11328125 0.076171875 0.15234375
1 0.6015625 0.1171875 0.078125 0.16015625
1 0.083984375 0.2841796875 0.05078125 0.111328125
1 0.0087890625 0.2861328125 0.017578125 0.115234375
1 0.146484375 0.2939453125 0.0546875 0.123046875
1 0.2080078125 0.369140625 0.056640625 0.2578125
1 0.26171875 0.2666015625 0.03515625 0.025390625
1 0.2744140625 0.36328125 0.064453125 0.14453125
1 0.3466796875 0.37890625 0.068359375 0.140625
1 0.4169921875 0.39453125 0.068359375 0.14453125
1 0.4931640625 0.41015625 0.072265625 0.15234375
1 0.0908203125 0.4140625 0.052734375 0.12890625
1 0.1484375 0.421875 0.05078125 0.12890625
1 0.0166015625 0.4189453125 0.033203125 0.123046875
1 0.27734375 0.5107421875 0.05859375 0.146484375
1 0.34765625 0.5986328125 0.06640625 0.294921875
1 0.4189453125 0.6162109375 0.064453125 0.294921875
1 0.0927734375 0.5400390625 0.048828125 0.115234375
1 0.4931640625 0.634765625 0.072265625 0.29296875
1 0.01953125 0.603515625 0.0390625 0.23046875
1 0.150390625 0.5517578125 0.05078125 0.115234375
1 0.2080078125 0.560546875 0.056640625 0.12109375
1 0.279296875 0.65234375 0.0625 0.14453125
1 0.09375 0.66015625 0.05078125 0.12109375
1 0.1533203125 0.6943359375 0.056640625 0.162109375
1 0.216796875 0.70703125 0.05859375 0.15625
1 0.046875 0.830078125 0.04296875 0.2265625
1 0.0888671875 0.84375 0.041015625 0.25390625
1 0.009765625 0.7431640625 0.01953125 0.041015625
1 0.28125 0.7890625 0.05859375 0.1328125
1 0.6484375 0.7802734375 0.05078125 0.103515625
1 0.34765625 0.8115234375 0.06640625 0.142578125
1 0.201171875 0.7646484375 0.03515625 0.033203125
1 0.607421875 0.787109375 0.0234375 0.046875
1 0.009765625 0.8076171875 0.01953125 0.080078125
1 0.4189453125 0.8349609375 0.064453125 0.138671875
1 0.1591796875 0.8203125 0.033203125 0.08203125
1 0.201171875 0.830078125 0.04296875 0.08984375
1 0.4921875 0.853515625 0.06640625 0.140625
1 0.2431640625 0.84765625 0.029296875 0.08984375
1 0.59375 0.8671875 0.05078125 0.09375
1 0.6435546875 0.916015625 0.052734375 0.1640625
1 0.01171875 0.896484375 0.0234375 0.078125
1 0.28515625 0.8876953125 0.03515625 0.060546875
1 0.1650390625 0.9091796875 0.033203125 0.080078125
1 0.5595703125 0.8837890625 0.009765625 0.025390625
1 0.205078125 0.9267578125 0.03515625 0.091796875
1 0.33203125 0.9033203125 0.0390625 0.052734375
1 0.37890625 0.9189453125 0.04296875 0.060546875
1 0.2451171875 0.939453125 0.033203125 0.0859375
1 0.4287109375 0.9375 0.044921875 0.05859375
1 0.53515625 0.94921875 0.04296875 0.09375
1 0.5859375 0.9580078125 0.046875 0.080078125
1 0.2900390625 0.9619140625 0.041015625 0.072265625
1 0.486328125 0.953125 0.0390625 0.0546875
1 0.3349609375 0.9658203125 0.041015625 0.064453125
1 0.380859375 0.9765625 0.04296875 0.04296875
1 0.427734375 0.9853515625 0.046875 0.025390625
1 0.4833984375 0.990234375 0.041015625 0.015625
