0 0.4453125 0.376953125 0.07421875 0.1484375
0 0.2060546875 0.3740234375 0.041015625 0.111328125
0 0.708984375 0.4345703125 0.109375 0.185546875
0 0.3720703125 0.41796875 0.060546875 0.1328125
0 0.1572265625 0.4091796875 0.037109375 0.111328125
0 0.1123046875 0.4375 0.037109375 0.1015625
0 0.30859375 0.455078125 0.05078125 0.12890625
0 0.6005859375 0.474609375 0.091796875 0.171875
0 0.2548828125 0.486328125 0.044921875 0.11328125
0 0.5146484375 0.5126953125 0.076171875 0.154296875
0 0.203125 0.509765625 0.04296875 0.11328125
0 0.021484375 0.4970703125 0.02734375 0.076171875
0 0.431640625 0.5400390625 0.06640625 0.138671875
0 0.158203125 0.529296875 0.03515625 0.08984375
0 0.3642578125 0.5712890625 0.056640625 0.130859375
0 0.11328125 0.5537109375 0.03515625 0.091796875
0 0.3017578125 0.59375 0.052734375 0.12109375
0 0.0537109375 0.583984375 0.029296875 0.08203125
0 0.01953125 0.599609375 0.02734375 0.078125
0 0.25 0.6123046875 0.0390625 0.103515625
0 0.197265625 0.62890625 0.0390625 0.10546875
0 0.1533203125 0.6474609375 0.037109375 0.091796875
0 0.11328125 0.6630859375 0.03125 0.091796875
0 0.0849609375 0.6708984375 0.029296875 0.076171875
0 0.0517578125 0.6865234375 0.029296875 0.080078125
0 0.0205078125 0.6953125 0.029296875 0.0703125
