0 0.224609375 0.484375 0.10546875 0.0625
0 0.076171875 0.48828125 0.10546875 0.06640625
0 0.3359375 0.5 0.09375 0.05859375
0 0.4287109375 0.5712890625 0.095703125 0.060546875
0 0.494140625 0.6455078125 0.05078125 0.056640625
0 0.654296875 0.673828125 0.0234375 0.0390625
0 0.5712890625 0.69921875 0.115234375 0.06640625
0 0.1591796875 0.703125 0.103515625 0.05859375
0 0.2744140625 0.703125 0.107421875 0.05859375
0 0.0146484375 0.71875 0.025390625 0.04296875
0 0.9599609375 0.7421875 0.076171875 0.0625
0 0.8486328125 0.75 0.107421875 0.0625
0 0.375 0.7568359375 0.10546875 0.056640625
0 0.13671875 0.7724609375 0.09765625 0.056640625
0 0.25 0.7744140625 0.09765625 0.052734375
0 0.0302734375 0.783203125 0.060546875 0.05078125
0 0.7783203125 0.8046875 0.115234375 0.05859375
0 0.9169921875 0.80078125 0.103515625 0.05078125
0 0.3349609375 0.818359375 0.095703125 0.0546875
0 0.44921875 0.8212890625 0.1015625 0.052734375
0 0.21484375 0.8291015625 0.09765625 0.052734375
0 0.095703125 0.830078125 0.1015625 0.05078125
0 0.849609375 0.853515625 0.09765625 0.0546875
0 0.0107421875 0.8486328125 0.021484375 0.037109375
0 0.978515625 0.8544921875 0.0390625 0.052734375
0 0.7216796875 0.865234375 0.099609375 0.05078125
0 0.177734375 0.8798828125 0.09375 0.044921875
0 0.447265625 0.8818359375 0.1015625 0.048828125
0 0.05859375 0.8896484375 0.09765625 0.048828125
0 0.3203125 0.88671875 0.09765625 0.05078125
0 0.93359375 0.900390625 0.09765625 0.0546875
0 0.7900390625 0.9189453125 0.095703125 0.052734375
0 0.671875 0.9287109375 0.09765625 0.048828125
0 0.2744140625 0.9345703125 0.091796875 0.052734375
0 0.38671875 0.93359375 0.09765625 0.05078125
0 0.15625 0.9365234375 0.09375 0.048828125
0 0.04296875 0.9453125 0.0859375 0.046875
0 0.875 0.9658203125 0.09765625 0.052734375
0 0.9755859375 0.974609375 0.044921875 0.046875
0 0.724609375 0.978515625 0.09765625 0.03515625
0 0.2236328125 0.9833984375 0.099609375 0.029296875
0 0.3330078125 0.982421875 0.087890625 0.03125
0 0.015625 0.986328125 0.03125 0.0234375
0 0.107421875 0.9873046875 0.08984375 0.021484375
