0 0.923828125 0.2255859375 0.109375 0.216796875
0 0.8037109375 0.2587890625 0.123046875 0.228515625
0 0.66015625 0.29296875 0.14453125 0.2421875
0 0.4951171875 0.330078125 0.166015625 0.26953125
0 0.962890625 0.40625 0.0703125 0.19921875
0 0.861328125 0.4404296875 0.11328125 0.208984375
0 0.7294921875 0.486328125 0.119140625 0.22265625
0 0.5849609375 0.5439453125 0.142578125 0.248046875
0 0.4091796875 0.5927734375 0.177734375 0.263671875
0 0.9833984375 0.5830078125 0.029296875 0.150390625
0 0.9111328125 0.6123046875 0.107421875 0.197265625
0 0.7919921875 0.658203125 0.115234375 0.2109375
0 0.6513671875 0.71484375 0.126953125 0.22265625
0 0.494140625 0.78515625 0.15234375 0.2421875
0 0.314453125 0.861328125 0.1796875 0.25390625
0 0.11328125 0.8916015625 0.2109375 0.193359375
