0 0.6279296875 0.103515625 0.099609375 0.20703125
0 0.7080078125 0.1513671875 0.091796875 0.302734375
0 0.8115234375 0.04296875 0.060546875 0.0859375
0 0.8583984375 0.0810546875 0.064453125 0.158203125
0 0.501953125 0.2880859375 0.1171875 0.376953125
0 0.7841796875 0.25 0.072265625 0.29296875
0 0.9052734375 0.189453125 0.060546875 0.1640625
0 0.96875 0.2548828125 0.05859375 0.244140625
0 0.828125 0.3330078125 0.0625 0.248046875
0 0.6064453125 0.396484375 0.107421875 0.33984375
0 0.896484375 0.4189453125 0.05078125 0.224609375
0 0.6943359375 0.486328125 0.083984375 0.30078125
0 0.38671875 0.6015625 0.14453125 0.39453125
0 0.9609375 0.5146484375 0.0625 0.212890625
0 0.759765625 0.5634765625 0.08203125 0.271484375
0 0.8369140625 0.615234375 0.076171875 0.24609375
0 0.4990234375 0.66796875 0.119140625 0.34765625
0 0.8837890625 0.6787109375 0.048828125 0.220703125
0 0.603515625 0.7412109375 0.1015625 0.337890625
0 0.94921875 0.7509765625 0.06640625 0.216796875
0 0.6669921875 0.8095703125 0.087890625 0.275390625
0 0.724609375 0.841796875 0.06640625 0.24609375
0 0.3994140625 0.904296875 0.126953125 0.18359375
0 0.861328125 0.9091796875 0.06640625 0.177734375
0 0.521484375 0.9287109375 0.08984375 0.138671875
0 0.9267578125 0.9453125 0.052734375 0.10546875
0 0.6025390625 0.9609375 0.052734375 0.07421875
