1 0.01953125 0.041015625 0.015625 0.078125
1 0.0517578125 0.0068359375 0.029296875 0.013671875
1 0.154296875 0.0537109375 0.07421875 0.107421875
1 0.2421875 0.04296875 0.078125 0.0859375
1 0.3408203125 0.029296875 0.076171875 0.05859375
1 0.4296875 0.0126953125 0.07421875 0.025390625
1 0.537109375 0.0615234375 0.08984375 0.123046875
1 0.6455078125 0.0439453125 0.099609375 0.087890625
1 0.7607421875 0.0263671875 0.103515625 0.052734375
1 0.83984375 0.0068359375 0.03515625 0.013671875
1 0.96484375 0.0556640625 0.06640625 0.111328125
1 0.8740234375 0.0791015625 0.095703125 0.146484375
1 0.072265625 0.0693359375 0.0703125 0.107421875
1 0.435546875 0.083984375 0.0859375 0.1328125
1 0.7607421875 0.1162109375 0.103515625 0.146484375
1 0.3427734375 0.115234375 0.080078125 0.1171875
1 0.240234375 0.1435546875 0.07421875 0.123046875
1 0.6455078125 0.15234375 0.099609375 0.140625
1 0.0234375 0.134765625 0.015625 0.09375
1 0.154296875 0.166015625 0.07421875 0.11328125
1 0.53515625 0.1806640625 0.08984375 0.130859375
1 0.96484375 0.193359375 0.06640625 0.14453125
1 0.0693359375 0.189453125 0.072265625 0.109375
1 0.4384765625 0.212890625 0.083984375 0.12890625
1 0.873046875 0.2314453125 0.1015625 0.146484375
1 0.3408203125 0.2421875 0.083984375 0.125
1 0.7587890625 0.26953125 0.107421875 0.14453125
1 0.017578125 0.2451171875 0.01953125 0.095703125
1 0.2421875 0.263671875 0.078125 0.11328125
1 0.6474609375 0.2890625 0.095703125 0.140625
1 0.1533203125 0.2861328125 0.080078125 0.111328125
1 0.537109375 0.314453125 0.09375 0.1328125
1 0.0703125 0.3056640625 0.07421875 0.107421875
1 0.4384765625 0.341796875 0.083984375 0.12109375
1 0.3466796875 0.3466796875 0.080078125 0.080078125
1 0.2451171875 0.34375 0.080078125 0.03125
1 0.1591796875 0.365234375 0.076171875 0.03125
1 0.2060546875 0.4384765625 0.091796875 0.146484375
1 0.0751953125 0.3837890625 0.076171875 0.037109375
1 0.8408203125 0.455078125 0.111328125 0.14453125
1 0.1005859375 0.4580078125 0.091796875 0.138671875
1 0.9755859375 0.4580078125 0.044921875 0.130859375
1 0.7177734375 0.48046875 0.103515625 0.12890625
1 0.0244140625 0.48046875 0.048828125 0.12890625
1 0.6044921875 0.4951171875 0.095703125 0.119140625
1 0.2001953125 0.587890625 0.095703125 0.14453125
1 0.0966796875 0.599609375 0.091796875 0.140625
1 0.8359375 0.6083984375 0.11328125 0.146484375
1 0.9716796875 0.6162109375 0.052734375 0.130859375
1 0.0185546875 0.6171875 0.037109375 0.12890625
1 0.7158203125 0.626953125 0.107421875 0.140625
1 0.1962890625 0.736328125 0.095703125 0.140625
1 0.0908203125 0.74609375 0.091796875 0.14453125
1 0.8369140625 0.7578125 0.111328125 0.12890625
1 0.0166015625 0.7607421875 0.033203125 0.134765625
1 0.96875 0.76953125 0.05859375 0.140625
1 0.7138671875 0.76953125 0.103515625 0.12890625
1 0.1943359375 0.89453125 0.103515625 0.140625
1 0.0888671875 0.9033203125 0.095703125 0.134765625
1 0.8369140625 0.90625 0.119140625 0.12890625
1 0.013671875 0.912109375 0.02734375 0.12890625
1 0.71484375 0.9111328125 0.10546875 0.119140625
