1 0.8974609375 0.3115234375 0.064453125 0.103515625
1 0.705078125 0.3564453125 0.09375 0.107421875
1 0.8544921875 0.302734375 0.001953125 0.0
1 0.80859375 0.3623046875 0.0859375 0.115234375
1 0.9521484375 0.4306640625 0.076171875 0.103515625
1 0.8447265625 0.4345703125 0.033203125 0.083984375
1 0.6171875 0.48828125 0.08203125 0.11328125
1 0.767578125 0.5107421875 0.09765625 0.126953125
1 0.50390625 0.5361328125 0.11328125 0.138671875
1 0.91796875 0.541015625 0.06640625 0.0859375
1 0.8349609375 0.5703125 0.080078125 0.10546875
1 0.7548828125 0.6171875 0.052734375 0.0625
1 0.640625 0.65625 0.09375 0.12109375
1 0.9794921875 0.65234375 0.037109375 0.09375
1 0.9091796875 0.669921875 0.072265625 0.11328125
1 0.52734375 0.7158203125 0.11328125 0.150390625
1 0.775390625 0.7001953125 0.08203125 0.107421875
1 0.6845703125 0.7685546875 0.099609375 0.126953125
1 0.5908203125 0.78515625 0.060546875 0.1015625
1 0.9462890625 0.830078125 0.068359375 0.11328125
1 0.4873046875 0.892578125 0.115234375 0.15234375
1 0.8603515625 0.8916015625 0.083984375 0.119140625
1 0.630859375 0.8701171875 0.07421875 0.048828125
1 0.5341796875 0.91796875 0.099609375 0.11328125
1 0.380859375 0.98046875 0.0546875 0.03515625
1 0.876953125 0.9814453125 0.0546875 0.033203125
