1 0.1005859375 0.041015625 0.041015625 0.08203125
1 0.1533203125 0.041015625 0.044921875 0.08203125
1 0.2109375 0.0439453125 0.0546875 0.087890625
1 0.1630859375 0.2216796875 0.044921875 0.126953125
1 0.11328125 0.21875 0.0390625 0.1171875
1 0.2353515625 0.240234375 0.060546875 0.16015625
1 0.30078125 0.25390625 0.0625 0.17578125
1 0.37890625 0.2607421875 0.07421875 0.177734375
1 0.490234375 0.26953125 0.078125 0.18359375
1 0.5849609375 0.287109375 0.091796875 0.20703125
1 0.1240234375 0.35546875 0.041015625 0.1171875
1 0.1767578125 0.365234375 0.044921875 0.125
1 0.248046875 0.41015625 0.0546875 0.15234375
1 0.310546875 0.4287109375 0.05859375 0.154296875
1 0.3857421875 0.4453125 0.060546875 0.17578125
1 0.4921875 0.4580078125 0.07421875 0.166015625
1 0.5791015625 0.478515625 0.087890625 0.18359375
1 0.1474609375 0.41796875 0.001953125 0.0
1 0.1728515625 0.5302734375 0.037109375 0.099609375
1 0.2216796875 0.5498046875 0.041015625 0.111328125
1 0.2666015625 0.5693359375 0.037109375 0.119140625
1 0.3154296875 0.59765625 0.048828125 0.125
1 0.373046875 0.623046875 0.05078125 0.1328125
1 0.4345703125 0.6552734375 0.060546875 0.142578125
1 0.1806640625 0.646484375 0.041015625 0.109375
1 0.505859375 0.677734375 0.0625 0.15234375
1 0.2265625 0.6728515625 0.0390625 0.107421875
1 0.591796875 0.7080078125 0.078125 0.166015625
1 0.271484375 0.6943359375 0.03515625 0.111328125
1 0.3173828125 0.7265625 0.044921875 0.12109375
1 0.37890625 0.755859375 0.046875 0.1171875
1 0.4404296875 0.7900390625 0.056640625 0.130859375
1 0.5087890625 0.8251953125 0.060546875 0.130859375
1 0.5859375 0.8642578125 0.07421875 0.150390625
