0 0.29296875 0.4453125 0.13671875 0.140625
0 0.15234375 0.44921875 0.05078125 0.12890625
0 0.455078125 0.525390625 0.171875 0.1796875
0 0.197265625 0.59765625 0.12890625 0.14453125
0 0.3623046875 0.62109375 0.146484375 0.1328125
0 0.546875 0.71484375 0.18359375 0.14453125
0 0.1640625 0.703125 0.07421875 0.12109375
0 0.28125 0.744140625 0.12890625 0.1171875
0 0.4375 0.8017578125 0.1484375 0.130859375
0 0.220703125 0.8369140625 0.109375 0.107421875
0 0.66796875 0.8662109375 0.1796875 0.158203125
0 0.3798828125 0.865234375 0.123046875 0.09375
0 0.1806640625 0.8974609375 0.099609375 0.087890625
0 0.537109375 0.9404296875 0.140625 0.115234375
0 0.3115234375 0.9453125 0.111328125 0.09375
