1 0.4296875 0.185546875 0.11328125 0.16796875
1 0.3037109375 0.19921875 0.091796875 0.16796875
1 0.189453125 0.19921875 0.078125 0.1484375
1 0.107421875 0.2060546875 0.07421875 0.134765625
1 0.0185546875 0.2099609375 0.037109375 0.134765625
1 0.0234375 0.36328125 0.046875 0.140625
1 0.1142578125 0.375 0.068359375 0.13671875
1 0.2060546875 0.37890625 0.072265625 0.14453125
1 0.3232421875 0.3916015625 0.095703125 0.162109375
1 0.4501953125 0.3984375 0.107421875 0.17578125
1 0.005859375 0.5166015625 0.01171875 0.119140625
1 0.0595703125 0.537109375 0.064453125 0.140625
1 0.1650390625 0.5537109375 0.072265625 0.146484375
1 0.265625 0.576171875 0.0859375 0.1640625
1 0.4052734375 0.6025390625 0.099609375 0.181640625
1 0.5498046875 0.6328125 0.123046875 0.19140625
1 0.005859375 0.671875 0.01171875 0.125
1 0.0595703125 0.697265625 0.064453125 0.140625
1 0.1748046875 0.7236328125 0.072265625 0.150390625
1 0.2763671875 0.7578125 0.091796875 0.16015625
1 0.41015625 0.8037109375 0.1015625 0.185546875
1 0.5546875 0.8505859375 0.12109375 0.201171875
