1 0.1748046875 0.1298828125 0.197265625 0.255859375
1 0.41796875 0.2099609375 0.34375 0.419921875
1 0.1875 0.4482421875 0.20703125 0.345703125
1 0.375 0.5537109375 0.15625 0.220703125
1 0.32421875 0.69140625 0.12109375 0.1640625
1 0.51953125 0.75390625 0.19140625 0.2265625
1 0.181640625 0.7255859375 0.09765625 0.150390625
1 0.0849609375 0.748046875 0.076171875 0.13671875
1 0.2978515625 0.8544921875 0.068359375 0.150390625
1 0.4033203125 0.8828125 0.158203125 0.1953125
1 0.2021484375 0.8642578125 0.083984375 0.111328125
1 0.8974609375 0.8466796875 0.064453125 0.064453125
1 0.958984375 0.849609375 0.07421875 0.0625
1 0.1220703125 0.9033203125 0.103515625 0.166015625
1 0.849609375 0.8583984375 0.0546875 0.052734375
1 0.6279296875 0.919921875 0.177734375 0.15625
1 0.923828125 0.9013671875 0.0625 0.056640625
1 0.9736328125 0.9111328125 0.044921875 0.060546875
1 0.8466796875 0.91796875 0.041015625 0.0390625
1 0.8916015625 0.9384765625 0.037109375 0.041015625
1 0.8466796875 0.94921875 0.037109375 0.0078125
1 0.953125 0.974609375 0.0625 0.046875
1 0.892578125 0.974609375 0.0390625 0.03125
1 0.8544921875 0.9716796875 0.021484375 0.017578125
