0 0.60546875 0.54296875 0.0625 0.041015625
0 0.748046875 0.541015625 0.05859375 0.037109375
0 0.533203125 0.544921875 0.060546875 0.041015625
0 0.67578125 0.544921875 0.056640625 0.041015625
0 0.822265625 0.548828125 0.064453125 0.044921875
0 0.90234375 0.548828125 0.064453125 0.044921875
0 0.357421875 0.58203125 0.05859375 0.046875
0 0.427734375 0.58203125 0.056640625 0.044921875
0 0.275390625 0.58984375 0.064453125 0.048828125
0 0.19921875 0.59375 0.0625 0.048828125
0 0.498046875 0.591796875 0.05859375 0.04296875
0 0.568359375 0.591796875 0.056640625 0.044921875
0 0.041015625 0.595703125 0.060546875 0.048828125
0 0.119140625 0.595703125 0.064453125 0.048828125
0 0.642578125 0.595703125 0.05078125 0.048828125
0 0.71484375 0.595703125 0.0625 0.046875
0 0.78125 0.591796875 0.05859375 0.041015625
0 0.8515625 0.59375 0.05859375 0.04296875
0 0.931640625 0.59765625 0.064453125 0.041015625
0 0.53515625 0.62890625 0.056640625 0.041015625
0 0.388671875 0.634765625 0.060546875 0.048828125
0 0.4609375 0.634765625 0.05859375 0.046875
0 0.60546875 0.630859375 0.056640625 0.041015625
0 0.67578125 0.630859375 0.056640625 0.041015625
0 0.2421875 0.6328125 0.056640625 0.041015625
0 0.314453125 0.63671875 0.060546875 0.046875
0 0.744140625 0.6328125 0.05078125 0.0390625
0 0.8828125 0.634765625 0.05859375 0.0390625
0 0.810546875 0.63671875 0.056640625 0.041015625
0 0.955078125 0.63671875 0.052734375 0.041015625
0 0.08203125 0.642578125 0.064453125 0.046875
0 0.158203125 0.64453125 0.06640625 0.046875
0 0.01953125 0.646484375 0.03515625 0.04296875
