1 0.810546875 0.12109375 0.134765625 0.228515625
1 0.66015625 0.140625 0.125 0.212890625
1 0.115234375 0.251953125 0.095703125 0.185546875
1 0.576171875 0.244140625 0.01953125 0.048828125
1 0.81640625 0.33984375 0.138671875 0.216796875
1 0.66015625 0.359375 0.130859375 0.212890625
1 0.51953125 0.388671875 0.125 0.216796875
1 0.349609375 0.392578125 0.11328125 0.19140625
1 0.234375 0.416015625 0.103515625 0.185546875
1 0.115234375 0.43359375 0.095703125 0.18359375
1 0.8203125 0.56640625 0.146484375 0.224609375
1 0.65625 0.5703125 0.130859375 0.21875
1 0.515625 0.5859375 0.1171875 0.197265625
1 0.34375 0.6015625 0.111328125 0.197265625
1 0.23046875 0.619140625 0.095703125 0.185546875
1 0.107421875 0.62890625 0.103515625 0.185546875
1 0.64453125 0.802734375 0.13671875 0.22265625
1 0.8046875 0.8046875 0.154296875 0.21875
1 0.4921875 0.8046875 0.12890625 0.20703125
1 0.33203125 0.810546875 0.11328125 0.1953125
1 0.21484375 0.82421875 0.099609375 0.19140625
1 0.09765625 0.830078125 0.107421875 0.1796875
