0 0.53515625 0.583984375 0.12109375 0.1796875
0 0.6953125 0.662109375 0.171875 0.337890625
0 0.28125 0.591796875 0.11328125 0.1640625
0 0.4375 0.6796875 0.1796875 0.328125
0 0.599609375 0.748046875 0.115234375 0.16796875
0 0.21484375 0.755859375 0.11328125 0.173828125
0 0.34375 0.755859375 0.125 0.1640625
0 0.662109375 0.8984375 0.11328125 0.1640625
0 0.28125 0.908203125 0.111328125 0.173828125
0 0.412109375 0.900390625 0.11328125 0.15625
0 0.537109375 0.90625 0.109375 0.16796875
0 0.7890625 0.90234375 0.115234375 0.162109375
0 0.158203125 0.912109375 0.111328125 0.16796875
0 0.84765625 0.984375 0.0703125 0.021484375
0 0.60546875 0.98828125 0.06640625 0.015625
0 0.7265625 0.98828125 0.06640625 0.015625
0 0.47265625 0.990234375 0.056640625 0.009765625
0 0.345703125 0.9921875 0.033203125 0.005859375
