0 0.125 0.091796875 0.12109375 0.181640625
0 0.4296875 0.103515625 0.1640625 0.19140625
0 0.046875 0.26953125 0.08984375 0.20703125
0 0.484375 0.326171875 0.197265625 0.3046875
0 0.166015625 0.2890625 0.123046875 0.2265625
0 0.3125 0.302734375 0.150390625 0.24609375
0 0.015625 0.45703125 0.025390625 0.1640625
0 0.091796875 0.486328125 0.115234375 0.208984375
0 0.21875 0.51953125 0.103515625 0.228515625
0 0.326171875 0.587890625 0.1796875 0.283203125
0 0.037109375 0.658203125 0.0703125 0.208984375
0 0.14453125 0.70703125 0.11328125 0.220703125
0 0.28125 0.775390625 0.13671875 0.224609375
0 0.451171875 0.845703125 0.1796875 0.265625
0 0.05078125 0.890625 0.09765625 0.2109375
0 0.185546875 0.919921875 0.123046875 0.15234375
0 0.34375 0.951171875 0.1484375 0.08984375
