0 0.1640625 0.29296875 0.041015625 0.041015625
0 0.275390625 0.310546875 0.03515625 0.041015625
0 0.17578125 0.359375 0.03515625 0.04296875
0 0.265625 0.39453125 0.04296875 0.046875
0 0.01953125 0.408203125 0.03515625 0.044921875
0 0.142578125 0.416015625 0.046875 0.046875
0 0.205078125 0.41796875 0.044921875 0.046875
0 0.365234375 0.44921875 0.0390625 0.041015625
0 0.033203125 0.44921875 0.037109375 0.03125
0 0.115234375 0.470703125 0.0390625 0.046875
0 0.2578125 0.46875 0.041015625 0.04296875
0 0.177734375 0.4765625 0.041015625 0.04296875
0 0.392578125 0.505859375 0.037109375 0.04296875
0 0.453125 0.51171875 0.041015625 0.046875
0 0.017578125 0.513671875 0.033203125 0.044921875
0 0.224609375 0.5234375 0.044921875 0.048828125
0 0.2890625 0.52734375 0.041015625 0.046875
0 0.08203125 0.529296875 0.041015625 0.04296875
0 0.142578125 0.53125 0.037109375 0.04296875
0 0.509765625 0.552734375 0.037109375 0.04296875
0 0.349609375 0.560546875 0.0390625 0.04296875
0 0.423828125 0.5625 0.037109375 0.041015625
0 0.009765625 0.568359375 0.015625 0.0390625
0 0.0546875 0.580078125 0.041015625 0.044921875
0 0.181640625 0.5859375 0.037109375 0.04296875
0 0.09375 0.599609375 0.041015625 0.04296875
0 0.236328125 0.599609375 0.037109375 0.04296875
0 0.458984375 0.619140625 0.041015625 0.046875
0 0.5234375 0.630859375 0.0390625 0.04296875
0 0.2890625 0.6328125 0.048828125 0.04296875
0 0.591796875 0.634765625 0.041015625 0.046875
0 0.017578125 0.6328125 0.03125 0.041015625
0 0.361328125 0.6328125 0.037109375 0.041015625
0 0.142578125 0.646484375 0.037109375 0.041015625
0 0.0625 0.654296875 0.041015625 0.04296875
0 0.203125 0.65625 0.04296875 0.048828125
0 0.642578125 0.673828125 0.046875 0.046875
0 0.8515625 0.673828125 0.048828125 0.044921875
0 0.779296875 0.677734375 0.044921875 0.04296875
0 0.5625 0.6796875 0.041015625 0.04296875
0 0.48046875 0.693359375 0.041015625 0.04296875
0 0.3125 0.705078125 0.041015625 0.046875
0 0.38671875 0.705078125 0.046875 0.046875
0 0.23828125 0.703125 0.044921875 0.041015625
0 0.10546875 0.70703125 0.03515625 0.0390625
0 0.67578125 0.712890625 0.046875 0.048828125
0 0.01171875 0.732421875 0.01953125 0.044921875
0 0.142578125 0.732421875 0.046875 0.044921875
0 0.818359375 0.732421875 0.037109375 0.04296875
0 0.95703125 0.736328125 0.046875 0.046875
0 0.88671875 0.734375 0.041015625 0.041015625
0 0.587890625 0.744140625 0.037109375 0.044921875
0 0.73046875 0.75 0.041015625 0.046875
0 0.515625 0.75 0.041015625 0.04296875
0 0.66015625 0.75 0.0390625 0.041015625
0 0.201171875 0.759765625 0.04296875 0.048828125
0 0.263671875 0.767578125 0.041015625 0.044921875
0 0.337890625 0.76953125 0.037109375 0.041015625
0 0.412109375 0.771484375 0.041015625 0.044921875
0 0.044921875 0.78515625 0.04296875 0.046875
0 0.1015625 0.79296875 0.04296875 0.046875
0 0.986328125 0.791015625 0.01953125 0.044921875
0 0.7734375 0.796875 0.041015625 0.041015625
0 0.845703125 0.798828125 0.046875 0.044921875
0 0.904296875 0.8125 0.044921875 0.048828125
0 0.630859375 0.810546875 0.0390625 0.041015625
0 0.685546875 0.814453125 0.044921875 0.048828125
0 0.537109375 0.822265625 0.041015625 0.05078125
0 0.220703125 0.83203125 0.044921875 0.048828125
0 0.154296875 0.833984375 0.041015625 0.044921875
0 0.279296875 0.845703125 0.04296875 0.044921875
0 0.3515625 0.853515625 0.04296875 0.044921875
0 0.056640625 0.861328125 0.046875 0.048828125
0 0.013671875 0.8671875 0.025390625 0.04296875
0 0.416015625 0.873046875 0.037109375 0.04296875
0 0.775390625 0.892578125 0.044921875 0.046875
0 0.990234375 0.888671875 0.01171875 0.041015625
0 0.099609375 0.908203125 0.041015625 0.046875
0 0.169921875 0.91015625 0.04296875 0.046875
0 0.234375 0.912109375 0.041015625 0.044921875
0 0.3046875 0.916015625 0.04296875 0.048828125
0 0.375 0.921875 0.04296875 0.048828125
0 0.546875 0.923828125 0.048828125 0.046875
0 0.833984375 0.923828125 0.044921875 0.044921875
0 0.4609375 0.935546875 0.041015625 0.04296875
0 0.607421875 0.94140625 0.041015625 0.046875
0 0.66796875 0.94140625 0.046875 0.046875
0 0.892578125 0.9453125 0.048828125 0.04296875
