0 0.544921875 0.05078125 0.0390625 0.087890625
0 0.59375 0.078125 0.033203125 0.08203125
0 0.642578125 0.09765625 0.03125 0.072265625
0 0.515625 0.12890625 0.0390625 0.08203125
0 0.6796875 0.125 0.025390625 0.0703125
0 0.5703125 0.154296875 0.0390625 0.083984375
0 0.619140625 0.173828125 0.03515625 0.080078125
0 0.666015625 0.1953125 0.03125 0.07421875
0 0.486328125 0.21484375 0.048828125 0.09375
0 0.70703125 0.2109375 0.03125 0.0703125
0 0.544921875 0.234375 0.041015625 0.087890625
0 0.595703125 0.25390625 0.037109375 0.08203125
0 0.64453125 0.267578125 0.03125 0.07421875
0 0.689453125 0.283203125 0.03125 0.068359375
0 0.4609375 0.310546875 0.0546875 0.099609375
0 0.728515625 0.29296875 0.021484375 0.064453125
0 0.521484375 0.32421875 0.04296875 0.09375
0 0.576171875 0.3359375 0.041015625 0.08984375
0 0.625 0.34765625 0.033203125 0.080078125
0 0.671875 0.357421875 0.02734375 0.07421875
0 0.7109375 0.373046875 0.0234375 0.07421875
0 0.748046875 0.380859375 0.025390625 0.068359375
0 0.484375 0.427734375 0.048828125 0.099609375
0 0.5546875 0.427734375 0.04296875 0.087890625
0 0.60546875 0.43359375 0.03515625 0.08203125
0 0.65234375 0.439453125 0.03515625 0.080078125
0 0.6953125 0.451171875 0.02734375 0.076171875
0 0.736328125 0.462890625 0.021484375 0.06640625
0 0.58203125 0.525390625 0.041015625 0.080078125
0 0.517578125 0.533203125 0.044921875 0.091796875
0 0.634765625 0.52734375 0.033203125 0.080078125
0 0.67578125 0.529296875 0.033203125 0.072265625
0 0.720703125 0.5390625 0.03125 0.072265625
0 0.5546875 0.62109375 0.041015625 0.087890625
0 0.65625 0.6171875 0.02734375 0.072265625
0 0.697265625 0.6171875 0.033203125 0.072265625
0 0.609375 0.625 0.0390625 0.083984375
0 0.859375 0.732421875 0.017578125 0.060546875
0 0.826171875 0.7421875 0.021484375 0.064453125
0 0.794921875 0.755859375 0.025390625 0.0703125
0 0.7578125 0.767578125 0.02734375 0.080078125
0 0.51171875 0.8125 0.05078125 0.1015625
0 0.44921875 0.826171875 0.056640625 0.10546875
0 0.875 0.802734375 0.017578125 0.052734375
0 0.375 0.845703125 0.064453125 0.11328125
0 0.845703125 0.818359375 0.01953125 0.056640625
0 0.291015625 0.85546875 0.078125 0.119140625
0 0.8125 0.830078125 0.025390625 0.06640625
0 0.779296875 0.849609375 0.02734375 0.07421875
0 0.732421875 0.86328125 0.029296875 0.080078125
0 0.892578125 0.875 0.01953125 0.05859375
0 0.548828125 0.908203125 0.046875 0.09765625
0 0.86328125 0.890625 0.017578125 0.064453125
0 0.484375 0.9296875 0.056640625 0.10546875
0 0.83203125 0.904296875 0.01953125 0.056640625
0 0.798828125 0.919921875 0.021484375 0.056640625
0 0.41796875 0.9453125 0.0625 0.1015625
0 0.76171875 0.939453125 0.03125 0.064453125
0 0.333984375 0.955078125 0.072265625 0.08203125
0 0.908203125 0.94140625 0.01953125 0.056640625
0 0.71484375 0.95703125 0.033203125 0.06640625
0 0.244140625 0.96484375 0.080078125 0.0625
0 0.87890625 0.9609375 0.017578125 0.056640625
0 0.8515625 0.970703125 0.017578125 0.044921875
0 0.578125 0.974609375 0.041015625 0.04296875
0 0.8203125 0.978515625 0.025390625 0.03515625
0 0.521484375 0.984375 0.041015625 0.0234375
0 0.78515625 0.990234375 0.017578125 0.01171875
