1 0.3046875 0.091796875 0.140625 0.13671875
1 0.62109375 0.091796875 0.140625 0.13671875
1 0.779296875 0.091796875 0.138671875 0.13671875
1 0.462890625 0.09765625 0.13671875 0.13671875
1 0.044921875 0.130859375 0.0859375 0.13671875
1 0.3046875 0.251953125 0.140625 0.130859375
1 0.6171875 0.251953125 0.140625 0.130859375
1 0.779296875 0.251953125 0.13671875 0.130859375
1 0.458984375 0.2578125 0.13671875 0.130859375
1 0.044921875 0.283203125 0.0859375 0.125
1 0.775390625 0.40625 0.14453125 0.140625
1 0.45703125 0.41015625 0.140625 0.130859375
1 0.6171875 0.41015625 0.140625 0.130859375
1 0.298828125 0.416015625 0.13671875 0.130859375
1 0.044921875 0.4375 0.087890625 0.130859375
1 0.451171875 0.56640625 0.134765625 0.134765625
1 0.61328125 0.56640625 0.140625 0.126953125
1 0.294921875 0.572265625 0.142578125 0.125
1 0.771484375 0.572265625 0.13671875 0.125
1 0.046875 0.5859375 0.091796875 0.130859375
1 0.451171875 0.728515625 0.142578125 0.140625
1 0.611328125 0.724609375 0.142578125 0.134765625
1 0.294921875 0.73046875 0.13671875 0.134765625
1 0.775390625 0.728515625 0.13671875 0.12890625
1 0.052734375 0.73828125 0.103515625 0.130859375
1 0.9921875 0.765625 0.005859375 0.064453125
1 0.6171875 0.888671875 0.1484375 0.146484375
1 0.7734375 0.888671875 0.140625 0.134765625
1 0.056640625 0.888671875 0.111328125 0.126953125
1 0.302734375 0.888671875 0.13671875 0.126953125
1 0.458984375 0.890625 0.13671875 0.130859375
1 0.9921875 0.859375 0.0078125 0.06640625
1 0.98828125 0.947265625 0.015625 0.06640625
