1 0.2890625 0.05859375 0.21484375 0.109375
1 0.52734375 0.03515625 0.20703125 0.064453125
1 0.759765625 0.01171875 0.177734375 0.017578125
1 0.951171875 0.05859375 0.083984375 0.09765625
1 0.779296875 0.0859375 0.201171875 0.119140625
1 0.5390625 0.1328125 0.2109375 0.12109375
1 0.302734375 0.171875 0.216796875 0.119140625
1 0.9609375 0.177734375 0.064453125 0.099609375
1 0.802734375 0.203125 0.2109375 0.12109375
1 0.556640625 0.248046875 0.216796875 0.119140625
1 0.326171875 0.28515625 0.228515625 0.126953125
1 0.96875 0.296875 0.0546875 0.095703125
1 0.822265625 0.322265625 0.208984375 0.123046875
1 0.572265625 0.369140625 0.20703125 0.123046875
1 0.34375 0.408203125 0.228515625 0.12890625
1 0.849609375 0.435546875 0.212890625 0.130859375
1 0.9765625 0.4140625 0.033203125 0.0859375
1 0.59375 0.484375 0.212890625 0.1328125
1 0.36328125 0.529296875 0.228515625 0.1328125
1 0.986328125 0.525390625 0.013671875 0.078125
1 0.87109375 0.556640625 0.212890625 0.12890625
1 0.611328125 0.6015625 0.21484375 0.1328125
1 0.37890625 0.6484375 0.21875 0.1328125
1 0.990234375 0.630859375 0.01171875 0.060546875
1 0.880859375 0.673828125 0.2109375 0.126953125
1 0.619140625 0.71484375 0.205078125 0.126953125
1 0.994140625 0.669921875 -0.001953125 -0.001953125
1 0.39453125 0.763671875 0.212890625 0.134765625
1 0.98828125 0.751953125 0.015625 0.064453125
1 0.87890625 0.7890625 0.197265625 0.12109375
1 0.638671875 0.826171875 0.2109375 0.12109375
1 0.419921875 0.876953125 0.21484375 0.138671875
1 0.896484375 0.90234375 0.19921875 0.125
1 0.673828125 0.939453125 0.208984375 0.11328125
1 0.44921875 0.962890625 0.212890625 0.060546875
