0 0.20703125 0.208984375 0.072265625 0.08984375
0 0.173828125 0.296875 0.064453125 0.095703125
0 0.255859375 0.30859375 0.05859375 0.09375
0 0.32421875 0.33203125 0.064453125 0.095703125
0 0.421875 0.33203125 0.064453125 0.095703125
0 0.142578125 0.380859375 0.06640625 0.087890625
0 0.220703125 0.390625 0.060546875 0.087890625
0 0.291015625 0.4140625 0.064453125 0.0859375
0 0.37890625 0.41796875 0.064453125 0.087890625
0 0.466796875 0.431640625 0.0703125 0.08203125
0 0.125 0.453125 0.056640625 0.080078125
0 0.197265625 0.46484375 0.05078125 0.080078125
0 0.263671875 0.486328125 0.05859375 0.080078125
0 0.345703125 0.494140625 0.060546875 0.08203125
0 0.4140625 0.517578125 0.064453125 0.083984375
0 0.498046875 0.525390625 0.068359375 0.08203125
0 0.099609375 0.529296875 0.0546875 0.07421875
0 0.669921875 0.546875 0.0703125 0.091796875
0 0.578125 0.546875 0.0703125 0.087890625
0 0.162109375 0.54296875 0.0546875 0.072265625
0 0.228515625 0.55859375 0.060546875 0.076171875
0 0.306640625 0.572265625 0.0625 0.078125
0 0.380859375 0.591796875 0.056640625 0.076171875
0 0.080078125 0.59375 0.05078125 0.05859375
0 0.458984375 0.609375 0.060546875 0.0859375
0 0.142578125 0.60546875 0.048828125 0.056640625
0 0.537109375 0.62109375 0.068359375 0.078125
0 0.205078125 0.623046875 0.052734375 0.0703125
0 0.62109375 0.630859375 0.072265625 0.0859375
0 0.70703125 0.642578125 0.080078125 0.083984375
0 0.271484375 0.642578125 0.0546875 0.076171875
0 0.34375 0.65625 0.056640625 0.07421875
0 0.0859375 0.6640625 0.1015625 0.0859375
0 0.8046875 0.662109375 0.0859375 0.083984375
0 0.41796875 0.669921875 0.0625 0.068359375
0 0.501953125 0.68359375 0.060546875 0.072265625
0 0.1796875 0.685546875 0.048828125 0.060546875
0 0.2421875 0.70703125 0.0546875 0.06640625
0 0.662109375 0.71484375 0.0703125 0.080078125
0 0.576171875 0.716796875 0.068359375 0.076171875
0 0.31640625 0.712890625 0.056640625 0.064453125
0 0.748046875 0.73046875 0.07421875 0.080078125
0 0.02734375 0.7265625 0.046875 0.064453125
0 0.103515625 0.732421875 0.046875 0.05859375
0 0.83984375 0.744140625 0.080078125 0.083984375
0 0.16015625 0.736328125 0.05078125 0.060546875
0 0.37890625 0.744140625 0.056640625 0.068359375
0 0.453125 0.755859375 0.05859375 0.0703125
0 0.23046875 0.751953125 0.048828125 0.046875
0 0.29296875 0.763671875 0.041015625 0.04296875
0 0.533203125 0.77734375 0.0625 0.072265625
0 0.3515625 0.791015625 0.056640625 0.064453125
0 0.615234375 0.802734375 0.068359375 0.072265625
0 0.69921875 0.8046875 0.06640625 0.07421875
0 0.4140625 0.822265625 0.056640625 0.064453125
0 0.787109375 0.828125 0.072265625 0.07421875
0 0.4921875 0.828125 0.064453125 0.0703125
0 0.88671875 0.84375 0.087890625 0.080078125
0 0.572265625 0.857421875 0.064453125 0.072265625
0 0.65234375 0.896484375 0.064453125 0.0703125
0 0.828125 0.931640625 0.07421875 0.078125
0 0.919921875 0.943359375 0.076171875 0.076171875
