0 0.591796875 0.576171875 0.10546875 0.091796875
0 0.46875 0.591796875 0.095703125 0.091796875
0 0.21875 0.6015625 0.111328125 0.087890625
0 0.71484375 0.61328125 0.109375 0.09765625
0 0.365234375 0.642578125 0.103515625 0.08203125
0 0.564453125 0.662109375 0.109375 0.087890625
0 0.052734375 0.66796875 0.1015625 0.08203125
0 0.169921875 0.681640625 0.0859375 0.078125
0 0.791015625 0.701171875 0.111328125 0.099609375
0 0.28125 0.693359375 0.095703125 0.076171875
0 0.439453125 0.71875 0.095703125 0.080078125
0 0.666015625 0.720703125 0.099609375 0.080078125
0 0.029296875 0.728515625 0.056640625 0.076171875
0 0.119140625 0.75390625 0.083984375 0.06640625
0 0.5546875 0.765625 0.095703125 0.080078125
0 0.220703125 0.7734375 0.09375 0.0703125
0 0.341796875 0.779296875 0.091796875 0.07421875
0 0.8203125 0.8125 0.103515625 0.0859375
0 0.447265625 0.818359375 0.095703125 0.076171875
0 0.654296875 0.83203125 0.103515625 0.078125
0 0.04296875 0.830078125 0.080078125 0.068359375
0 0.142578125 0.84765625 0.083984375 0.06640625
0 0.240234375 0.87890625 0.099609375 0.072265625
0 0.353515625 0.880859375 0.091796875 0.072265625
0 0.53515625 0.892578125 0.087890625 0.068359375
0 0.44921875 0.927734375 0.087890625 0.0703125
0 0.095703125 0.9296875 0.078125 0.072265625
0 0.30859375 0.94140625 0.080078125 0.068359375
0 0.193359375 0.943359375 0.091796875 0.068359375
