0 0.9453125 0.021484375 0.07421875 0.0390625
0 0.041015625 0.26171875 0.080078125 0.064453125
0 0.978515625 0.392578125 0.03515625 0.09765625
0 0.783203125 0.400390625 0.158203125 0.111328125
0 0.919921875 0.494140625 0.15234375 0.111328125
0 0.333984375 0.501953125 0.162109375 0.111328125
0 0.513671875 0.5390625 0.154296875 0.103515625
0 0.78515625 0.599609375 0.14453125 0.099609375
0 0.07421875 0.6484375 0.14453125 0.1484375
0 0.25 0.63671875 0.15234375 0.103515625
0 0.61328125 0.642578125 0.150390625 0.099609375
0 0.939453125 0.6484375 0.107421875 0.095703125
0 0.4296875 0.650390625 0.166015625 0.095703125
0 0.8984375 0.73046875 0.150390625 0.087890625
0 0.1796875 0.740234375 0.150390625 0.091796875
0 0.70703125 0.7421875 0.15625 0.08984375
0 0.533203125 0.748046875 0.1484375 0.099609375
0 0.322265625 0.7890625 0.20703125 0.1484375
0 0.79296875 0.8203125 0.140625 0.080078125
0 0.45703125 0.8203125 0.138671875 0.064453125
0 0.623046875 0.84765625 0.134765625 0.09375
0 0.970703125 0.84765625 0.05078125 0.080078125
0 0.1015625 0.85546875 0.1484375 0.080078125
0 0.87109375 0.923828125 0.12890625 0.080078125
0 0.70703125 0.935546875 0.134765625 0.087890625
0 0.54296875 0.939453125 0.140625 0.08203125
0 0.05078125 0.94140625 0.095703125 0.080078125
0 0.197265625 0.94140625 0.138671875 0.078125
0 0.97265625 0.927734375 0.03515625 0.052734375
0 0.37890625 0.953125 0.14453125 0.080078125
0 0.953125 0.947265625 -0.001953125 -0.001953125
