1 0.47265625 0.626953125 0.134765625 0.19921875
1 0.951171875 0.658203125 0.087890625 0.193359375
1 0.046875 0.673828125 0.091796875 0.181640625
1 0.8046875 0.677734375 0.140625 0.1875
1 0.634765625 0.681640625 0.138671875 0.189453125
1 0.171875 0.685546875 0.13671875 0.18359375
1 0.322265625 0.6875 0.1328125 0.1875
1 0.97265625 0.859375 0.044921875 0.177734375
1 0.021484375 0.8671875 0.041015625 0.162109375
1 0.716796875 0.884765625 0.12890625 0.18359375
1 0.111328125 0.884765625 0.126953125 0.171875
1 0.8671875 0.88671875 0.138671875 0.177734375
1 0.564453125 0.888671875 0.130859375 0.173828125
1 0.2578125 0.90625 0.13671875 0.177734375
1 0.408203125 0.90625 0.138671875 0.177734375
