0 0.265625 0.146484375 0.12109375 0.287109375
0 0.416015625 0.169921875 0.138671875 0.32421875
0 0.048828125 0.41796875 0.095703125 0.328125
0 0.189453125 0.453125 0.111328125 0.33984375
0 0.3359375 0.470703125 0.12109375 0.349609375
0 0.5 0.52734375 0.1484375 0.376953125
0 0.66796875 0.552734375 0.14453125 0.380859375
0 0.1328125 0.736328125 0.103515625 0.314453125
0 0.271484375 0.77734375 0.10546875 0.330078125
0 0.375 0.875 0.134765625 0.2421875
0 0.548828125 0.908203125 0.146484375 0.17578125
0 0.734375 0.91015625 0.150390625 0.171875
0 0.048828125 0.93359375 0.091796875 0.125
0 0.189453125 0.96484375 0.083984375 0.0625
