1 0.568359375 0.052734375 0.02734375 0.048828125
1 0.619140625 0.05859375 0.02734375 0.046875
1 0.662109375 0.0625 0.02734375 0.04296875
1 0.701171875 0.083984375 0.0234375 0.04296875
1 0.740234375 0.08984375 0.0234375 0.04296875
1 0.78515625 0.08984375 0.0234375 0.04296875
1 0.56640625 0.1171875 0.03125 0.04296875
1 0.611328125 0.1171875 0.02734375 0.04296875
1 0.654296875 0.119140625 0.025390625 0.048828125
1 0.853515625 0.12890625 0.03125 0.048828125
1 0.693359375 0.146484375 0.0234375 0.048828125
1 0.826171875 0.1484375 0.02734375 0.052734375
1 0.89453125 0.146484375 0.025390625 0.048828125
1 0.73046875 0.1484375 0.025390625 0.044921875
1 0.771484375 0.1484375 0.02734375 0.044921875
1 0.94140625 0.1484375 0.025390625 0.044921875
1 0.609375 0.177734375 0.03125 0.048828125
1 0.564453125 0.18359375 0.02734375 0.048828125
1 0.654296875 0.18359375 0.025390625 0.048828125
1 0.69140625 0.205078125 0.02734375 0.048828125
1 0.732421875 0.216796875 0.02734375 0.048828125
1 0.779296875 0.216796875 0.02734375 0.048828125
1 0.865234375 0.216796875 0.0234375 0.048828125
1 0.904296875 0.21484375 0.0234375 0.04296875
1 0.9375 0.216796875 0.015625 0.048828125
1 0.5546875 0.248046875 0.029296875 0.0546875
1 0.60546875 0.248046875 0.037109375 0.0546875
1 0.650390625 0.251953125 0.025390625 0.033203125
1 0.826171875 0.275390625 0.02734375 0.0546875
1 0.900390625 0.26953125 0.0234375 0.04296875
1 0.685546875 0.265625 0.0234375 0.025390625
1 0.865234375 0.27734375 0.0234375 0.048828125
1 0.728515625 0.27734375 0.029296875 0.0390625
1 0.771484375 0.27734375 0.02734375 0.0390625
1 0.94140625 0.279296875 0.0234375 0.044921875
1 0.65625 0.306640625 0.029296875 0.052734375
1 0.5625 0.30859375 0.03125 0.048828125
1 0.60546875 0.306640625 0.029296875 0.044921875
1 0.703125 0.318359375 0.02734375 0.0546875
1 0.73828125 0.333984375 0.025390625 0.044921875
1 0.779296875 0.3359375 0.02734375 0.048828125
1 0.900390625 0.3359375 0.029296875 0.048828125
1 0.935546875 0.33984375 0.01953125 0.0546875
1 0.826171875 0.33984375 0.02734375 0.04296875
1 0.86328125 0.341796875 0.01953125 0.048828125
1 0.609375 0.3671875 0.03125 0.052734375
1 0.5625 0.373046875 0.03125 0.0546875
1 0.654296875 0.37890625 0.025390625 0.0546875
1 0.703125 0.388671875 0.02734375 0.052734375
1 0.74609375 0.39453125 0.02734375 0.052734375
1 0.7890625 0.400390625 0.025390625 0.04296875
1 0.865234375 0.40234375 0.025390625 0.048828125
1 0.90625 0.400390625 0.02734375 0.04296875
1 0.826171875 0.40625 0.02734375 0.04296875
1 0.94140625 0.40625 0.0234375 0.04296875
1 0.560546875 0.435546875 0.03515625 0.037109375
1 0.607421875 0.44140625 0.033203125 0.048828125
1 0.69140625 0.4609375 0.02734375 0.0546875
1 0.857421875 0.462890625 0.025390625 0.048828125
1 0.904296875 0.462890625 0.0234375 0.048828125
1 0.94921875 0.462890625 0.025390625 0.048828125
1 0.81640625 0.46875 0.0234375 0.048828125
1 0.765625 0.470703125 0.029296875 0.044921875
1 0.572265625 0.498046875 0.037109375 0.052734375
1 0.646484375 0.509765625 0.03125 0.052734375
1 0.6875 0.529296875 0.02734375 0.05859375
1 0.943359375 0.5234375 0.01953125 0.046875
1 0.90625 0.525390625 0.02734375 0.044921875
1 0.7265625 0.537109375 0.03125 0.04296875
1 0.771484375 0.5390625 0.02734375 0.048828125
1 0.810546875 0.5390625 0.0234375 0.048828125
1 0.8515625 0.5390625 0.02734375 0.048828125
1 0.6328125 0.587890625 0.033203125 0.060546875
1 0.90234375 0.587890625 0.02734375 0.048828125
1 0.951171875 0.591796875 0.029296875 0.0546875
1 0.51953125 0.59375 0.033203125 0.048828125
1 0.7421875 0.599609375 0.0703125 0.048828125
1 0.8125 0.603515625 0.029296875 0.0546875
1 0.8515625 0.599609375 0.02734375 0.048828125
1 0.611328125 0.625 0.03515625 0.06640625
1 0.541015625 0.658203125 0.0390625 0.0546875
1 0.701171875 0.66015625 0.03125 0.05859375
1 0.8984375 0.654296875 0.02734375 0.048828125
1 0.775390625 0.6640625 0.02734375 0.048828125
1 0.587890625 0.708984375 0.0390625 0.0703125
1 0.642578125 0.72265625 0.03125 0.064453125
1 0.94140625 0.72265625 0.0234375 0.064453125
1 0.685546875 0.734375 0.029296875 0.0546875
1 0.822265625 0.7421875 0.01171875 0.05859375
1 0.759765625 0.744140625 0.033203125 0.052734375
1 0.853515625 0.744140625 0.0234375 0.052734375
1 0.712890625 0.75 0.01171875 0.0546875
1 0.796875 0.744140625 0.01953125 0.04296875
