0 0.380859375 0.087890625 0.1171875 0.173828125
0 0.55078125 0.08984375 0.11328125 0.17578125
0 0.04296875 0.12890625 0.08203125 0.251953125
0 0.177734375 0.05859375 0.04296875 0.09765625
0 0.275390625 0.095703125 0.08203125 0.169921875
0 0.72265625 0.189453125 0.150390625 0.224609375
0 0.154296875 0.189453125 0.0546875 0.083984375
0 0.486328125 0.28125 0.080078125 0.1328125
0 0.208984375 0.427734375 0.18359375 0.3515625
0 0.0390625 0.376953125 0.072265625 0.208984375
0 0.93359375 0.330078125 0.078125 0.11328125
0 0.740234375 0.388671875 0.0859375 0.12109375
0 0.474609375 0.50390625 0.150390625 0.236328125
0 0.69140625 0.728515625 0.26953125 0.365234375
0 0.013671875 0.80078125 0.0234375 0.22265625
0 0.212890625 0.84765625 0.224609375 0.296875
