0 0.455078125 0.181640625 0.109375 0.078125
0 0.60546875 0.18359375 0.11328125 0.08203125
0 0.8046875 0.1796875 0.103515625 0.07421875
0 0.322265625 0.185546875 0.109375 0.07421875
0 0.041015625 0.208984375 0.078125 0.091796875
0 0.150390625 0.20703125 0.115234375 0.078125
0 0.921875 0.232421875 0.10546875 0.07421875
0 0.990234375 0.23046875 0.009765625 0.056640625
0 0.693359375 0.25 0.10546875 0.072265625
0 0.259765625 0.265625 0.109375 0.07421875
0 0.388671875 0.267578125 0.107421875 0.076171875
0 0.51953125 0.271484375 0.109375 0.076171875
0 0.8046875 0.279296875 0.103515625 0.07421875
0 0.09375 0.29296875 0.111328125 0.078125
0 0.953125 0.3125 0.0859375 0.0703125
0 0.576171875 0.330078125 0.10546875 0.068359375
0 0.201171875 0.3359375 0.1015625 0.072265625
0 0.453125 0.337890625 0.1015625 0.06640625
0 0.703125 0.33984375 0.10546875 0.072265625
0 0.326171875 0.341796875 0.10546875 0.0703125
0 0.8515625 0.35546875 0.1015625 0.072265625
0 0.046875 0.36328125 0.087890625 0.072265625
0 0.978515625 0.384765625 0.033203125 0.060546875
0 0.513671875 0.404296875 0.1015625 0.072265625
0 0.146484375 0.412109375 0.10546875 0.0703125
0 0.3984375 0.412109375 0.1015625 0.0703125
0 0.630859375 0.412109375 0.1015625 0.072265625
0 0.75 0.4140625 0.095703125 0.064453125
0 0.8984375 0.423828125 0.1015625 0.06640625
0 0.01953125 0.421875 0.03515625 0.056640625
0 0.08984375 0.458984375 0.09765625 0.0703125
0 0.3359375 0.4765625 0.1015625 0.0703125
0 0.56640625 0.47265625 0.09375 0.064453125
0 0.798828125 0.47265625 0.099609375 0.064453125
0 0.455078125 0.478515625 0.099609375 0.06640625
0 0.681640625 0.474609375 0.099609375 0.056640625
0 0.939453125 0.490234375 0.091796875 0.068359375
0 0.044921875 0.533203125 0.0859375 0.06640625
0 0.619140625 0.53515625 0.091796875 0.064453125
0 0.986328125 0.53125 0.017578125 0.05078125
0 0.1484375 0.541015625 0.09765625 0.06640625
0 0.390625 0.541015625 0.09765625 0.064453125
0 0.73046875 0.5390625 0.095703125 0.05859375
0 0.845703125 0.5390625 0.09375 0.05859375
0 0.505859375 0.54296875 0.1015625 0.064453125
0 0.279296875 0.546875 0.1015625 0.064453125
0 0.1015625 0.58984375 0.095703125 0.05078125
0 0.021484375 0.59765625 0.0390625 0.056640625
0 0.21484375 0.595703125 0.09375 0.052734375
0 0.671875 0.599609375 0.08984375 0.0546875
0 0.78125 0.599609375 0.08984375 0.0546875
0 0.337890625 0.6015625 0.09375 0.0546875
0 0.560546875 0.60546875 0.099609375 0.0625
0 0.89453125 0.60546875 0.09375 0.0625
0 0.44921875 0.60546875 0.09375 0.056640625
0 0.98828125 0.603515625 0.015625 0.046875
0 0.056640625 0.646484375 0.09375 0.0546875
0 0.16796875 0.64453125 0.080078125 0.05078125
0 0.82421875 0.6484375 0.087890625 0.0546875
0 0.2734375 0.654296875 0.087890625 0.060546875
0 0.50390625 0.650390625 0.087890625 0.052734375
0 0.611328125 0.650390625 0.08203125 0.05078125
0 0.71875 0.65625 0.0859375 0.0546875
0 0.9453125 0.66015625 0.087890625 0.0625
0 0.392578125 0.658203125 0.095703125 0.052734375
0 0.228515625 0.701171875 0.08203125 0.0546875
0 0.1171875 0.703125 0.087890625 0.0546875
0 0.02734375 0.705078125 0.05078125 0.05078125
0 0.33203125 0.70703125 0.09375 0.056640625
0 0.55078125 0.705078125 0.087890625 0.05078125
0 0.447265625 0.708984375 0.083984375 0.056640625
0 0.66015625 0.7109375 0.0859375 0.05859375
0 0.763671875 0.708984375 0.083984375 0.0546875
0 0.880859375 0.7109375 0.08984375 0.0546875
0 0.958984375 0.71875 0.029296875 0.0546875
0 0.28125 0.74609375 0.080078125 0.048828125
0 0.1796875 0.751953125 0.0859375 0.052734375
0 0.0703125 0.755859375 0.087890625 0.0546875
0 0.38671875 0.75390625 0.08203125 0.05078125
0 0.6015625 0.76171875 0.0859375 0.05078125
0 0.703125 0.76171875 0.080078125 0.046875
0 0.81640625 0.763671875 0.08203125 0.052734375
0 0.919921875 0.76953125 0.083984375 0.056640625
0 0.498046875 0.76953125 0.083984375 0.05078125
0 0.234375 0.80078125 0.080078125 0.05078125
0 0.33203125 0.8046875 0.08203125 0.048828125
0 0.435546875 0.802734375 0.083984375 0.044921875
0 0.7578125 0.806640625 0.080078125 0.048828125
0 0.12890625 0.80859375 0.080078125 0.048828125
0 0.54296875 0.8046875 0.080078125 0.041015625
0 0.646484375 0.80859375 0.083984375 0.048828125
0 0.037109375 0.814453125 0.0703125 0.05078125
0 0.958984375 0.822265625 0.07421875 0.05078125
0 0.861328125 0.826171875 0.083984375 0.052734375
0 0.1875 0.849609375 0.080078125 0.04296875
0 0.28515625 0.849609375 0.080078125 0.044921875
0 0.38671875 0.849609375 0.078125 0.044921875
0 0.484375 0.853515625 0.0859375 0.048828125
0 0.58984375 0.85546875 0.080078125 0.046875
0 0.796875 0.85546875 0.07421875 0.046875
0 0.083984375 0.857421875 0.0859375 0.044921875
0 0.69921875 0.857421875 0.083984375 0.044921875
0 0.8984375 0.87109375 0.080078125 0.048828125
0 0.240234375 0.89453125 0.07421875 0.041015625
0 0.33984375 0.900390625 0.078125 0.046875
0 0.533203125 0.900390625 0.08203125 0.048828125
0 0.642578125 0.896484375 0.080078125 0.041015625
0 0.7421875 0.90234375 0.07421875 0.048828125
0 0.04296875 0.904296875 0.078125 0.04296875
0 0.837890625 0.904296875 0.078125 0.044921875
0 0.43359375 0.90234375 0.078125 0.037109375
0 0.93359375 0.912109375 0.080078125 0.041015625
