0 0.23046875 0.171875 0.09375 0.16796875
0 0.158203125 0.3359375 0.08203125 0.166015625
0 0.263671875 0.345703125 0.091796875 0.173828125
0 0.095703125 0.48828125 0.076171875 0.158203125
0 0.21875 0.501953125 0.07421875 0.16015625
0 0.30859375 0.525390625 0.095703125 0.173828125
0 0.4609375 0.55859375 0.1015625 0.181640625
0 0.099609375 0.625 0.0703125 0.119140625
0 0.185546875 0.640625 0.0703125 0.142578125
0 0.28125 0.66796875 0.08984375 0.150390625
0 0.392578125 0.69140625 0.095703125 0.171875
0 0.54296875 0.74609375 0.11328125 0.1875
0 0.69921875 0.767578125 0.125 0.20703125
