0 0.431640625 0.078125 0.142578125 0.15234375
0 0.603515625 0.0625 0.126953125 0.12109375
0 0.7890625 0.07421875 0.1171875 0.14453125
0 0.88671875 0.025390625 0.095703125 0.048828125
0 0.970703125 0.07421875 0.048828125 0.14453125
0 0.248046875 0.146484375 0.15234375 0.18359375
0 0.908203125 0.15625 0.107421875 0.15234375
0 0.552734375 0.205078125 0.134765625 0.173828125
0 0.677734375 0.203125 0.107421875 0.166015625
0 0.99609375 0.216796875 0.0 0.037109375
0 0.1328125 0.306640625 0.1640625 0.19140625
0 0.818359375 0.298828125 0.115234375 0.162109375
0 0.38671875 0.318359375 0.142578125 0.181640625
0 0.95703125 0.31640625 0.078125 0.15625
0 0.708984375 0.390625 0.12109375 0.166015625
0 0.537109375 0.40234375 0.130859375 0.171875
0 0.876953125 0.47265625 0.107421875 0.158203125
0 0.978515625 0.47265625 0.033203125 0.14453125
0 0.2890625 0.5 0.1484375 0.18359375
0 0.123046875 0.521484375 0.1640625 0.1953125
0 0.46875 0.568359375 0.13671875 0.17578125
0 0.76953125 0.568359375 0.11328125 0.162109375
0 0.62109375 0.591796875 0.125 0.169921875
0 0.947265625 0.6171875 0.09765625 0.150390625
0 0.232421875 0.6953125 0.154296875 0.1953125
0 0.845703125 0.712890625 0.109375 0.16015625
0 0.380859375 0.75 0.138671875 0.181640625
0 0.7109375 0.748046875 0.12109375 0.16796875
0 0.986328125 0.720703125 0.017578125 0.083984375
0 0.546875 0.771484375 0.126953125 0.169921875
0 0.931640625 0.744140625 0.078125 0.091796875
0 0.9765625 0.853515625 0.0390625 0.138671875
0 0.74609375 0.8671875 0.103515625 0.13671875
0 0.896484375 0.873046875 0.1015625 0.138671875
0 0.599609375 0.900390625 0.1171875 0.130859375
0 0.244140625 0.9296875 0.15625 0.1328125
0 0.078125 0.943359375 0.15234375 0.10546875
0 0.953125 0.96484375 0.0859375 0.0625
0 0.7109375 0.974609375 0.099609375 0.041015625
0 0.845703125 0.978515625 0.091796875 0.033203125
0 0.533203125 0.986328125 0.080078125 0.01953125
