1 0.45703125 0.05078125 0.0390625 0.078125
1 0.509765625 0.0703125 0.0390625 0.07421875
1 0.5546875 0.091796875 0.03125 0.064453125
1 0.607421875 0.111328125 0.029296875 0.060546875
1 0.458984375 0.1328125 0.04296875 0.07421875
1 0.642578125 0.123046875 0.021484375 0.056640625
1 0.51171875 0.150390625 0.04296875 0.07421875
1 0.677734375 0.142578125 0.021484375 0.052734375
1 0.5625 0.166015625 0.037109375 0.0703125
1 0.78515625 0.169921875 0.01171875 0.04296875
1 0.599609375 0.181640625 0.025390625 0.0546875
1 0.640625 0.193359375 0.025390625 0.05078125
1 0.4609375 0.208984375 0.0390625 0.068359375
1 0.677734375 0.205078125 0.021484375 0.052734375
1 0.509765625 0.220703125 0.0390625 0.064453125
1 0.7421875 0.220703125 0.017578125 0.046875
1 0.556640625 0.236328125 0.03515625 0.060546875
1 0.767578125 0.232421875 0.01171875 0.04296875
1 0.599609375 0.24609375 0.025390625 0.05078125
1 0.794921875 0.23828125 0.01171875 0.037109375
1 0.64453125 0.2578125 0.025390625 0.052734375
1 0.677734375 0.265625 0.021484375 0.046875
1 0.7421875 0.27734375 0.017578125 0.04296875
1 0.767578125 0.287109375 0.01171875 0.037109375
1 0.79296875 0.291015625 0.015625 0.037109375
1 0.458984375 0.330078125 0.04296875 0.0703125
1 0.513671875 0.333984375 0.037109375 0.060546875
1 0.5625 0.33984375 0.029296875 0.056640625
1 0.60546875 0.345703125 0.025390625 0.0546875
1 0.640625 0.3515625 0.025390625 0.052734375
1 0.677734375 0.353515625 0.021484375 0.048828125
1 0.708984375 0.357421875 0.021484375 0.04296875
1 0.740234375 0.361328125 0.013671875 0.04296875
1 0.763671875 0.361328125 0.01171875 0.04296875
1 0.791015625 0.3671875 0.01171875 0.0390625
1 0.810546875 0.3671875 0.0078125 0.037109375
1 0.830078125 0.369140625 0.01171875 0.033203125
1 0.849609375 0.369140625 0.0078125 0.033203125
1 0.8671875 0.37109375 0.0078125 0.029296875
1 0.890625 0.375 0.0078125 0.03515625
1 0.904296875 0.376953125 0.001953125 0.029296875
1 0.935546875 0.37890625 0.001953125 0.025390625
1 0.91796875 0.380859375 0.001953125 0.021484375
1 0.458984375 0.41015625 0.04296875 0.0625
1 0.513671875 0.41015625 0.037109375 0.0625
1 0.5625 0.412109375 0.029296875 0.056640625
1 0.609375 0.412109375 0.025390625 0.046875
1 0.64453125 0.4140625 0.025390625 0.052734375
1 0.681640625 0.416015625 0.015625 0.048828125
1 0.708984375 0.41796875 0.021484375 0.041015625
1 0.73828125 0.416015625 0.017578125 0.037109375
1 0.76171875 0.416015625 0.0078125 0.037109375
1 0.802734375 0.4140625 0.001953125 0.033203125
1 0.78515625 0.41796875 0.01171875 0.033203125
1 0.849609375 0.41796875 0.0078125 0.033203125
1 0.88671875 0.41796875 0.001953125 0.033203125
1 0.8671875 0.419921875 0.0078125 0.029296875
1 0.904296875 0.419921875 0.001953125 0.029296875
1 0.91796875 0.419921875 0.001953125 0.029296875
1 0.935546875 0.421875 0.001953125 0.025390625
1 0.80859375 0.46484375 0.01171875 0.037109375
1 0.830078125 0.462890625 0.01171875 0.033203125
1 0.849609375 0.462890625 0.0078125 0.033203125
1 0.88671875 0.4609375 0.001953125 0.029296875
1 0.904296875 0.4609375 0.001953125 0.02734375
1 0.931640625 0.4609375 0.001953125 0.029296875
1 0.70703125 0.474609375 0.017578125 0.046875
1 0.734375 0.47265625 0.0078125 0.04296875
1 0.759765625 0.470703125 0.01171875 0.0390625
1 0.78515625 0.470703125 0.01171875 0.0390625
1 0.91796875 0.462890625 0.001953125 0.025390625
1 0.515625 0.484375 0.033203125 0.060546875
1 0.55859375 0.482421875 0.029296875 0.056640625
1 0.60546875 0.482421875 0.025390625 0.056640625
1 0.64453125 0.48046875 0.025390625 0.052734375
1 0.677734375 0.478515625 0.021484375 0.046875
1 0.458984375 0.490234375 0.04296875 0.0625
1 0.947265625 0.513671875 0.0078125 0.021484375
1 0.921875 0.517578125 0.0078125 0.021484375
1 0.908203125 0.5234375 0.0078125 0.029296875
1 0.8671875 0.52734375 0.0078125 0.029296875
1 0.884765625 0.52734375 0.005859375 0.029296875
1 0.83203125 0.533203125 0.0078125 0.033203125
1 0.849609375 0.529296875 0.0078125 0.025390625
1 0.80859375 0.5390625 0.01171875 0.03515625
1 0.783203125 0.544921875 0.0078125 0.037109375
1 0.734375 0.5546875 0.015625 0.046875
1 0.759765625 0.55078125 0.01171875 0.0390625
1 0.95703125 0.544921875 0.0078125 0.021484375
1 0.673828125 0.564453125 0.021484375 0.052734375
1 0.703125 0.55859375 0.015625 0.0390625
1 0.9296875 0.5546875 0.0078125 0.01953125
1 0.63671875 0.572265625 0.0234375 0.046875
1 0.904296875 0.560546875 0.001953125 0.025390625
1 0.59765625 0.578125 0.029296875 0.052734375
1 0.8828125 0.56640625 0.001953125 0.021484375
1 0.548828125 0.587890625 0.029296875 0.05078125
1 0.849609375 0.578125 0.0078125 0.033203125
1 0.865234375 0.57421875 0.001953125 0.0234375
1 0.50390625 0.59375 0.029296875 0.056640625
1 0.453125 0.603515625 0.033203125 0.06640625
1 0.830078125 0.583984375 0.01171875 0.029296875
1 0.802734375 0.587890625 0.01171875 0.033203125
1 0.955078125 0.58203125 0.00390625 0.01953125
1 0.78125 0.59375 0.01171875 0.037109375
1 0.927734375 0.591796875 0.00390625 0.025390625
1 0.759765625 0.603515625 0.01171875 0.0390625
1 0.732421875 0.609375 0.01171875 0.04296875
1 0.904296875 0.599609375 0.001953125 0.025390625
1 0.703125 0.619140625 0.015625 0.05078125
1 0.8828125 0.607421875 0.001953125 0.029296875
1 0.6640625 0.625 0.015625 0.048828125
1 0.86328125 0.615234375 0.0078125 0.029296875
1 0.630859375 0.634765625 0.025390625 0.0546875
1 0.845703125 0.623046875 0.0078125 0.033203125
1 0.828125 0.626953125 0.0078125 0.033203125
1 0.59375 0.642578125 0.029296875 0.056640625
1 0.8046875 0.63671875 0.005859375 0.03515625
1 0.962890625 0.62890625 0.001953125 0.021484375
1 0.78515625 0.642578125 0.01171875 0.037109375
1 0.94921875 0.634765625 0.001953125 0.01953125
1 0.548828125 0.65625 0.029296875 0.056640625
1 0.501953125 0.666015625 0.033203125 0.06640625
1 0.755859375 0.65234375 0.017578125 0.0390625
1 0.935546875 0.640625 0.001953125 0.017578125
1 0.732421875 0.66015625 0.01171875 0.037109375
1 0.923828125 0.65234375 0.00390625 0.01953125
1 0.455078125 0.68359375 0.04296875 0.07421875
1 0.701171875 0.671875 0.01953125 0.05078125
1 0.91015625 0.65625 0.00390625 0.021484375
1 0.896484375 0.662109375 0.00390625 0.025390625
1 0.666015625 0.68359375 0.01953125 0.046875
1 0.880859375 0.671875 0.0078125 0.025390625
1 0.962890625 0.666015625 0.001953125 0.01171875
1 0.9453125 0.673828125 0.00390625 0.021484375
1 0.630859375 0.693359375 0.025390625 0.052734375
1 0.865234375 0.677734375 0.00390625 0.021484375
1 0.849609375 0.6875 0.0078125 0.029296875
1 0.591796875 0.705078125 0.025390625 0.056640625
1 0.830078125 0.693359375 0.01171875 0.033203125
1 0.92578125 0.685546875 0.0078125 0.015625
1 0.80859375 0.705078125 0.01171875 0.0390625
1 0.90625 0.697265625 -0.001953125 0.01953125
1 0.896484375 0.703125 0.00390625 0.025390625
1 0.5546875 0.72265625 0.03125 0.056640625
1 0.87890625 0.7109375 0.00390625 0.025390625
1 0.78515625 0.71875 0.01171875 0.037109375
1 0.9453125 0.7109375 0.00390625 0.01171875
1 0.501953125 0.73828125 0.033203125 0.060546875
1 0.861328125 0.72265625 0.00390625 0.029296875
1 0.92578125 0.71875 0.0078125 0.01953125
1 0.75390625 0.732421875 0.01171875 0.0390625
1 0.845703125 0.732421875 0.0078125 0.03125
1 0.73046875 0.740234375 0.015625 0.037109375
1 0.828125 0.740234375 0.0078125 0.037109375
1 0.908203125 0.732421875 0.0078125 0.01953125
1 0.455078125 0.755859375 0.04296875 0.060546875
1 0.892578125 0.740234375 0.00390625 0.021484375
1 0.703125 0.755859375 0.015625 0.04296875
1 0.8046875 0.751953125 0.005859375 0.03515625
1 0.876953125 0.75390625 0.0078125 0.029296875
1 0.67578125 0.76953125 0.017578125 0.04296875
1 0.783203125 0.765625 0.0078125 0.03515625
1 0.859375 0.76171875 0.0078125 0.029296875
1 0.75390625 0.77734375 0.01171875 0.0390625
1 0.634765625 0.787109375 0.01953125 0.052734375
1 0.841796875 0.7734375 0.0078125 0.025390625
1 0.82421875 0.787109375 0.0078125 0.033203125
1 0.59375 0.802734375 0.021484375 0.056640625
1 0.728515625 0.794921875 0.01171875 0.0390625
1 0.80078125 0.80078125 0.0078125 0.03515625
1 0.5546875 0.818359375 0.03125 0.060546875
1 0.69921875 0.810546875 0.015625 0.04296875
1 0.779296875 0.8125 0.0078125 0.0390625
1 0.669921875 0.828125 0.01953125 0.05078125
1 0.75390625 0.828125 0.01171875 0.04296875
1 0.501953125 0.841796875 0.033203125 0.064453125
1 0.634765625 0.84765625 0.01953125 0.0546875
1 0.724609375 0.84375 0.017578125 0.0390625
1 0.45703125 0.865234375 0.0390625 0.07421875
1 0.595703125 0.865234375 0.025390625 0.056640625
1 0.69921875 0.86328125 0.015625 0.04296875
1 0.548828125 0.880859375 0.029296875 0.060546875
1 0.671875 0.8828125 0.025390625 0.046875
1 0.638671875 0.90234375 0.01953125 0.052734375
1 0.5 0.908203125 0.029296875 0.05859375
1 0.451171875 0.935546875 0.037109375 0.072265625
1 0.595703125 0.927734375 0.025390625 0.056640625
1 0.21484375 0.95703125 0.0703125 0.078125
1 0.548828125 0.94921875 0.029296875 0.064453125
1 0.5 0.966796875 0.037109375 0.056640625
1 0.130859375 0.97265625 0.078125 0.046875
1 0.451171875 0.982421875 0.037109375 0.025390625
1 0.0546875 0.990234375 0.04296875 0.01171875
