1 0.115234375 0.078125 0.197265625 0.15234375
1 0.326171875 0.080078125 0.193359375 0.158203125
1 0.52734375 0.083984375 0.181640625 0.1640625
1 0.7265625 0.080078125 0.18359375 0.158203125
1 0.91796875 0.083984375 0.15625 0.1640625
1 0.052734375 0.26953125 0.103515625 0.265625
1 0.22265625 0.267578125 0.1875 0.25390625
1 0.423828125 0.271484375 0.185546875 0.255859375
1 0.830078125 0.271484375 0.185546875 0.248046875
1 0.626953125 0.275390625 0.185546875 0.25
1 0.966796875 0.275390625 0.05859375 0.234375
1 0.322265625 0.5 0.185546875 0.251953125
1 0.9140625 0.5 0.1640625 0.24609375
1 0.123046875 0.501953125 0.193359375 0.248046875
1 0.529296875 0.50390625 0.1796875 0.25
1 0.728515625 0.50390625 0.1875 0.23828125
1 0.0625 0.73046875 0.12109375 0.251953125
1 0.828125 0.73046875 0.1796875 0.25
1 0.626953125 0.732421875 0.185546875 0.244140625
1 0.2265625 0.734375 0.1796875 0.2421875
1 0.427734375 0.732421875 0.181640625 0.240234375
1 0.96484375 0.732421875 0.0625 0.240234375
1 0.134765625 0.912109375 0.177734375 0.16796875
1 0.330078125 0.9140625 0.1875 0.1640625
1 0.52734375 0.916015625 0.181640625 0.158203125
1 0.728515625 0.919921875 0.1875 0.15234375
1 0.916015625 0.919921875 0.16015625 0.15234375
