0 0.271484375 0.037109375 0.08984375 0.072265625
0 0.51171875 0.013671875 0.01953125 0.025390625
0 0.830078125 0.03125 0.029296875 0.060546875
0 0.958984375 0.017578125 0.052734375 0.03125
0 0.974609375 0.041015625 0.041015625 0.078125
0 0.47265625 0.0234375 0.033203125 0.0390625
0 0.61328125 0.01953125 0.0625 0.03125
0 0.796875 0.05859375 0.060546875 0.109375
0 0.126953125 0.0859375 0.09765625 0.1484375
0 0.859375 0.08203125 0.04296875 0.08984375
0 0.49609375 0.095703125 0.06640625 0.115234375
0 0.609375 0.12109375 0.0703125 0.125
0 0.943359375 0.1171875 0.0546875 0.1171875
0 0.751953125 0.1328125 0.068359375 0.126953125
0 0.30859375 0.12890625 0.03515625 0.099609375
0 0.2578125 0.158203125 0.087890625 0.154296875
0 0.4140625 0.173828125 0.064453125 0.123046875
0 0.84765625 0.1796875 0.06640625 0.119140625
0 0.98828125 0.173828125 0.015625 0.09765625
0 0.650390625 0.2421875 0.076171875 0.1328125
0 0.330078125 0.236328125 0.068359375 0.11328125
0 0.5 0.2421875 0.064453125 0.12109375
0 0.97265625 0.310546875 0.046875 0.103515625
0 0.412109375 0.3046875 0.041015625 0.08203125
0 0.37109375 0.298828125 0.072265625 0.0625
0 0.818359375 0.318359375 0.060546875 0.091796875
0 0.669921875 0.384765625 0.0703125 0.11328125
0 0.80078125 0.3828125 0.0625 0.072265625
0 0.734375 0.39453125 0.04296875 0.06640625
0 0.849609375 0.498046875 0.05859375 0.1328125
0 0.744140625 0.515625 0.046875 0.1171875
0 0.8984375 0.556640625 0.064453125 0.142578125
0 0.80078125 0.595703125 0.056640625 0.138671875
0 0.720703125 0.568359375 0.048828125 0.060546875
0 0.76953125 0.68359375 0.056640625 0.126953125
0 0.904296875 0.66015625 0.04296875 0.078125
0 0.876953125 0.625 -0.001953125 -0.00390625
0 0.947265625 0.701171875 0.0625 0.138671875
0 0.857421875 0.732421875 0.05859375 0.1328125
0 0.98828125 0.759765625 0.015625 0.126953125
0 0.732421875 0.7734375 0.056640625 0.12109375
0 0.685546875 0.77734375 0.025390625 0.080078125
0 0.826171875 0.818359375 0.052734375 0.123046875
0 0.9453125 0.80078125 0.0546875 0.087890625
0 0.03125 0.859375 0.04296875 0.150390625
0 0.6640625 0.828125 0.033203125 0.072265625
0 0.88671875 0.875 0.056640625 0.134765625
0 0.978515625 0.810546875 -0.001953125 -0.001953125
0 0.986328125 0.85546875 0.017578125 0.07421875
0 0.685546875 0.8984375 0.044921875 0.12109375
0 0.623046875 0.8671875 0.04296875 0.0546875
0 0.5625 0.87890625 0.02734375 0.05078125
0 0.75 0.916015625 0.05859375 0.126953125
0 0.9609375 0.93359375 0.05859375 0.125
0 0.607421875 0.947265625 0.02734375 0.09765625
0 0.833984375 0.951171875 0.052734375 0.08984375
0 0.640625 0.953125 0.041015625 0.0859375
0 0.982421875 0.96484375 0.025390625 0.0625
0 0.892578125 0.98046875 0.048828125 0.03125
