1 0.58984375 0.17578125 0.2421875 0.287109375
1 0.880859375 0.193359375 0.23046875 0.322265625
1 0.126953125 0.412109375 0.251953125 0.296875
1 0.947265625 0.39453125 0.095703125 0.234375
1 0.78515625 0.453125 0.296875 0.310546875
1 0.47265625 0.513671875 0.30078125 0.322265625
1 0.8671875 0.60546875 0.255859375 0.265625
1 0.599609375 0.671875 0.283203125 0.30078125
1 0.1015625 0.65625 0.19921875 0.21484375
1 0.734375 0.61328125 -0.001953125 -0.001953125
1 0.361328125 0.8125 0.30078125 0.3046875
1 0.01171875 0.8515625 0.021484375 0.234375
1 0.91796875 0.8515625 0.154296875 0.234375
1 0.71484375 0.888671875 0.19921875 0.212890625
1 0.482421875 0.943359375 0.208984375 0.10546875
