0 0.42578125 0.3359375 0.11328125 0.1796875
0 0.55078125 0.333984375 0.09375 0.162109375
0 0.658203125 0.3359375 0.08203125 0.150390625
0 0.953125 0.431640625 0.041015625 0.103515625
0 0.861328125 0.45703125 0.05078125 0.125
0 0.7890625 0.470703125 0.064453125 0.12890625
0 0.6015625 0.486328125 0.087890625 0.146484375
0 0.701171875 0.482421875 0.076171875 0.13671875
0 0.4921875 0.501953125 0.095703125 0.173828125
0 0.357421875 0.51953125 0.130859375 0.1875
0 0.986328125 0.4921875 0.017578125 0.103515625
0 0.88671875 0.576171875 0.048828125 0.123046875
0 0.9453125 0.56640625 0.041015625 0.09765625
0 0.818359375 0.591796875 0.044921875 0.1171875
0 0.744140625 0.607421875 0.064453125 0.130859375
0 0.658203125 0.630859375 0.076171875 0.1484375
0 0.556640625 0.65234375 0.095703125 0.158203125
0 0.435546875 0.685546875 0.119140625 0.16796875
0 0.291015625 0.716796875 0.142578125 0.181640625
