1 0.501953125 0.05078125 0.068359375 0.09765625
1 0.6015625 0.05859375 0.072265625 0.11328125
1 0.298828125 0.048828125 0.080078125 0.091796875
1 0.404296875 0.05078125 0.076171875 0.095703125
1 0.71875 0.083984375 0.064453125 0.119140625
1 0.8515625 0.083984375 0.05859375 0.107421875
1 0.912109375 0.08203125 0.052734375 0.103515625
1 0.77734375 0.087890625 0.033203125 0.107421875
1 0.970703125 0.078125 0.044921875 0.0859375
1 0.302734375 0.181640625 0.083984375 0.125
1 0.390625 0.181640625 0.072265625 0.125
1 0.484375 0.18359375 0.072265625 0.119140625
1 0.576171875 0.189453125 0.0703125 0.11328125
1 0.962890625 0.19140625 0.044921875 0.095703125
1 0.90625 0.20703125 0.056640625 0.109375
1 0.845703125 0.212890625 0.05078125 0.109375
1 0.70703125 0.224609375 0.06640625 0.115234375
1 0.806640625 0.232421875 0.0625 0.1171875
1 0.482421875 0.32421875 0.068359375 0.11328125
1 0.404296875 0.333984375 0.060546875 0.12109375
1 0.31640625 0.34765625 0.09375 0.14453125
1 0.546875 0.3203125 0.0390625 0.08984375
1 0.90234375 0.330078125 0.046875 0.099609375
1 0.865234375 0.3515625 0.056640625 0.103515625
1 0.767578125 0.390625 0.068359375 0.119140625
1 0.4765625 0.466796875 0.064453125 0.1015625
1 0.388671875 0.478515625 0.07421875 0.11328125
1 0.2890625 0.486328125 0.080078125 0.123046875
1 0.849609375 0.443359375 0.044921875 0.0234375
1 0.986328125 0.50390625 0.015625 0.103515625
1 0.84375 0.525390625 0.048828125 0.111328125
1 0.111328125 0.55078125 0.095703125 0.14453125
1 0.71875 0.548828125 0.07421875 0.12890625
1 0.8046875 0.560546875 0.0703125 0.12109375
1 0.03125 0.595703125 0.0546875 0.16015625
1 0.927734375 0.591796875 0.044921875 0.087890625
1 0.27734375 0.625 0.072265625 0.111328125
1 0.380859375 0.623046875 0.072265625 0.107421875
1 0.896484375 0.603515625 0.041015625 0.03515625
1 0.6875 0.6796875 0.064453125 0.119140625
1 0.8984375 0.708984375 0.0703125 0.12109375
1 0.974609375 0.701171875 0.0390625 0.099609375
1 0.806640625 0.716796875 0.068359375 0.123046875
1 0.634765625 0.732421875 0.08203125 0.138671875
1 0.04296875 0.7578125 0.078125 0.150390625
1 0.349609375 0.748046875 0.068359375 0.08984375
1 0.279296875 0.75390625 0.0234375 0.09765625
1 0.201171875 0.796875 0.1015625 0.158203125
1 0.517578125 0.794921875 0.060546875 0.10546875
1 0.705078125 0.8046875 0.064453125 0.087890625
1 0.947265625 0.76953125 0.03125 0.017578125
1 0.8984375 0.7890625 0.033203125 0.01171875
1 0.765625 0.798828125 0.025390625 0.017578125
1 0.796875 0.80859375 0.0390625 0.033203125
1 0.982421875 0.828125 0.021484375 0.072265625
1 0.943359375 0.837890625 0.0390625 0.078125
1 0.845703125 0.810546875 0.033203125 0.0078125
1 0.603515625 0.822265625 0.0625 0.029296875
1 0.896484375 0.849609375 0.0390625 0.076171875
1 0.451171875 0.865234375 0.060546875 0.091796875
1 0.3671875 0.87890625 0.064453125 0.109375
1 0.7578125 0.83203125 0.01171875 0.009765625
1 0.84375 0.869140625 0.04296875 0.080078125
1 0.279296875 0.89453125 0.0703125 0.11328125
1 0.0625 0.84765625 0.07421875 0.015625
1 0.62109375 0.865234375 0.05078125 0.044921875
1 0.791015625 0.884765625 0.046875 0.083984375
1 0.728515625 0.89453125 0.044921875 0.080078125
1 0.00390625 0.865234375 0.0 0.013671875
1 0.53125 0.87890625 0.05859375 0.041015625
1 0.6015625 0.92578125 0.05859375 0.134765625
1 0.66796875 0.916015625 0.05078125 0.080078125
1 0.98046875 0.923828125 0.03125 0.07421875
1 0.083984375 0.943359375 0.07421875 0.10546875
1 0.185546875 0.939453125 0.07421875 0.095703125
1 0.9375 0.93359375 0.0390625 0.078125
1 0.009765625 0.94921875 0.017578125 0.087890625
1 0.890625 0.94921875 0.0390625 0.080078125
1 0.52734375 0.953125 0.056640625 0.080078125
1 0.4453125 0.958984375 0.064453125 0.07421875
1 0.837890625 0.95703125 0.044921875 0.06640625
1 0.359375 0.96875 0.064453125 0.0546875
1 0.779296875 0.970703125 0.041015625 0.046875
1 0.720703125 0.97265625 0.044921875 0.033203125
1 0.27734375 0.978515625 0.06640625 0.033203125
1 0.974609375 0.982421875 0.037109375 0.0234375
1 0.66015625 0.984375 0.046875 0.017578125
