0 0.224609375 0.484375 0.1015625 0.05859375
0 0.07421875 0.48828125 0.103515625 0.0625
0 0.3359375 0.5 0.08984375 0.056640625
0 0.427734375 0.5703125 0.091796875 0.056640625
0 0.494140625 0.646484375 0.048828125 0.0546875
0 0.654296875 0.671875 0.021484375 0.041015625
0 0.5703125 0.69921875 0.111328125 0.0625
0 0.158203125 0.703125 0.099609375 0.0546875
0 0.2734375 0.703125 0.103515625 0.0546875
0 0.015625 0.71875 0.0234375 0.041015625
0 0.958984375 0.7421875 0.072265625 0.05859375
0 0.849609375 0.75 0.10546875 0.05859375
0 0.375 0.755859375 0.103515625 0.052734375
0 0.134765625 0.771484375 0.095703125 0.052734375
0 0.25 0.7734375 0.095703125 0.048828125
0 0.03125 0.78125 0.05859375 0.048828125
0 0.77734375 0.8046875 0.111328125 0.0546875
0 0.916015625 0.80078125 0.099609375 0.046875
0 0.333984375 0.818359375 0.091796875 0.052734375
0 0.44921875 0.8203125 0.09765625 0.048828125
0 0.21484375 0.828125 0.09375 0.0546875
0 0.095703125 0.830078125 0.09765625 0.046875
0 0.84765625 0.853515625 0.095703125 0.052734375
0 0.009765625 0.84765625 0.017578125 0.03515625
0 0.978515625 0.853515625 0.03515625 0.048828125
0 0.720703125 0.86328125 0.095703125 0.048828125
0 0.177734375 0.87890625 0.08984375 0.041015625
0 0.447265625 0.880859375 0.09765625 0.044921875
0 0.05859375 0.88671875 0.095703125 0.048828125
0 0.3203125 0.88671875 0.095703125 0.048828125
0 0.93359375 0.900390625 0.09765625 0.05078125
0 0.7890625 0.91796875 0.095703125 0.048828125
0 0.671875 0.927734375 0.095703125 0.044921875
0 0.2734375 0.93359375 0.08984375 0.048828125
0 0.38671875 0.93359375 0.09375 0.046875
0 0.158203125 0.935546875 0.09375 0.044921875
0 0.04296875 0.943359375 0.08203125 0.044921875
0 0.875 0.96484375 0.095703125 0.048828125
0 0.974609375 0.974609375 0.041015625 0.04296875
0 0.72265625 0.978515625 0.095703125 0.03515625
0 0.22265625 0.982421875 0.095703125 0.02734375
0 0.333984375 0.982421875 0.087890625 0.02734375
0 0.015625 0.986328125 0.02734375 0.01953125
0 0.107421875 0.986328125 0.091796875 0.017578125
