0 0.365234375 0.28125 0.0234375 0.060546875
0 0.458984375 0.298828125 0.03515625 0.09375
0 0.515625 0.2734375 0.0390625 0.044921875
0 0.623046875 0.31640625 0.0546875 0.130859375
0 0.69140625 0.287109375 0.05859375 0.072265625
0 0.40625 0.318359375 0.033203125 0.126953125
0 0.552734375 0.34765625 0.05078125 0.171875
0 0.732421875 0.384765625 0.02734375 0.2109375
0 0.31640625 0.33984375 0.017578125 0.09765625
0 0.494140625 0.400390625 0.041015625 0.158203125
0 0.27734375 0.380859375 0.01171875 0.0703125
0 0.66796875 0.4375 0.056640625 0.185546875
0 0.349609375 0.431640625 0.021484375 0.119140625
0 0.447265625 0.44140625 0.03125 0.134765625
0 0.59765625 0.48828125 0.052734375 0.177734375
0 0.39453125 0.48828125 0.025390625 0.130859375
0 0.298828125 0.484375 0.015625 0.083984375
0 0.53515625 0.53515625 0.046875 0.16796875
0 0.478515625 0.57421875 0.037109375 0.154296875
0 0.259765625 0.52734375 0.015625 0.052734375
0 0.71875 0.59375 0.0546875 0.185546875
0 0.337890625 0.5703125 0.013671875 0.076171875
0 0.4296875 0.615234375 0.033203125 0.13671875
0 0.64453125 0.640625 0.0546875 0.185546875
0 0.2890625 0.6328125 0.013671875 0.0859375
0 0.375 0.650390625 0.025390625 0.119140625
0 0.576171875 0.669921875 0.052734375 0.150390625
0 0.515625 0.689453125 0.041015625 0.111328125
0 0.462890625 0.708984375 0.03515625 0.072265625
0 0.322265625 0.712890625 0.0234375 0.064453125
0 0.693359375 0.7265625 0.048828125 0.037109375
0 0.41015625 0.728515625 0.02734375 0.03515625
0 0.279296875 0.740234375 0.009765625 0.009765625
0 0.365234375 0.7421875 0.013671875 0.005859375
0 0.62109375 0.744140625 0.01953125 0.001953125
