0 0.26171875 0.38671875 0.021484375 0.076171875
0 0.3359375 0.447265625 0.041015625 0.05078125
0 0.546875 0.486328125 0.115234375 0.125
0 0.296875 0.4609375 0.044921875 0.06640625
0 0.263671875 0.4921875 0.021484375 0.0390625
0 0.67578125 0.525390625 0.076171875 0.072265625
0 0.49609375 0.5390625 0.0703125 0.08203125
0 0.728515625 0.556640625 0.033203125 0.099609375
0 0.27734375 0.560546875 0.05078125 0.08203125
0 0.607421875 0.583984375 0.0625 0.064453125
0 0.361328125 0.583984375 0.0546875 0.05078125
0 0.46484375 0.6171875 0.07421875 0.087890625
0 0.583984375 0.630859375 0.07421875 0.0859375
0 0.349609375 0.615234375 0.037109375 0.03125
0 0.40234375 0.630859375 0.046875 0.056640625
0 0.685546875 0.673828125 0.12109375 0.142578125
0 0.2578125 0.65625 0.01171875 0.04296875
0 0.30078125 0.69921875 0.064453125 0.07421875
0 0.640625 0.71484375 0.05078125 0.0546875
0 0.560546875 0.732421875 0.087890625 0.02734375
