0 0.7421875 0.076171875 0.056640625 0.150390625
0 0.912109375 0.109375 0.044921875 0.19921875
0 0.544921875 0.232421875 0.05859375 0.19921875
0 0.802734375 0.275390625 0.052734375 0.20703125
0 0.966796875 0.275390625 0.041015625 0.09375
0 0.8671875 0.314453125 0.041015625 0.140625
0 0.50390625 0.353515625 0.064453125 0.208984375
0 0.98046875 0.376953125 0.03125 0.078125
0 0.609375 0.45703125 0.05859375 0.203125
0 0.685546875 0.4765625 0.052734375 0.169921875
0 0.76171875 0.451171875 0.046875 0.10546875
0 0.90625 0.490234375 0.04296875 0.181640625
0 0.990234375 0.525390625 0.009765625 0.162109375
0 0.55859375 0.583984375 0.0625 0.2109375
0 0.8125 0.625 0.048828125 0.1953125
0 0.841796875 0.638671875 0.0234375 0.181640625
0 0.671875 0.64453125 0.056640625 0.166015625
0 0.96875 0.68359375 0.0390625 0.181640625
0 0.498046875 0.712890625 0.068359375 0.216796875
0 0.98828125 0.71484375 0.015625 0.17578125
0 0.759765625 0.80859375 0.05078125 0.197265625
0 0.5859375 0.826171875 0.05859375 0.2109375
0 0.791015625 0.830078125 0.03125 0.171875
0 0.837890625 0.8359375 0.044921875 0.18359375
0 0.693359375 0.853515625 0.0546875 0.205078125
0 0.4765625 0.92578125 0.064453125 0.140625
0 0.99609375 0.91015625 0.0 0.103515625
0 0.6953125 0.966796875 0.0703125 0.056640625
0 0.619140625 0.974609375 0.044921875 0.041015625
0 0.892578125 0.98046875 0.03515625 0.03125
0 0.935546875 0.986328125 0.0234375 0.01953125
