0 0.291015625 0.416015625 0.037109375 0.0546875
0 0.638671875 0.412109375 0.037109375 0.046875
0 0.33984375 0.4296875 0.0390625 0.0546875
0 0.693359375 0.427734375 0.0390625 0.048828125
0 0.736328125 0.4296875 0.01953125 0.046875
0 0.607421875 0.462890625 0.03515625 0.04296875
0 0.2734375 0.470703125 0.033203125 0.044921875
0 0.65625 0.47265625 0.0390625 0.04296875
0 0.322265625 0.478515625 0.037109375 0.048828125
0 0.37890625 0.484375 0.0390625 0.048828125
0 0.712890625 0.482421875 0.033203125 0.04296875
0 0.4296875 0.490234375 0.041015625 0.05078125
0 0.7421875 0.490234375 0.005859375 0.033203125
0 0.583984375 0.509765625 0.02734375 0.04296875
0 0.626953125 0.513671875 0.037109375 0.041015625
0 0.259765625 0.51953125 0.015625 0.044921875
0 0.67578125 0.521484375 0.03125 0.04296875
0 0.298828125 0.53125 0.03125 0.04296875
0 0.34765625 0.53515625 0.03515625 0.052734375
0 0.728515625 0.5390625 0.03515625 0.046875
0 0.400390625 0.548828125 0.037109375 0.048828125
0 0.455078125 0.560546875 0.0390625 0.0546875
0 0.6015625 0.556640625 0.033203125 0.041015625
0 0.646484375 0.5703125 0.029296875 0.0390625
0 0.693359375 0.576171875 0.029296875 0.04296875
0 0.279296875 0.583984375 0.033203125 0.046875
0 0.328125 0.583984375 0.033203125 0.046875
0 0.375 0.591796875 0.033203125 0.041015625
0 0.73828125 0.59765625 0.015625 0.044921875
0 0.619140625 0.609375 0.03515625 0.0390625
0 0.4296875 0.615234375 0.0390625 0.048828125
0 0.662109375 0.619140625 0.037109375 0.041015625
0 0.70703125 0.623046875 0.03125 0.0390625
0 0.31640625 0.625 0.025390625 0.03125
0 0.353515625 0.63671875 0.033203125 0.044921875
0 0.400390625 0.65234375 0.037109375 0.04296875
