1 0.33984375 0.42578125 0.01171875 0.02734375
1 0.306640625 0.427734375 0.013671875 0.029296875
1 0.259765625 0.4296875 0.009765625 0.029296875
1 0.279296875 0.4296875 0.013671875 0.029296875
1 0.337890625 0.46484375 0.01171875 0.02734375
1 0.357421875 0.46484375 0.013671875 0.02734375
1 0.259765625 0.466796875 0.013671875 0.025390625
1 0.28125 0.466796875 0.009765625 0.025390625
1 0.306640625 0.46875 0.01171875 0.02734375
1 0.251953125 0.5 -0.001953125 0.021484375
1 0.265625 0.501953125 0.01171875 0.025390625
1 0.28515625 0.501953125 0.009765625 0.025390625
1 0.3125 0.521484375 0.015625 0.0625
1 0.337890625 0.501953125 0.013671875 0.025390625
1 0.357421875 0.501953125 -0.001953125 0.01953125
1 0.37109375 0.5078125 0.01171875 0.029296875
1 0.392578125 0.51171875 0.015625 0.029296875
1 0.2578125 0.53125 0.0078125 0.025390625
1 0.2734375 0.53515625 0.009765625 0.021484375
1 0.36328125 0.537109375 0.00390625 0.025390625
1 0.34765625 0.537109375 0.0078125 0.021484375
1 0.294921875 0.5390625 0.0078125 0.01953125
1 0.37890625 0.544921875 0.01171875 0.02734375
1 0.40234375 0.546875 0.01171875 0.02734375
1 0.2734375 0.568359375 0.009765625 0.025390625
1 0.29296875 0.572265625 0.009765625 0.0234375
1 0.3671875 0.572265625 0.009765625 0.025390625
1 0.314453125 0.576171875 0.01171875 0.02734375
1 0.341796875 0.576171875 0.015625 0.02734375
1 0.412109375 0.578125 0.013671875 0.02734375
1 0.388671875 0.578125 0.013671875 0.021484375
1 0.29296875 0.607421875 0.0078125 0.0234375
1 0.388671875 0.61328125 0.013671875 0.02734375
1 0.671875 0.607421875 0.009765625 0.017578125
1 0.310546875 0.61328125 0.009765625 0.025390625
1 0.412109375 0.6328125 0.017578125 0.064453125
1 0.330078125 0.619140625 0.013671875 0.02734375
1 0.35546875 0.619140625 0.015625 0.02734375
1 0.61328125 0.630859375 0.009765625 0.021484375
1 0.697265625 0.625 0.005859375 0.005859375
1 0.45703125 0.63671875 0.015625 0.0234375
1 0.2734375 0.638671875 0.009765625 0.025390625
1 0.294921875 0.64453125 0.0078125 0.02734375
1 0.392578125 0.6484375 0.015625 0.02734375
1 0.365234375 0.65234375 0.013671875 0.02734375
1 0.333984375 0.654296875 0.013671875 0.025390625
1 0.6015625 0.66015625 0.02734375 0.01953125
