1 0.33984375 0.33203125 0.0546875 0.162109375
1 0.396484375 0.333984375 0.044921875 0.166015625
1 0.529296875 0.265625 0.03125 0.029296875
1 0.5703125 0.302734375 0.029296875 0.103515625
1 0.634765625 0.25390625 0.01171875 0.005859375
1 0.654296875 0.29296875 0.017578125 0.083984375
1 0.67578125 0.3125 0.009765625 0.12109375
1 0.634765625 0.3125 0.01171875 0.1015625
1 0.533203125 0.318359375 0.02734375 0.064453125
1 0.654296875 0.35546875 0.015625 0.03125
1 0.533203125 0.390625 0.03125 0.064453125
1 0.5703125 0.39453125 0.025390625 0.060546875
1 0.71875 0.40234375 0.009765625 0.052734375
1 0.6328125 0.43359375 0.009765625 0.1015625
1 0.650390625 0.451171875 0.0078125 0.134765625
1 0.669921875 0.451171875 0.01953125 0.126953125
1 0.345703125 0.5703125 0.060546875 0.271484375
1 0.400390625 0.560546875 0.048828125 0.251953125
1 0.455078125 0.5546875 0.04296875 0.234375
1 0.732421875 0.462890625 0.02734375 0.05078125
1 0.529296875 0.474609375 0.029296875 0.064453125
1 0.5703125 0.541015625 0.029296875 0.197265625
1 0.73046875 0.48046875 0.001953125 0.0234375
1 0.71875 0.48046875 0.005859375 0.021484375
1 0.6328125 0.505859375 0.009765625 0.02734375
1 0.53515625 0.58203125 0.033203125 0.140625
1 0.666015625 0.599609375 0.0234375 0.130859375
1 0.673828125 0.564453125 0.0078125 0.05859375
1 0.63671875 0.60546875 0.0234375 0.138671875
1 0.568359375 0.69140625 0.021484375 0.068359375
1 0.5390625 0.705078125 0.02734375 0.072265625
1 0.673828125 0.708984375 0.005859375 0.05859375
1 0.64453125 0.71484375 0.0390625 0.0625
1 0.458984375 0.71875 0.037109375 0.052734375
1 0.408203125 0.72265625 0.04296875 0.044921875
1 0.349609375 0.73046875 0.052734375 0.03125
1 0.580078125 0.736328125 0.02734375 0.01953125
1 0.544921875 0.7421875 0.0234375 0.0078125
