0 0.587890625 0.294921875 0.029296875 0.087890625
0 0.4375 0.314453125 0.021484375 0.048828125
0 0.482421875 0.322265625 0.01953125 0.05078125
0 0.34375 0.337890625 0.048828125 0.046875
0 0.546875 0.43359375 0.07421875 0.201171875
0 0.384765625 0.361328125 0.013671875 0.021484375
0 0.689453125 0.3828125 0.01171875 0.060546875
0 0.453125 0.412109375 0.04296875 0.111328125
0 0.47265625 0.373046875 0.0078125 0.02734375
0 0.40234375 0.404296875 0.0234375 0.0546875
0 0.28515625 0.439453125 0.0625 0.111328125
0 0.591796875 0.4296875 0.009765625 0.04296875
0 0.689453125 0.48046875 0.021484375 0.10546875
0 0.416015625 0.556640625 0.09765625 0.220703125
0 0.484375 0.51953125 0.025390625 0.0703125
0 0.591796875 0.5546875 0.013671875 0.05859375
0 0.609375 0.5703125 0.0078125 0.052734375
0 0.34765625 0.65625 0.119140625 0.177734375
0 0.697265625 0.611328125 0.013671875 0.046875
0 0.59765625 0.6484375 0.0390625 0.11328125
0 0.494140625 0.6640625 0.041015625 0.0546875
0 0.568359375 0.712890625 0.0625 0.064453125
0 0.669921875 0.728515625 0.03125 0.03515625
