0 0.40625 0.31640625 0.01171875 0.0234375
0 0.44140625 0.341796875 0.01953125 0.037109375
0 0.4140625 0.36328125 0.01953125 0.046875
0 0.435546875 0.39453125 0.01953125 0.0390625
0 0.58203125 0.416015625 0.025390625 0.05078125
0 0.615234375 0.416015625 0.025390625 0.05078125
0 0.353515625 0.408203125 0.009765625 0.025390625
0 0.37890625 0.419921875 0.0234375 0.046875
0 0.33203125 0.4140625 0.009765625 0.0234375
0 0.30078125 0.451171875 0.03515625 0.068359375
0 0.5625 0.45703125 0.025390625 0.048828125
0 0.705078125 0.46875 0.0390625 0.06640625
0 0.61328125 0.466796875 0.060546875 0.052734375
0 0.337890625 0.48828125 0.0390625 0.06640625
0 0.384765625 0.486328125 0.025390625 0.048828125
0 0.744140625 0.50390625 0.001953125 0.03515625
0 0.580078125 0.51171875 0.02734375 0.048828125
0 0.61328125 0.515625 0.02734375 0.044921875
0 0.3203125 0.537109375 0.03515625 0.064453125
0 0.36328125 0.556640625 0.037109375 0.068359375
0 0.728515625 0.556640625 0.033203125 0.06640625
0 0.68359375 0.5625 0.037109375 0.06640625
0 0.57421875 0.572265625 0.01953125 0.037109375
0 0.533203125 0.576171875 0.044921875 0.0390625
0 0.625 0.603515625 0.06640625 0.064453125
0 0.27734375 0.6484375 0.048828125 0.12890625
0 0.546875 0.619140625 0.017578125 0.029296875
0 0.51953125 0.6328125 0.021484375 0.044921875
0 0.57421875 0.63671875 0.01953125 0.041015625
0 0.650390625 0.6640625 0.041015625 0.064453125
0 0.33203125 0.671875 0.04296875 0.068359375
0 0.546875 0.6640625 0.017578125 0.0390625
0 0.693359375 0.681640625 0.083984375 0.060546875
0 0.607421875 0.673828125 0.029296875 0.03125
0 0.37109375 0.671875 0.013671875 0.025390625
0 0.533203125 0.69140625 0.044921875 0.04296875
0 0.57421875 0.685546875 0.01953125 0.03125
0 0.384765625 0.701171875 0.013671875 0.017578125
