0 0.3125 0.294921875 0.05859375 0.087890625
0 0.46484375 0.30078125 0.078125 0.09375
0 0.2734375 0.384765625 0.04296875 0.1015625
0 0.33203125 0.392578125 0.056640625 0.111328125
0 0.4921875 0.412109375 0.095703125 0.150390625
0 0.40625 0.400390625 0.0703125 0.12109375
0 0.2578125 0.478515625 0.009765625 0.078125
0 0.294921875 0.4921875 0.052734375 0.103515625
0 0.359375 0.5078125 0.046875 0.111328125
0 0.412109375 0.54296875 0.0859375 0.138671875
0 0.267578125 0.578125 0.03125 0.103515625
0 0.322265625 0.603515625 0.0546875 0.109375
0 0.390625 0.638671875 0.06640625 0.109375
0 0.474609375 0.671875 0.0859375 0.130859375
0 0.275390625 0.693359375 0.046875 0.103515625
0 0.341796875 0.708984375 0.060546875 0.07421875
0 0.421875 0.724609375 0.0703125 0.04296875
