0 0.521484375 0.275390625 0.015625 0.04296875
0 0.544921875 0.2890625 0.013671875 0.0390625
0 0.5703125 0.298828125 0.01171875 0.03515625
0 0.5078125 0.314453125 0.015625 0.0390625
0 0.58984375 0.3125 0.009765625 0.03125
0 0.53515625 0.326171875 0.015625 0.041015625
0 0.55859375 0.3359375 0.015625 0.037109375
0 0.58203125 0.34765625 0.01171875 0.03515625
0 0.4921875 0.35546875 0.021484375 0.044921875
0 0.603515625 0.353515625 0.01171875 0.033203125
0 0.521484375 0.3671875 0.017578125 0.041015625
0 0.546875 0.375 0.017578125 0.037109375
0 0.572265625 0.3828125 0.01171875 0.03515625
0 0.59375 0.390625 0.01171875 0.033203125
0 0.48046875 0.404296875 0.0234375 0.048828125
0 0.61328125 0.396484375 0.009765625 0.03125
0 0.509765625 0.41015625 0.01953125 0.044921875
0 0.537109375 0.416015625 0.017578125 0.041015625
0 0.560546875 0.421875 0.013671875 0.037109375
0 0.5859375 0.427734375 0.01171875 0.03515625
0 0.60546875 0.435546875 0.0078125 0.033203125
0 0.623046875 0.44140625 0.009765625 0.03125
0 0.490234375 0.462890625 0.021484375 0.048828125
0 0.52734375 0.462890625 0.01953125 0.041015625
0 0.552734375 0.46484375 0.015625 0.037109375
0 0.576171875 0.46875 0.015625 0.037109375
0 0.59765625 0.4765625 0.01171875 0.03515625
0 0.6171875 0.48046875 0.009765625 0.03125
0 0.5078125 0.515625 0.017578125 0.044921875
0 0.5390625 0.51171875 0.017578125 0.037109375
0 0.56640625 0.513671875 0.013671875 0.0390625
0 0.587890625 0.513671875 0.013671875 0.033203125
0 0.609375 0.51953125 0.01171875 0.03515625
0 0.52734375 0.560546875 0.017578125 0.04296875
0 0.578125 0.55859375 0.01171875 0.03515625
0 0.59765625 0.55859375 0.013671875 0.03515625
0 0.5546875 0.5625 0.015625 0.0390625
0 0.677734375 0.615234375 0.005859375 0.029296875
0 0.662109375 0.62109375 0.005859375 0.02734375
0 0.646484375 0.626953125 0.009765625 0.03125
0 0.62890625 0.6328125 0.01171875 0.037109375
0 0.505859375 0.654296875 0.0234375 0.048828125
0 0.47265625 0.662109375 0.025390625 0.048828125
0 0.685546875 0.650390625 0.005859375 0.025390625
0 0.435546875 0.671875 0.029296875 0.0546875
0 0.6640625 0.662109375 0.0234375 0.033203125
0 0.39453125 0.677734375 0.03515625 0.05859375
0 0.638671875 0.673828125 0.01171875 0.033203125
0 0.615234375 0.681640625 0.013671875 0.0390625
0 0.689453125 0.69140625 0.01953125 0.037109375
0 0.5234375 0.703125 0.01953125 0.046875
0 0.4921875 0.71484375 0.025390625 0.05078125
0 0.666015625 0.701171875 0.0078125 0.025390625
0 0.458984375 0.720703125 0.02734375 0.048828125
0 0.6484375 0.708984375 0.009765625 0.025390625
0 0.630859375 0.71875 0.01171875 0.029296875
0 0.416015625 0.7265625 0.033203125 0.0390625
0 0.697265625 0.724609375 0.01953125 0.037109375
0 0.607421875 0.728515625 0.013671875 0.03125
0 0.37109375 0.73046875 0.037109375 0.029296875
0 0.666015625 0.734375 0.021484375 0.021484375
0 0.5390625 0.736328125 0.017578125 0.017578125
0 0.509765625 0.740234375 0.017578125 0.009765625
0 0.642578125 0.744140625 0.005859375 0.00390625
