1 0.033203125 0.28515625 0.064453125 0.1484375
1 0.20703125 0.28125 0.078125 0.142578125
1 0.1171875 0.28515625 0.078125 0.13671875
1 0.296875 0.28515625 0.078125 0.13671875
1 0.38671875 0.28515625 0.076171875 0.13671875
1 0.658203125 0.287109375 0.07421875 0.142578125
1 0.478515625 0.291015625 0.07421875 0.13671875
1 0.568359375 0.287109375 0.07421875 0.130859375
1 0.74609375 0.291015625 0.076171875 0.13671875
1 0.837890625 0.291015625 0.078125 0.13671875
1 0.939453125 0.298828125 0.076171875 0.142578125
1 0.9921875 0.298828125 0.0078125 0.142578125
1 0.03125 0.447265625 0.060546875 0.142578125
1 0.1171875 0.4453125 0.078125 0.13671875
1 0.20703125 0.4453125 0.078125 0.13671875
1 0.296875 0.4453125 0.078125 0.13671875
1 0.38671875 0.4453125 0.076171875 0.13671875
1 0.474609375 0.451171875 0.0703125 0.13671875
1 0.56640625 0.451171875 0.07421875 0.13671875
1 0.654296875 0.451171875 0.078125 0.13671875
1 0.7421875 0.451171875 0.07421875 0.13671875
1 0.83203125 0.447265625 0.07421875 0.130859375
1 0.935546875 0.45703125 0.07421875 0.13671875
1 0.990234375 0.462890625 0.01171875 0.1484375
1 0.208984375 0.599609375 0.08203125 0.13671875
1 0.384765625 0.6015625 0.072265625 0.142578125
1 0.033203125 0.607421875 0.064453125 0.142578125
1 0.1171875 0.60546875 0.078125 0.13671875
1 0.298828125 0.6015625 0.07421875 0.130859375
1 0.478515625 0.60546875 0.07421875 0.13671875
1 0.56640625 0.607421875 0.076171875 0.142578125
1 0.65625 0.607421875 0.076171875 0.142578125
1 0.74609375 0.607421875 0.07421875 0.142578125
1 0.828125 0.607421875 0.072265625 0.130859375
1 0.9296875 0.6171875 0.076171875 0.138671875
1 0.98828125 0.626953125 0.013671875 0.14453125
1 0.294921875 0.75390625 0.07421875 0.138671875
1 0.3828125 0.7578125 0.076171875 0.14453125
1 0.119140625 0.763671875 0.08203125 0.142578125
1 0.208984375 0.76171875 0.08203125 0.13671875
1 0.03515625 0.763671875 0.068359375 0.130859375
1 0.4765625 0.767578125 0.076171875 0.13671875
1 0.56640625 0.767578125 0.07421875 0.13671875
1 0.650390625 0.767578125 0.078125 0.13671875
1 0.736328125 0.767578125 0.072265625 0.13671875
1 0.826171875 0.767578125 0.07421875 0.13671875
1 0.927734375 0.779296875 0.078125 0.1484375
1 0.984375 0.787109375 0.021484375 0.142578125
1 0.587890625 0.958984375 0.0703125 0.072265625
1 0.66796875 0.958984375 0.068359375 0.072265625
1 0.748046875 0.958984375 0.068359375 0.072265625
1 0.505859375 0.962890625 0.06640625 0.06640625
1 0.828125 0.962890625 0.068359375 0.06640625
1 0.908203125 0.962890625 0.060546875 0.06640625
1 0.974609375 0.962890625 0.041015625 0.06640625
1 0.24609375 0.97265625 0.07421875 0.046875
1 0.33203125 0.97265625 0.07421875 0.046875
1 0.416015625 0.97265625 0.07421875 0.046875
1 0.15625 0.974609375 0.076171875 0.041015625
1 0.072265625 0.978515625 0.07421875 0.03515625
