0 0.625 0.29296875 0.111328125 0.083984375
0 0.671875 0.357421875 0.044921875 0.037109375
0 0.4375 0.373046875 0.072265625 0.05859375
0 0.724609375 0.384765625 0.04296875 0.048828125
0 0.369140625 0.41796875 0.06640625 0.052734375
0 0.484375 0.44921875 0.029296875 0.0234375
0 0.53125 0.458984375 0.033203125 0.0234375
0 0.443359375 0.4765625 0.029296875 0.021484375
0 0.486328125 0.482421875 0.02734375 0.021484375
0 0.41015625 0.5 0.029296875 0.01953125
0 0.734375 0.6171875 0.0234375 0.099609375
0 0.65234375 0.638671875 0.076171875 0.0625
0 0.333984375 0.693359375 0.1640625 0.103515625
