0 0.306640625 0.2890625 0.095703125 0.07421875
0 0.412109375 0.2890625 0.091796875 0.076171875
0 0.51171875 0.291015625 0.087890625 0.080078125
0 0.611328125 0.2890625 0.087890625 0.076171875
0 0.708984375 0.291015625 0.07421875 0.080078125
0 0.275390625 0.3828125 0.048828125 0.130859375
0 0.361328125 0.3828125 0.08984375 0.125
0 0.4609375 0.384765625 0.087890625 0.126953125
0 0.6640625 0.384765625 0.087890625 0.123046875
0 0.5625 0.38671875 0.087890625 0.123046875
0 0.732421875 0.38671875 0.02734375 0.11328125
0 0.310546875 0.5 0.091796875 0.123046875
0 0.41015625 0.5 0.087890625 0.123046875
0 0.513671875 0.5 0.0859375 0.123046875
0 0.70703125 0.5 0.078125 0.12109375
0 0.61328125 0.501953125 0.08984375 0.1171875
0 0.28125 0.615234375 0.05859375 0.125
0 0.6640625 0.61328125 0.0859375 0.123046875
0 0.36328125 0.615234375 0.0859375 0.119140625
0 0.462890625 0.615234375 0.087890625 0.119140625
0 0.5625 0.615234375 0.087890625 0.119140625
0 0.732421875 0.615234375 0.02734375 0.115234375
0 0.31640625 0.705078125 0.087890625 0.08203125
0 0.4140625 0.705078125 0.08984375 0.080078125
0 0.51171875 0.70703125 0.087890625 0.076171875
0 0.61328125 0.708984375 0.08984375 0.072265625
0 0.70703125 0.708984375 0.078125 0.072265625
