1 0.271484375 0.42578125 0.005859375 0.0234375
1 0.28515625 0.427734375 0.005859375 0.01953125
1 0.298828125 0.4296875 0.009765625 0.0234375
1 0.314453125 0.4296875 0.009765625 0.025390625
1 0.33203125 0.431640625 0.0078125 0.0234375
1 0.349609375 0.43359375 0.009765625 0.0234375
1 0.3671875 0.43359375 0.009765625 0.025390625
1 0.388671875 0.4375 0.0078125 0.025390625
1 0.40625 0.44140625 0.0078125 0.025390625
1 0.42578125 0.44140625 0.01171875 0.025390625
1 0.466796875 0.44921875 0.056640625 0.03515625
1 0.521484375 0.455078125 0.037109375 0.033203125
1 0.27734375 0.455078125 0.00390625 0.021484375
1 0.291015625 0.458984375 0.0078125 0.0234375
1 0.5546875 0.462890625 0.015625 0.03125
1 0.3046875 0.458984375 0.005859375 0.021484375
1 0.3203125 0.462890625 0.005859375 0.01953125
1 0.3359375 0.46484375 0.005859375 0.0234375
1 0.3515625 0.46484375 0.0078125 0.025390625
1 0.37109375 0.470703125 0.01171875 0.025390625
1 0.388671875 0.47265625 0.0078125 0.0234375
1 0.4140625 0.4765625 0.033203125 0.029296875
1 0.4453125 0.48046875 0.01171875 0.025390625
1 0.466796875 0.501953125 0.015625 0.0625
1 0.486328125 0.490234375 0.013671875 0.02734375
1 0.279296875 0.486328125 0.005859375 0.017578125
1 0.294921875 0.48828125 0.005859375 0.01953125
1 0.5078125 0.4921875 0.013671875 0.02734375
1 0.310546875 0.4921875 0.005859375 0.017578125
1 0.32421875 0.494140625 0.005859375 0.01953125
1 0.341796875 0.49609375 0.009765625 0.025390625
1 0.529296875 0.498046875 0.013671875 0.02734375
1 0.359375 0.498046875 0.009765625 0.0234375
1 0.552734375 0.501953125 0.017578125 0.03125
1 0.37890625 0.501953125 0.0078125 0.021484375
1 0.412109375 0.51171875 0.041015625 0.033203125
1 0.4453125 0.517578125 0.013671875 0.025390625
1 0.4921875 0.521484375 0.005859375 0.021484375
1 0.509765625 0.53125 0.013671875 0.02734375
1 0.53125 0.53515625 0.015625 0.029296875
1 0.5546875 0.5390625 0.017578125 0.029296875
1 0.27734375 0.5390625 0.0078125 0.021484375
1 0.291015625 0.541015625 0.005859375 0.021484375
1 0.310546875 0.541015625 0.005859375 0.021484375
1 0.322265625 0.537109375 0.001953125 0.0
1 0.33203125 0.564453125 0.025390625 0.02734375
1 0.41015625 0.564453125 0.009765625 0.025390625
1 0.357421875 0.56640625 0.0078125 0.025390625
1 0.28515625 0.568359375 0.0078125 0.017578125
1 0.298828125 0.568359375 0.00390625 0.017578125
1 0.375 0.572265625 0.009765625 0.0234375
1 0.427734375 0.572265625 0.009765625 0.0234375
1 0.314453125 0.572265625 0.00390625 0.021484375
1 0.447265625 0.57421875 0.01171875 0.025390625
1 0.46484375 0.58203125 0.013671875 0.0234375
1 0.48828125 0.5859375 0.015625 0.021484375
1 0.509765625 0.58984375 0.013671875 0.0234375
1 0.533203125 0.591796875 0.015625 0.0234375
1 0.5546875 0.595703125 0.017578125 0.03125
1 0.337890625 0.58984375 0.005859375 0.013671875
1 0.291015625 0.59375 0.00390625 0.015625
1 0.3515625 0.59375 0.005859375 0.017578125
1 0.3046875 0.59765625 0.00390625 0.017578125
1 0.3671875 0.599609375 0.009765625 0.01953125
1 0.384765625 0.599609375 0.009765625 0.021484375
1 0.40625 0.6015625 0.009765625 0.0234375
1 0.322265625 0.6015625 0.01171875 0.017578125
1 0.42578125 0.60546875 0.009765625 0.0234375
1 0.4453125 0.609375 0.013671875 0.0234375
1 0.466796875 0.61328125 0.013671875 0.025390625
1 0.3359375 0.6171875 0.009765625 0.025390625
1 0.48828125 0.6171875 0.013671875 0.025390625
1 0.509765625 0.623046875 0.013671875 0.025390625
1 0.353515625 0.625 0.0078125 0.0234375
1 0.53125 0.625 0.013671875 0.025390625
1 0.5546875 0.62890625 0.015625 0.025390625
1 0.369140625 0.62890625 0.005859375 0.01953125
1 0.38671875 0.6328125 0.01171875 0.025390625
1 0.4140625 0.62890625 0.009765625 0.017578125
1 0.431640625 0.634765625 0.009765625 0.01953125
1 0.451171875 0.640625 0.009765625 0.01953125
1 0.470703125 0.64453125 0.01171875 0.021484375
1 0.490234375 0.6484375 0.01171875 0.025390625
1 0.509765625 0.654296875 0.015625 0.025390625
1 0.54296875 0.6640625 0.03515625 0.02734375
