0 0.62109375 0.287109375 0.025390625 0.072265625
0 0.705078125 0.302734375 0.021484375 0.095703125
0 0.521484375 0.365234375 0.02734375 0.09765625
0 0.650390625 0.38671875 0.021484375 0.1015625
0 0.732421875 0.38671875 0.017578125 0.04296875
0 0.68359375 0.40625 0.017578125 0.068359375
0 0.501953125 0.42578125 0.029296875 0.103515625
0 0.740234375 0.4375 0.01171875 0.037109375
0 0.5546875 0.4765625 0.02734375 0.099609375
0 0.591796875 0.48828125 0.021484375 0.08203125
0 0.630859375 0.474609375 0.01953125 0.05078125
0 0.703125 0.494140625 0.01953125 0.087890625
0 0.744140625 0.51171875 0.001953125 0.076171875
0 0.529296875 0.541015625 0.02734375 0.103515625
0 0.654296875 0.560546875 0.021484375 0.095703125
0 0.669921875 0.568359375 0.0078125 0.087890625
0 0.5859375 0.572265625 0.025390625 0.08203125
0 0.734375 0.591796875 0.015625 0.087890625
0 0.498046875 0.60546875 0.029296875 0.107421875
0 0.744140625 0.607421875 0.00390625 0.0859375
0 0.62890625 0.654296875 0.0234375 0.09765625
0 0.54296875 0.662109375 0.02734375 0.103515625
0 0.64453125 0.6640625 0.01171875 0.08203125
0 0.66796875 0.66796875 0.017578125 0.08984375
0 0.595703125 0.67578125 0.0234375 0.099609375
0 0.486328125 0.7109375 0.029296875 0.068359375
0 0.748046875 0.705078125 -0.00390625 0.046875
0 0.59765625 0.732421875 0.03125 0.025390625
0 0.55859375 0.736328125 0.017578125 0.017578125
0 0.6953125 0.73828125 0.013671875 0.013671875
0 0.716796875 0.7421875 0.0078125 0.0078125
