1 0.265625 0.390625 0.029296875 0.072265625
1 0.3515625 0.390625 0.037109375 0.0703125
1 0.306640625 0.392578125 0.037109375 0.06640625
1 0.3984375 0.392578125 0.03515625 0.06640625
1 0.443359375 0.392578125 0.03515625 0.06640625
1 0.578125 0.392578125 0.033203125 0.068359375
1 0.48828125 0.39453125 0.03515625 0.06640625
1 0.533203125 0.392578125 0.03515625 0.064453125
1 0.623046875 0.39453125 0.03515625 0.06640625
1 0.66796875 0.39453125 0.03515625 0.06640625
1 0.71875 0.3984375 0.037109375 0.068359375
1 0.744140625 0.3984375 0.001953125 0.068359375
1 0.265625 0.47265625 0.02734375 0.068359375
1 0.306640625 0.47265625 0.037109375 0.06640625
1 0.3515625 0.47265625 0.037109375 0.06640625
1 0.3984375 0.47265625 0.03515625 0.06640625
1 0.443359375 0.47265625 0.03515625 0.06640625
1 0.486328125 0.474609375 0.033203125 0.06640625
1 0.53125 0.474609375 0.033203125 0.06640625
1 0.576171875 0.474609375 0.037109375 0.06640625
1 0.62109375 0.474609375 0.03515625 0.06640625
1 0.666015625 0.47265625 0.03515625 0.064453125
1 0.716796875 0.478515625 0.03515625 0.06640625
1 0.744140625 0.48046875 0.001953125 0.072265625
1 0.353515625 0.548828125 0.0390625 0.06640625
1 0.44140625 0.55078125 0.033203125 0.0703125
1 0.265625 0.552734375 0.029296875 0.068359375
1 0.306640625 0.552734375 0.037109375 0.06640625
1 0.3984375 0.55078125 0.03515625 0.0625
1 0.48828125 0.552734375 0.03515625 0.06640625
1 0.533203125 0.552734375 0.03515625 0.068359375
1 0.578125 0.552734375 0.03515625 0.068359375
1 0.62109375 0.552734375 0.033203125 0.068359375
1 0.6640625 0.552734375 0.03515625 0.064453125
1 0.71484375 0.55859375 0.03515625 0.06640625
1 0.744140625 0.5625 0.00390625 0.0703125
1 0.396484375 0.626953125 0.033203125 0.06640625
1 0.44140625 0.62890625 0.03515625 0.0703125
1 0.3125 0.630859375 0.12109375 0.068359375
1 0.48828125 0.6328125 0.03515625 0.06640625
1 0.53125 0.6328125 0.033203125 0.06640625
1 0.57421875 0.6328125 0.037109375 0.06640625
1 0.6171875 0.6328125 0.033203125 0.06640625
1 0.662109375 0.6328125 0.03515625 0.06640625
1 0.712890625 0.638671875 0.03515625 0.072265625
1 0.7421875 0.642578125 0.0078125 0.068359375
1 0.54296875 0.728515625 0.033203125 0.033203125
1 0.583984375 0.728515625 0.03125 0.033203125
1 0.623046875 0.728515625 0.033203125 0.033203125
1 0.501953125 0.73046875 0.03125 0.03125
1 0.6640625 0.73046875 0.03125 0.03125
1 0.703125 0.73046875 0.029296875 0.03125
1 0.736328125 0.73046875 0.017578125 0.03125
1 0.373046875 0.734375 0.03515625 0.021484375
1 0.435546875 0.734375 0.076171875 0.021484375
1 0.328125 0.736328125 0.03515625 0.017578125
1 0.28515625 0.73828125 0.03515625 0.015625
