0 0.259765625 0.3671875 0.015625 0.052734375
0 0.736328125 0.369140625 0.01953125 0.05078125
0 0.29296875 0.3671875 0.025390625 0.044921875
0 0.333984375 0.369140625 0.02734375 0.046875
0 0.66015625 0.369140625 0.03515625 0.048828125
0 0.701171875 0.369140625 0.033203125 0.048828125
0 0.376953125 0.37109375 0.02734375 0.044921875
0 0.619140625 0.373046875 0.029296875 0.046875
0 0.296875 0.419921875 0.0703125 0.048828125
0 0.677734375 0.419921875 0.033203125 0.048828125
0 0.7265625 0.421875 0.0390625 0.05078125
0 0.353515625 0.423828125 0.029296875 0.05078125
0 0.39453125 0.423828125 0.03125 0.048828125
0 0.599609375 0.423828125 0.029296875 0.044921875
0 0.638671875 0.423828125 0.029296875 0.044921875
0 0.26171875 0.470703125 0.01953125 0.046875
0 0.734375 0.470703125 0.0234375 0.048828125
0 0.294921875 0.47265625 0.03125 0.046875
0 0.697265625 0.47265625 0.03125 0.046875
0 0.375 0.474609375 0.029296875 0.046875
0 0.580078125 0.47265625 0.02734375 0.044921875
0 0.63671875 0.474609375 0.072265625 0.046875
0 0.333984375 0.4765625 0.029296875 0.046875
0 0.416015625 0.474609375 0.03125 0.044921875
0 0.595703125 0.521484375 0.029296875 0.048828125
0 0.275390625 0.521484375 0.029296875 0.044921875
0 0.55859375 0.5234375 0.03125 0.046875
0 0.314453125 0.525390625 0.029296875 0.046875
0 0.35546875 0.525390625 0.02734375 0.048828125
0 0.435546875 0.5234375 0.029296875 0.044921875
0 0.65625 0.525390625 0.0703125 0.046875
0 0.71484375 0.525390625 0.033203125 0.048828125
0 0.39453125 0.525390625 0.029296875 0.044921875
0 0.744140625 0.525390625 0.00390625 0.041015625
0 0.26171875 0.57421875 0.01953125 0.052734375
0 0.693359375 0.572265625 0.029296875 0.048828125
0 0.732421875 0.572265625 0.02734375 0.048828125
0 0.615234375 0.57421875 0.029296875 0.046875
0 0.65625 0.57421875 0.02734375 0.046875
0 0.294921875 0.57421875 0.029296875 0.044921875
0 0.333984375 0.57421875 0.029296875 0.044921875
0 0.375 0.57421875 0.029296875 0.044921875
0 0.453125 0.576171875 0.029296875 0.046875
0 0.5390625 0.57421875 0.029296875 0.044921875
0 0.578125 0.57421875 0.029296875 0.044921875
0 0.4140625 0.576171875 0.033203125 0.044921875
0 0.51953125 0.623046875 0.033203125 0.046875
0 0.271484375 0.650390625 0.0390625 0.09765625
0 0.634765625 0.623046875 0.03125 0.04296875
0 0.673828125 0.623046875 0.029296875 0.04296875
0 0.712890625 0.625 0.033203125 0.046875
0 0.314453125 0.625 0.029296875 0.044921875
0 0.39453125 0.626953125 0.03125 0.046875
0 0.47265625 0.625 0.03125 0.044921875
0 0.55859375 0.625 0.02734375 0.044921875
0 0.595703125 0.625 0.029296875 0.04296875
0 0.7421875 0.623046875 0.0078125 0.041015625
0 0.43359375 0.626953125 0.03125 0.044921875
0 0.353515625 0.62890625 0.029296875 0.04296875
0 0.576171875 0.671875 0.029296875 0.046875
0 0.693359375 0.671875 0.029296875 0.046875
0 0.537109375 0.673828125 0.029296875 0.048828125
0 0.615234375 0.673828125 0.03125 0.046875
0 0.654296875 0.673828125 0.03125 0.046875
0 0.732421875 0.671875 0.02734375 0.044921875
0 0.294921875 0.67578125 0.029296875 0.046875
0 0.455078125 0.67578125 0.029296875 0.044921875
0 0.337890625 0.6796875 0.03125 0.04296875
0 0.3671875 0.701171875 0.048828125 0.087890625
0 0.416015625 0.6796875 0.02734375 0.044921875
0 0.673828125 0.720703125 0.029296875 0.048828125
0 0.556640625 0.72265625 0.029296875 0.046875
0 0.634765625 0.72265625 0.029296875 0.046875
0 0.712890625 0.72265625 0.029296875 0.046875
0 0.31640625 0.72265625 0.03125 0.044921875
0 0.595703125 0.72265625 0.02734375 0.04296875
0 0.7421875 0.72265625 0.0078125 0.04296875
0 0.27734375 0.724609375 0.03125 0.04296875
0 0.4375 0.724609375 0.02734375 0.04296875
0 0.3984375 0.724609375 0.02734375 0.041015625
