0 0.54296875 0.294921875 0.03125 0.080078125
0 0.58203125 0.291015625 0.02734375 0.072265625
0 0.623046875 0.29296875 0.029296875 0.07421875
0 0.728515625 0.2890625 0.021484375 0.068359375
0 0.654296875 0.291015625 0.021484375 0.06640625
0 0.685546875 0.2890625 0.0234375 0.064453125
0 0.708984375 0.361328125 0.0234375 0.064453125
0 0.5703125 0.373046875 0.033203125 0.080078125
0 0.609375 0.37109375 0.03125 0.076171875
0 0.6484375 0.369140625 0.025390625 0.072265625
0 0.6796875 0.3671875 0.015625 0.068359375
0 0.703125 0.435546875 0.025390625 0.072265625
0 0.7265625 0.43359375 0.01171875 0.060546875
0 0.5390625 0.458984375 0.03515625 0.087890625
0 0.611328125 0.451171875 0.025390625 0.06640625
0 0.650390625 0.447265625 0.0234375 0.0546875
0 0.572265625 0.453125 0.01953125 0.056640625
0 0.71875 0.51171875 0.025390625 0.072265625
0 0.671875 0.51171875 0.017578125 0.068359375
0 0.65234375 0.521484375 0.025390625 0.0703125
0 0.568359375 0.53125 0.02734375 0.083984375
0 0.615234375 0.529296875 0.025390625 0.07421875
0 0.740234375 0.52734375 0.009765625 0.068359375
0 0.689453125 0.587890625 0.0234375 0.064453125
0 0.658203125 0.591796875 0.0234375 0.0625
0 0.728515625 0.603515625 0.01953125 0.06640625
0 0.625 0.60546875 0.0234375 0.068359375
0 0.587890625 0.611328125 0.029296875 0.07421875
0 0.546875 0.62890625 0.033203125 0.08203125
0 0.67578125 0.6640625 0.017578125 0.068359375
0 0.6484375 0.669921875 0.02734375 0.072265625
0 0.7421875 0.66796875 0.00390625 0.064453125
0 0.71875 0.681640625 0.021484375 0.0703125
0 0.611328125 0.6875 0.021484375 0.07421875
0 0.58203125 0.69921875 0.033203125 0.076171875
0 0.662109375 0.728515625 0.013671875 0.03125
0 0.642578125 0.732421875 0.021484375 0.021484375
0 0.703125 0.734375 0.0234375 0.0234375
