0 0.3359375 0.3984375 0.025390625 0.09765625
0 0.365234375 0.416015625 0.021484375 0.1015625
0 0.400390625 0.435546875 0.02734375 0.103515625
0 0.46875 0.4921875 0.03515625 0.12109375
0 0.330078125 0.48046875 0.01953125 0.09375
0 0.357421875 0.498046875 0.01953125 0.095703125
0 0.509765625 0.525390625 0.037109375 0.125
0 0.384765625 0.525390625 0.025390625 0.099609375
0 0.41796875 0.546875 0.021484375 0.103515625
0 0.560546875 0.564453125 0.044921875 0.134765625
0 0.453125 0.578125 0.033203125 0.10546875
0 0.345703125 0.578125 0.021484375 0.091796875
0 0.4921875 0.6171875 0.033203125 0.125
0 0.37890625 0.60546875 0.0234375 0.08984375
0 0.41015625 0.6328125 0.029296875 0.09375
0 0.5390625 0.66015625 0.037109375 0.125
0 0.333984375 0.68359375 0.021484375 0.125
0 0.591796875 0.693359375 0.046875 0.103515625
0 0.474609375 0.6953125 0.03125 0.1015625
0 0.349609375 0.70703125 0.021484375 0.078125
0 0.515625 0.716796875 0.033203125 0.05859375
0 0.376953125 0.720703125 0.0234375 0.05078125
0 0.408203125 0.734375 0.0234375 0.0234375
