1 0.509765625 0.318359375 0.048828125 0.134765625
1 0.732421875 0.31640625 0.02734375 0.12890625
1 0.28515625 0.3203125 0.048828125 0.12890625
1 0.341796875 0.318359375 0.046875 0.125
1 0.6796875 0.318359375 0.048828125 0.126953125
1 0.451171875 0.462890625 0.048828125 0.134765625
1 0.509765625 0.4609375 0.048828125 0.130859375
1 0.625 0.458984375 0.046875 0.126953125
1 0.279296875 0.46484375 0.048828125 0.1328125
1 0.337890625 0.4609375 0.046875 0.126953125
1 0.681640625 0.462890625 0.05078125 0.12890625
1 0.73046875 0.462890625 0.03125 0.12890625
1 0.392578125 0.46484375 0.048828125 0.125
1 0.56640625 0.46484375 0.046875 0.123046875
1 0.453125 0.60546875 0.048828125 0.138671875
1 0.625 0.6015625 0.048828125 0.12890625
1 0.51171875 0.60546875 0.04296875 0.130859375
1 0.68359375 0.60546875 0.046875 0.12890625
1 0.3984375 0.60546875 0.046875 0.126953125
1 0.568359375 0.607421875 0.046875 0.12890625
1 0.73046875 0.607421875 0.029296875 0.12890625
1 0.28125 0.609375 0.05078125 0.130859375
1 0.33984375 0.609375 0.046875 0.125
1 0.275390625 0.71484375 0.048828125 0.0625
1 0.453125 0.71484375 0.046875 0.0625
1 0.509765625 0.71484375 0.046875 0.0625
1 0.68359375 0.71484375 0.046875 0.0625
1 0.625 0.71484375 0.046875 0.060546875
1 0.3359375 0.716796875 0.048828125 0.05859375
1 0.396484375 0.716796875 0.046875 0.05859375
1 0.568359375 0.716796875 0.044921875 0.05859375
1 0.73046875 0.716796875 0.03125 0.05078125
