1 0.71875 0.302734375 0.033203125 0.05859375
1 0.677734375 0.31640625 0.0390625 0.060546875
1 0.62890625 0.33203125 0.041015625 0.0625
1 0.58203125 0.345703125 0.041015625 0.064453125
1 0.72265625 0.36328125 0.029296875 0.060546875
1 0.521484375 0.373046875 0.044921875 0.0625
1 0.68359375 0.37890625 0.033203125 0.060546875
1 0.474609375 0.384765625 0.044921875 0.064453125
1 0.427734375 0.3984375 0.046875 0.0625
1 0.634765625 0.396484375 0.037109375 0.048828125
1 0.58984375 0.404296875 0.041015625 0.056640625
1 0.380859375 0.419921875 0.046875 0.064453125
1 0.728515625 0.423828125 0.03125 0.05859375
1 0.53125 0.431640625 0.041015625 0.060546875
1 0.6875 0.4375 0.03515625 0.05859375
1 0.48828125 0.44140625 0.046875 0.056640625
1 0.642578125 0.44921875 0.03515625 0.056640625
1 0.44140625 0.45703125 0.046875 0.060546875
1 0.328125 0.462890625 0.046875 0.0625
1 0.59765625 0.46484375 0.041015625 0.05859375
1 0.279296875 0.474609375 0.048828125 0.05859375
1 0.396484375 0.474609375 0.044921875 0.056640625
1 0.732421875 0.482421875 0.021484375 0.05078125
1 0.541015625 0.490234375 0.041015625 0.05859375
1 0.697265625 0.498046875 0.03515625 0.056640625
1 0.501953125 0.501953125 0.03515625 0.056640625
1 0.65234375 0.51171875 0.03515625 0.0546875
1 0.25390625 0.498046875 0.001953125 0.025390625
1 0.34375 0.517578125 0.044921875 0.056640625
1 0.453125 0.51953125 0.044921875 0.05078125
1 0.609375 0.525390625 0.0390625 0.0546875
1 0.296875 0.53125 0.048828125 0.05859375
1 0.41015625 0.53515625 0.04296875 0.05859375
1 0.263671875 0.544921875 0.0234375 0.0546875
1 0.5546875 0.546875 0.0390625 0.052734375
1 0.509765625 0.55859375 0.041015625 0.052734375
1 0.73828125 0.5546875 0.013671875 0.044921875
1 0.70703125 0.56640625 0.03515625 0.05078125
1 0.359375 0.57421875 0.04296875 0.05859375
1 0.466796875 0.57421875 0.04296875 0.0546875
1 0.314453125 0.587890625 0.046875 0.0546875
1 0.6640625 0.583984375 0.033203125 0.048828125
1 0.423828125 0.595703125 0.04296875 0.0546875
1 0.62109375 0.599609375 0.033203125 0.048828125
1 0.271484375 0.60546875 0.0390625 0.05078125
1 0.740234375 0.603515625 0.01171875 0.041015625
1 0.568359375 0.615234375 0.0390625 0.05078125
1 0.7109375 0.6171875 0.03515625 0.05078125
1 0.373046875 0.630859375 0.04296875 0.048828125
1 0.525390625 0.630859375 0.0390625 0.048828125
1 0.669921875 0.634765625 0.033203125 0.041015625
1 0.328125 0.64453125 0.044921875 0.052734375
1 0.482421875 0.6484375 0.037109375 0.05078125
1 0.62890625 0.646484375 0.033203125 0.048828125
1 0.740234375 0.65234375 0.005859375 0.03515625
1 0.283203125 0.662109375 0.044921875 0.048828125
1 0.57421875 0.66015625 0.03515625 0.044921875
1 0.71484375 0.662109375 0.03125 0.041015625
1 0.44140625 0.66796875 0.041015625 0.046875
1 0.2578125 0.673828125 0.009765625 0.041015625
1 0.533203125 0.677734375 0.037109375 0.048828125
1 0.673828125 0.677734375 0.029296875 0.04296875
1 0.388671875 0.68359375 0.0390625 0.044921875
1 0.4921875 0.6953125 0.03515625 0.046875
1 0.63671875 0.6953125 0.03125 0.044921875
1 0.345703125 0.69921875 0.0390625 0.044921875
1 0.58203125 0.708984375 0.03515625 0.048828125
1 0.74609375 0.705078125 -0.001953125 0.03125
1 0.453125 0.712890625 0.03515625 0.044921875
1 0.3046875 0.716796875 0.04296875 0.046875
1 0.72265625 0.716796875 0.029296875 0.041015625
1 0.54296875 0.724609375 0.033203125 0.041015625
1 0.400390625 0.7265625 0.03515625 0.03515625
1 0.68359375 0.728515625 0.033203125 0.03515625
1 0.267578125 0.728515625 0.02734375 0.033203125
1 0.357421875 0.734375 0.033203125 0.021484375
1 0.642578125 0.734375 0.029296875 0.021484375
1 0.501953125 0.736328125 0.03515625 0.01953125
1 0.31640625 0.7421875 0.029296875 0.0078125
1 0.4609375 0.7421875 0.02734375 0.0078125
1 0.58984375 0.7421875 0.02734375 0.0078125
