0 0.658203125 0.408203125 0.01171875 0.01953125
0 0.677734375 0.4140625 0.01171875 0.01953125
0 0.630859375 0.431640625 0.01171875 0.0234375
0 0.580078125 0.43359375 0.013671875 0.01953125
0 0.60546875 0.43359375 0.01171875 0.021484375
0 0.671875 0.447265625 0.015625 0.021484375
0 0.646484375 0.451171875 0.013671875 0.0234375
0 0.51953125 0.453125 0.013671875 0.021484375
0 0.34375 0.45703125 0.01171875 0.0234375
0 0.724609375 0.45703125 0.017578125 0.025390625
0 0.552734375 0.462890625 0.013671875 0.025390625
0 0.421875 0.466796875 0.01953125 0.029296875
0 0.576171875 0.46484375 0.01171875 0.0234375
0 0.322265625 0.48046875 0.0234375 0.046875
0 0.396484375 0.470703125 0.009765625 0.021484375
0 0.60546875 0.48046875 0.033203125 0.03125
0 0.66015625 0.482421875 0.01171875 0.025390625
0 0.5 0.484375 0.01171875 0.021484375
0 0.63671875 0.484375 0.01171875 0.021484375
0 0.28515625 0.48828125 0.013671875 0.021484375
0 0.44140625 0.494140625 0.017578125 0.03125
0 0.521484375 0.4921875 0.01171875 0.0234375
0 0.4765625 0.498046875 0.013671875 0.025390625
0 0.54296875 0.5 0.01171875 0.0234375
0 0.380859375 0.50390625 0.01171875 0.01953125
0 0.353515625 0.5078125 0.013671875 0.021484375
0 0.572265625 0.509765625 0.033203125 0.025390625
0 0.423828125 0.513671875 0.015625 0.029296875
0 0.45703125 0.51953125 0.017578125 0.02734375
0 0.662109375 0.515625 0.01171875 0.01953125
0 0.294921875 0.517578125 0.013671875 0.01953125
0 0.60546875 0.517578125 0.01171875 0.01953125
0 0.638671875 0.517578125 0.013671875 0.01953125
0 0.2734375 0.5234375 0.013671875 0.025390625
0 0.32421875 0.521484375 0.013671875 0.021484375
0 0.51171875 0.517578125 0.013671875 0.009765625
0 0.400390625 0.529296875 0.015625 0.02734375
0 0.490234375 0.52734375 0.013671875 0.025390625
0 0.537109375 0.533203125 0.01171875 0.0234375
0 0.4375 0.537109375 0.017578125 0.02734375
0 0.375 0.53515625 0.013671875 0.01953125
0 0.556640625 0.5390625 0.013671875 0.0234375
0 0.46875 0.546875 0.01953125 0.03515625
0 0.2578125 0.544921875 0.01171875 0.029296875
0 0.349609375 0.54296875 0.017578125 0.021484375
0 0.525390625 0.5546875 0.03515625 0.044921875
0 0.580078125 0.54296875 0.01171875 0.01953125
0 0.603515625 0.548828125 0.01171875 0.021484375
0 0.626953125 0.552734375 0.01171875 0.0234375
0 0.6484375 0.55078125 0.01171875 0.01953125
0 0.673828125 0.552734375 0.013671875 0.0234375
0 0.494140625 0.56640625 0.01171875 0.013671875
0 0.556640625 0.572265625 0.013671875 0.021484375
0 0.578125 0.576171875 0.01171875 0.01953125
0 0.65234375 0.583984375 0.01171875 0.01953125
0 0.609375 0.583984375 0.01171875 0.017578125
0 0.62890625 0.5859375 0.009765625 0.01953125
