1 0.5625 0.3828125 0.04296875 0.0703125
1 0.498046875 0.392578125 0.046875 0.068359375
1 0.59375 0.416015625 0.041015625 0.068359375
1 0.71875 0.39453125 0.029296875 0.025390625
1 0.744140625 0.396484375 0.00390625 0.017578125
1 0.529296875 0.4296875 0.044921875 0.07421875
1 0.4765625 0.451171875 0.046875 0.076171875
1 0.732421875 0.44140625 0.025390625 0.044921875
1 0.427734375 0.451171875 0.033203125 0.056640625
1 0.62109375 0.458984375 0.041015625 0.06640625
1 0.693359375 0.451171875 0.029296875 0.05078125
1 0.568359375 0.470703125 0.044921875 0.0703125
1 0.51171875 0.486328125 0.046875 0.068359375
1 0.408203125 0.501953125 0.046875 0.068359375
1 0.7265625 0.49609375 0.025390625 0.044921875
1 0.458984375 0.51171875 0.04296875 0.068359375
1 0.646484375 0.51171875 0.02734375 0.05078125
1 0.544921875 0.51953125 0.04296875 0.064453125
1 0.59765625 0.51953125 0.0390625 0.064453125
1 0.68359375 0.51171875 0.029296875 0.048828125
1 0.4921875 0.54296875 0.044921875 0.068359375
1 0.380859375 0.55078125 0.048828125 0.07421875
1 0.28515625 0.560546875 0.048828125 0.0703125
1 0.431640625 0.55859375 0.044921875 0.068359375
1 0.7421875 0.546875 0.0078125 0.041015625
1 0.716796875 0.55078125 0.029296875 0.04296875
1 0.3359375 0.57421875 0.046875 0.068359375
1 0.642578125 0.5703125 0.029296875 0.046875
1 0.6796875 0.5703125 0.029296875 0.046875
1 0.60546875 0.578125 0.029296875 0.048828125
1 0.564453125 0.58203125 0.029296875 0.052734375
1 0.52734375 0.587890625 0.029296875 0.05078125
1 0.46875 0.595703125 0.04296875 0.060546875
1 0.412109375 0.6171875 0.046875 0.06640625
1 0.27734375 0.6015625 0.0390625 0.025390625
1 0.361328125 0.6328125 0.033203125 0.046875
1 0.267578125 0.650390625 0.033203125 0.064453125
1 0.3203125 0.65234375 0.0390625 0.05859375
1 0.70703125 0.658203125 0.0625 0.0546875
1 0.74609375 0.654296875 0.0 0.03515625
1 0.634765625 0.66796875 0.068359375 0.0546875
1 0.578125 0.6796875 0.029296875 0.044921875
1 0.5390625 0.6875 0.03125 0.046875
1 0.400390625 0.69140625 0.037109375 0.052734375
1 0.5 0.6953125 0.02734375 0.046875
1 0.2734375 0.705078125 0.0390625 0.05859375
1 0.458984375 0.69921875 0.03125 0.046875
1 0.33203125 0.703125 0.0390625 0.052734375
1 0.7265625 0.705078125 0.0390625 0.044921875
1 0.6875 0.712890625 0.02734375 0.0390625
1 0.650390625 0.716796875 0.02734375 0.041015625
1 0.61328125 0.72265625 0.02734375 0.03515625
1 0.57421875 0.728515625 0.025390625 0.033203125
1 0.537109375 0.732421875 0.029296875 0.02734375
1 0.49609375 0.736328125 0.029296875 0.01953125
1 0.45703125 0.73828125 0.029296875 0.015625
1 0.720703125 0.740234375 0.02734375 0.01171875
1 0.671875 0.7421875 0.0546875 0.005859375
1 0.6328125 0.7421875 -0.00390625 -0.00390625
1 0.623046875 0.74609375 0.005859375 -0.001953125
