0 0.41796875 0.25390625 0.0078125 0.005859375
0 0.552734375 0.2578125 0.017578125 0.013671875
0 0.6640625 0.259765625 0.009765625 0.009765625
0 0.478515625 0.263671875 0.0 0.00390625
0 0.513671875 0.26953125 0.001953125 0.00390625
0 0.73046875 0.271484375 0.00390625 0.001953125
0 0.255859375 0.275390625 0.001953125 0.005859375
0 0.298828125 0.283203125 0.017578125 0.017578125
0 0.685546875 0.28125 0.001953125 0.005859375
0 0.58203125 0.28515625 0.005859375 0.001953125
0 0.67578125 0.291015625 0.0078125 0.0078125
0 0.51171875 0.30078125 0.00390625 0.005859375
0 0.62109375 0.3125 0.009765625 0.009765625
0 0.69140625 0.31640625 0.001953125 0.00390625
0 0.42578125 0.3203125 0.0078125 0.009765625
0 0.28125 0.328125 0.017578125 0.015625
0 0.265625 0.337890625 0.0 0.005859375
0 0.408203125 0.345703125 0.0078125 0.005859375
0 0.28125 0.36328125 0.01953125 0.01953125
0 0.732421875 0.357421875 0.0078125 0.009765625
0 0.318359375 0.369140625 0.01953125 0.015625
0 0.705078125 0.380859375 0.009765625 0.01171875
0 0.251953125 0.38671875 0.0 0.005859375
0 0.421875 0.3984375 0.00390625 0.0078125
0 0.673828125 0.400390625 0.001953125 0.0078125
0 0.37109375 0.40625 0.009765625 0.015625
0 0.732421875 0.408203125 0.01171875 0.015625
0 0.55859375 0.412109375 0.009765625 0.013671875
0 0.521484375 0.412109375 0.0 0.0078125
0 0.353515625 0.423828125 0.017578125 0.0234375
0 0.6640625 0.416015625 0.00390625 0.00390625
0 0.271484375 0.423828125 0.00390625 0.0078125
0 0.470703125 0.423828125 0.0078125 0.009765625
0 0.57421875 0.427734375 0.0078125 0.015625
0 0.673828125 0.4296875 0.00390625 0.00390625
0 0.6484375 0.431640625 0.0 0.00390625
0 0.62109375 0.4375 0.005859375 0.01171875
0 0.283203125 0.4375 0.00390625 0.0078125
0 0.466796875 0.447265625 0.00390625 0.005859375
0 0.505859375 0.451171875 0.005859375 0.0078125
0 0.435546875 0.458984375 0.005859375 0.005859375
0 0.486328125 0.458984375 0.0 0.00390625
0 0.640625 0.4609375 0.0078125 0.0078125
0 0.3359375 0.470703125 0.01171875 0.013671875
0 0.5078125 0.46484375 0.0 0.001953125
0 0.279296875 0.470703125 0.005859375 0.0078125
0 0.494140625 0.470703125 0.005859375 0.009765625
0 0.671875 0.48046875 0.013671875 0.015625
0 0.455078125 0.478515625 0.005859375 0.0078125
0 0.505859375 0.48046875 0.00390625 0.0078125
0 0.486328125 0.484375 0.00390625 0.0078125
0 0.294921875 0.486328125 0.005859375 0.0078125
0 0.470703125 0.4921875 0.00390625 0.0078125
0 0.607421875 0.50390625 0.009765625 0.013671875
0 0.39453125 0.515625 0.005859375 0.01953125
0 0.296875 0.515625 0.005859375 0.0078125
0 0.595703125 0.517578125 0.0078125 0.013671875
0 0.728515625 0.517578125 0.005859375 0.01171875
0 0.27734375 0.517578125 0.0078125 0.009765625
0 0.2578125 0.5234375 0.005859375 0.0078125
0 0.564453125 0.51953125 0.0 0.001953125
0 0.3125 0.53125 0.005859375 0.01171875
0 0.326171875 0.54296875 0.017578125 0.021484375
0 0.568359375 0.537109375 0.005859375 0.0078125
0 0.4296875 0.54296875 0.005859375 0.015625
0 0.619140625 0.55859375 0.009765625 0.01171875
0 0.544921875 0.57421875 0.00390625 0.009765625
0 0.3203125 0.58984375 0.015625 0.01953125
0 0.71875 0.5859375 0.009765625 0.013671875
0 0.470703125 0.58984375 0.001953125 0.005859375
0 0.51171875 0.59375 0.01171875 0.013671875
0 0.365234375 0.61328125 0.009765625 0.01953125
0 0.31640625 0.61328125 0.001953125 0.00390625
0 0.396484375 0.626953125 0.005859375 0.01171875
0 0.671875 0.630859375 0.005859375 0.01171875
0 0.310546875 0.630859375 0.005859375 0.0078125
0 0.47265625 0.638671875 0.00390625 0.009765625
0 0.419921875 0.6484375 0.0078125 0.015625
0 0.564453125 0.646484375 0.00390625 0.0078125
0 0.4609375 0.650390625 0.0078125 0.01171875
0 0.4453125 0.658203125 0.005859375 0.01171875
0 0.7265625 0.673828125 0.001953125 0.0078125
0 0.544921875 0.67578125 0.00390625 0.009765625
0 0.583984375 0.716796875 0.0078125 0.015625
0 0.462890625 0.734375 0.001953125 0.009765625
