0 0.345703125 0.259765625 0.02734375 0.017578125
0 0.384765625 0.267578125 0.041015625 0.033203125
0 0.486328125 0.302734375 0.052734375 0.0859375
0 0.42578125 0.30859375 0.046875 0.083984375
0 0.33984375 0.306640625 0.025390625 0.05859375
0 0.58203125 0.318359375 0.052734375 0.08203125
0 0.353515625 0.384765625 0.060546875 0.197265625
0 0.294921875 0.341796875 0.02734375 0.048828125
0 0.326171875 0.353515625 0.02734375 0.025390625
0 0.5078125 0.388671875 0.05859375 0.08984375
0 0.453125 0.38671875 0.04296875 0.076171875
0 0.408203125 0.384765625 0.0390625 0.068359375
0 0.60546875 0.40234375 0.0703125 0.099609375
0 0.263671875 0.40234375 0.021484375 0.0546875
0 0.728515625 0.43359375 0.03515625 0.083984375
0 0.3828125 0.451171875 0.0390625 0.0625
0 0.431640625 0.45703125 0.044921875 0.06640625
0 0.5546875 0.466796875 0.052734375 0.080078125
0 0.291015625 0.486328125 0.03125 0.11328125
0 0.486328125 0.46875 0.052734375 0.0703125
0 0.259765625 0.48828125 0.015625 0.099609375
0 0.6484375 0.490234375 0.072265625 0.091796875
0 0.3671875 0.509765625 0.03125 0.056640625
0 0.408203125 0.517578125 0.0390625 0.064453125
0 0.3203125 0.541015625 0.033203125 0.10546875
0 0.4609375 0.52734375 0.041015625 0.068359375
0 0.525390625 0.5390625 0.05078125 0.0703125
0 0.591796875 0.55078125 0.05859375 0.076171875
0 0.681640625 0.578125 0.0703125 0.08203125
0 0.35546875 0.56640625 0.029296875 0.052734375
0 0.279296875 0.568359375 0.0234375 0.05078125
0 0.3984375 0.57421875 0.03515625 0.056640625
0 0.453125 0.578125 0.03125 0.05078125
0 0.494140625 0.6015625 0.044921875 0.06640625
0 0.5546875 0.6171875 0.052734375 0.07421875
0 0.62109375 0.640625 0.064453125 0.08203125
