0 0.654296875 0.53515625 0.037109375 0.03125
0 0.50390625 0.544921875 0.025390625 0.021484375
0 0.36328125 0.5546875 0.01953125 0.01953125
0 0.3828125 0.5546875 0.025390625 0.01953125
0 0.44140625 0.5546875 0.025390625 0.021484375
0 0.26171875 0.560546875 0.015625 0.01953125
0 0.544921875 0.57421875 0.03125 0.02734375
0 0.609375 0.580078125 0.03125 0.02734375
0 0.3125 0.576171875 0.021484375 0.017578125
0 0.267578125 0.583984375 0.017578125 0.01171875
0 0.43359375 0.595703125 0.017578125 0.015625
0 0.26171875 0.599609375 0.01953125 0.015625
0 0.3984375 0.599609375 0.025390625 0.017578125
0 0.6796875 0.603515625 0.037109375 0.025390625
0 0.556640625 0.611328125 0.029296875 0.0234375
0 0.515625 0.6171875 0.0234375 0.01953125
0 0.46875 0.619140625 0.0234375 0.01953125
0 0.357421875 0.62109375 0.021484375 0.01953125
0 0.326171875 0.62109375 0.01953125 0.013671875
0 0.623046875 0.634765625 0.033203125 0.025390625
0 0.734375 0.63671875 0.0234375 0.029296875
0 0.412109375 0.634765625 0.021484375 0.017578125
0 0.298828125 0.63671875 0.015625 0.013671875
0 0.6796875 0.638671875 0.015625 0.015625
0 0.708984375 0.638671875 0.01953125 0.017578125
0 0.486328125 0.64453125 0.021484375 0.013671875
0 0.375 0.646484375 0.017578125 0.009765625
0 0.521484375 0.650390625 0.025390625 0.017578125
0 0.556640625 0.65625 0.021484375 0.021484375
0 0.267578125 0.65625 0.013671875 0.01171875
0 0.330078125 0.658203125 0.021484375 0.017578125
0 0.591796875 0.662109375 0.025390625 0.01953125
0 0.375 0.666015625 0.015625 0.009765625
0 0.517578125 0.666015625 0.01171875 0.001953125
0 0.2734375 0.673828125 0.01171875 0.01171875
0 0.3359375 0.67578125 0.01953125 0.013671875
0 0.453125 0.6796875 0.021484375 0.017578125
0 0.40625 0.6875 0.021484375 0.017578125
0 0.314453125 0.69140625 0.01171875 0.005859375
0 0.7265625 0.701171875 0.03515625 0.025390625
0 0.560546875 0.703125 0.029296875 0.021484375
0 0.623046875 0.71484375 0.02734375 0.0234375
0 0.302734375 0.71484375 0.013671875 0.009765625
0 0.453125 0.71875 0.01953125 0.013671875
0 0.611328125 0.72265625 0.02734375 0.021484375
0 0.33203125 0.72265625 0.013671875 0.009765625
0 0.390625 0.724609375 0.01953125 0.013671875
0 0.421875 0.728515625 0.017578125 0.013671875
0 0.48828125 0.734375 0.025390625 0.017578125
0 0.52734375 0.734375 0.0234375 0.017578125
0 0.580078125 0.736328125 0.0234375 0.017578125
0 0.671875 0.736328125 0.033203125 0.017578125
0 0.333984375 0.740234375 0.013671875 0.0078125
0 0.734375 0.7421875 0.0234375 0.005859375
