1 0.326171875 0.29296875 0.04296875 0.03515625
1 0.328125 0.310546875 0.046875 0.03515625
1 0.474609375 0.318359375 0.044921875 0.0390625
1 0.328125 0.330078125 0.044921875 0.03125
1 0.412109375 0.3359375 0.06640625 0.0390625
1 0.34765625 0.34375 0.01171875 0.015625
1 0.474609375 0.35546875 0.044921875 0.033203125
1 0.328125 0.349609375 0.0078125 0.013671875
1 0.3125 0.35546875 0.005859375 0.009765625
1 0.412109375 0.365234375 0.064453125 0.029296875
1 0.4765625 0.388671875 0.04296875 0.02734375
1 0.427734375 0.392578125 0.033203125 0.025390625
1 0.345703125 0.392578125 0.01171875 0.01953125
1 0.32421875 0.392578125 0.0 0.013671875
1 0.33203125 0.39453125 -0.001953125 0.015625
1 0.392578125 0.396484375 0.025390625 0.021484375
1 0.296875 0.3984375 -0.001953125 0.009765625
1 0.359375 0.4140625 0.001953125 0.015625
1 0.333984375 0.416015625 0.009765625 0.013671875
1 0.34765625 0.416015625 0.001953125 0.01171875
1 0.474609375 0.421875 0.04296875 0.025390625
1 0.412109375 0.435546875 0.064453125 0.04296875
1 0.30078125 0.416015625 -0.001953125 0.001953125
1 0.306640625 0.435546875 0.001953125 0.0078125
1 0.32421875 0.435546875 0.005859375 0.009765625
1 0.345703125 0.4375 0.001953125 0.013671875
1 0.35546875 0.439453125 0.0 0.015625
1 0.365234375 0.4375 0.001953125 0.013671875
1 0.3359375 0.439453125 0.0 0.0078125
1 0.4296875 0.453125 0.03125 0.021484375
1 0.4765625 0.455078125 0.04296875 0.025390625
1 0.30078125 0.455078125 0.005859375 0.01171875
1 0.310546875 0.455078125 -0.001953125 0.009765625
1 0.318359375 0.45703125 0.0 0.009765625
1 0.32421875 0.45703125 -0.001953125 0.0078125
1 0.345703125 0.458984375 0.009765625 0.013671875
1 0.365234375 0.462890625 0.013671875 0.017578125
1 0.333984375 0.4609375 0.0 0.0078125
1 0.396484375 0.474609375 0.021484375 0.01953125
1 0.310546875 0.474609375 0.0 0.0078125
1 0.45703125 0.486328125 0.080078125 0.03125
1 0.3203125 0.478515625 0.0 0.0078125
1 0.33984375 0.482421875 0.017578125 0.015625
1 0.3984375 0.5 0.0234375 0.0234375
1 0.45703125 0.513671875 0.080078125 0.03515625
1 0.345703125 0.501953125 -0.001953125 0.0078125
1 0.322265625 0.501953125 0.0 0.00390625
1 0.3359375 0.50390625 0.0 0.005859375
1 0.353515625 0.5078125 0.001953125 0.01171875
1 0.37109375 0.5078125 0.001953125 0.01171875
1 0.3984375 0.5234375 0.0234375 0.01953125
1 0.333984375 0.5234375 0.0 0.0078125
1 0.345703125 0.5234375 0.0 0.0078125
1 0.45703125 0.541015625 0.078125 0.041015625
1 0.361328125 0.53125 0.001953125 0.013671875
1 0.34765625 0.560546875 0.0 0.0078125
1 0.36328125 0.568359375 0.0 0.01171875
1 0.345703125 0.578125 0.0 0.00390625
1 0.3515625 0.580078125 0.001953125 0.009765625
1 0.36328125 0.59765625 0.013671875 0.033203125
1 0.408203125 0.599609375 0.015625 0.03125
1 0.341796875 0.591796875 0.0 0.00390625
1 0.349609375 0.599609375 0.0 0.01171875
1 0.439453125 0.615234375 0.02734375 0.02734375
1 0.376953125 0.611328125 0.0 0.009765625
1 0.396484375 0.615234375 0.001953125 0.0078125
1 0.34765625 0.6171875 0.0 0.009765625
1 0.408203125 0.634765625 0.009765625 0.02734375
1 0.341796875 0.62890625 0.0078125 0.01171875
1 0.36328125 0.62890625 0.0 0.00390625
1 0.39453125 0.6328125 0.001953125 0.013671875
1 0.42578125 0.63671875 0.00390625 0.01953125
1 0.373046875 0.630859375 0.0 0.005859375
1 0.380859375 0.634765625 0.001953125 0.0078125
1 0.439453125 0.642578125 0.005859375 0.021484375
1 0.4609375 0.66796875 0.025390625 0.052734375
1 0.37109375 0.6484375 0.00390625 0.009765625
1 0.41796875 0.65625 0.005859375 0.01953125
1 0.404296875 0.666015625 0.02734375 0.03515625
1 0.37890625 0.65625 0.001953125 0.013671875
1 0.359375 0.662109375 0.0 0.005859375
1 0.376953125 0.6796875 0.00390625 0.017578125
1 0.36328125 0.6796875 0.001953125 0.009765625
1 0.39453125 0.685546875 0.005859375 0.01953125
1 0.427734375 0.685546875 0.0078125 0.01953125
1 0.443359375 0.693359375 0.0078125 0.015625
1 0.458984375 0.703125 0.0078125 0.01171875
1 0.474609375 0.708984375 0.00390625 0.0
