1 0.302734375 0.26171875 0.03125 0.017578125
1 0.345703125 0.28125 0.02734375 0.013671875
1 0.298828125 0.2890625 0.029296875 0.0234375
1 0.373046875 0.30859375 0.033203125 0.048828125
1 0.330078125 0.31640625 0.041015625 0.046875
1 0.41015625 0.302734375 0.01953125 0.01171875
1 0.439453125 0.310546875 0.017578125 0.013671875
1 0.40625 0.34765625 0.03125 0.06640625
1 0.43359375 0.326171875 0.021484375 0.01171875
1 0.458984375 0.333984375 0.013671875 0.009765625
1 0.44140625 0.353515625 0.025390625 0.033203125
1 0.48046875 0.349609375 0.03125 0.0234375
1 0.365234375 0.35546875 0.033203125 0.033203125
1 0.32421875 0.353515625 0.029296875 0.015625
1 0.51171875 0.349609375 0.015625 0.0078125
1 0.541015625 0.3671875 0.0390625 0.02734375
1 0.50390625 0.36328125 0.017578125 0.01171875
1 0.572265625 0.3671875 0.01171875 0.0078125
1 0.32421875 0.373046875 0.03125 0.015625
1 0.484375 0.375 0.048828125 0.01953125
1 0.591796875 0.369140625 0.01171875 0.005859375
1 0.623046875 0.37109375 0.037109375 0.0078125
1 0.654296875 0.373046875 0.0078125 0.001953125
1 0.66796875 0.375 0.005859375 0.001953125
1 0.68359375 0.375 0.0078125 0.001953125
1 0.697265625 0.376953125 0.00390625 0.00390625
1 0.7109375 0.376953125 0.001953125 0.00390625
1 0.365234375 0.392578125 0.03125 0.033203125
1 0.4375 0.380859375 0.021484375 0.009765625
1 0.724609375 0.37890625 0.00390625 0.00390625
1 0.60546875 0.380859375 0.005859375 0.0
1 0.62109375 0.380859375 0.009765625 0.001953125
1 0.5234375 0.38671875 0.01171875 0.0078125
1 0.5703125 0.384765625 0.009765625 0.005859375
1 0.63671875 0.3828125 0.00390625 0.0
1 0.466796875 0.388671875 0.021484375 0.009765625
1 0.65234375 0.384765625 0.005859375 0.0
1 0.66796875 0.384765625 0.00390625 0.0
1 0.322265625 0.392578125 0.033203125 0.013671875
1 0.595703125 0.388671875 0.01171875 0.005859375
1 0.6875 0.38671875 0.017578125 0.0
1 0.708984375 0.38671875 0.00390625 0.0
1 0.40234375 0.39453125 0.025390625 0.01171875
1 0.548828125 0.392578125 0.013671875 0.0078125
1 0.498046875 0.396484375 0.021484375 0.01171875
1 0.6171875 0.392578125 0.009765625 0.005859375
1 0.63671875 0.39453125 0.009765625 0.00390625
1 0.65234375 0.39453125 0.005859375 0.00390625
1 0.67578125 0.39453125 0.0078125 0.005859375
1 0.435546875 0.400390625 0.0234375 0.01171875
1 0.689453125 0.396484375 0.00390625 0.00390625
1 0.5703125 0.400390625 0.013671875 0.0078125
1 0.70703125 0.396484375 0.005859375 0.001953125
1 0.720703125 0.3984375 0.005859375 0.00390625
1 0.732421875 0.396484375 -0.001953125 0.001953125
1 0.740234375 0.396484375 -0.001953125 0.001953125
1 0.525390625 0.40234375 0.017578125 0.009765625
1 0.591796875 0.40234375 0.0078125 0.005859375
1 0.46875 0.40625 0.01953125 0.009765625
1 0.55078125 0.408203125 0.015625 0.0078125
1 0.611328125 0.40625 0.009765625 0.005859375
1 0.291015625 0.41015625 0.025390625 0.009765625
1 0.400390625 0.412109375 0.025390625 0.01171875
1 0.62890625 0.408203125 0.009765625 0.00390625
1 0.65234375 0.408203125 0.0078125 0.00390625
1 0.671875 0.408203125 0.005859375 0.00390625
1 0.49609375 0.412109375 0.017578125 0.009765625
1 0.6875 0.408203125 0.00390625 0.001953125
1 0.703125 0.41015625 0.00390625 0.00390625
1 0.716796875 0.41015625 0.0 0.00390625
1 0.73046875 0.408203125 0.00390625 0.001953125
1 0.73828125 0.408203125 0.001953125 0.001953125
1 0.5703125 0.4140625 0.013671875 0.005859375
1 0.330078125 0.41796875 0.025390625 0.009765625
1 0.43359375 0.41796875 0.0234375 0.0078125
1 0.5234375 0.41796875 0.015625 0.0078125
1 0.58984375 0.41796875 0.005859375 0.005859375
1 0.611328125 0.419921875 0.009765625 0.005859375
1 0.73828125 0.419921875 0.00390625 0.00390625
1 0.36328125 0.42578125 0.025390625 0.01171875
1 0.466796875 0.423828125 0.015625 0.009765625
1 0.62890625 0.427734375 0.01171875 0.015625
1 0.650390625 0.421875 0.009765625 0.00390625
1 0.66796875 0.421875 0.005859375 0.00390625
1 0.68359375 0.421875 0.0078125 0.00390625
1 0.697265625 0.419921875 0.00390625 0.001953125
1 0.7109375 0.421875 0.00390625 0.00390625
1 0.72265625 0.419921875 0.00390625 0.001953125
1 0.546875 0.423828125 0.01171875 0.005859375
1 0.29296875 0.427734375 0.0234375 0.009765625
1 0.494140625 0.4296875 0.017578125 0.0078125
1 0.396484375 0.4296875 0.021484375 0.005859375
1 0.564453125 0.4296875 0.01171875 0.005859375
1 0.72265625 0.431640625 0.00390625 0.00390625
1 0.736328125 0.4296875 0.00390625 0.001953125
1 0.74609375 0.4296875 0.0 0.001953125
1 0.427734375 0.435546875 0.017578125 0.0078125
1 0.53125 0.435546875 0.0390625 0.009765625
1 0.609375 0.43359375 0.009765625 0.00390625
1 0.64453125 0.43359375 0.009765625 0.00390625
1 0.6796875 0.43359375 0.005859375 0.00390625
1 0.6953125 0.43359375 0.005859375 0.00390625
1 0.708984375 0.431640625 0.001953125 0.001953125
1 0.330078125 0.4375 0.0234375 0.0078125
1 0.662109375 0.43359375 0.009765625 0.001953125
1 0.453125 0.439453125 0.015625 0.005859375
1 0.365234375 0.44140625 0.021484375 0.005859375
1 0.4765625 0.443359375 0.013671875 0.005859375
1 0.56640625 0.453125 0.029296875 0.025390625
1 0.580078125 0.4453125 0.01171875 0.0078125
1 0.72265625 0.443359375 0.005859375 0.00390625
1 0.736328125 0.44140625 0.001953125 0.001953125
1 0.296875 0.455078125 0.02734375 0.025390625
1 0.396484375 0.4453125 0.017578125 0.005859375
1 0.64453125 0.4453125 0.0078125 0.00390625
1 0.66015625 0.4453125 0.0078125 0.00390625
1 0.67578125 0.443359375 0.009765625 0.001953125
1 0.693359375 0.443359375 0.0078125 0.001953125
1 0.708984375 0.443359375 0.0078125 0.001953125
1 0.498046875 0.447265625 0.009765625 0.00390625
1 0.603515625 0.447265625 0.01171875 0.00390625
1 0.623046875 0.447265625 0.013671875 0.00390625
1 0.330078125 0.451171875 0.025390625 0.009765625
1 0.42578125 0.470703125 0.01953125 0.048828125
1 0.517578125 0.451171875 0.009765625 0.00390625
1 0.451171875 0.453125 0.01953125 0.005859375
1 0.5390625 0.453125 0.01171875 0.00390625
1 0.3671875 0.45703125 0.021484375 0.0078125
1 0.486328125 0.458984375 0.033203125 0.0078125
1 0.591796875 0.466796875 0.013671875 0.01953125
1 0.6015625 0.47265625 0.02734375 0.03125
1 0.6953125 0.47265625 0.015625 0.03125
1 0.7109375 0.470703125 0.005859375 0.029296875
1 0.3984375 0.4609375 0.01953125 0.005859375
1 0.625 0.470703125 0.009765625 0.025390625
1 0.64453125 0.4609375 0.0078125 0.00390625
1 0.65625 0.474609375 0.009765625 0.033203125
1 0.671875 0.474609375 0.01171875 0.03125
1 0.517578125 0.46875 0.013671875 0.015625
1 0.3359375 0.4765625 0.025390625 0.029296875
1 0.5390625 0.470703125 0.01171875 0.015625
1 0.451171875 0.48046875 0.017578125 0.033203125
1 0.47265625 0.4765625 0.013671875 0.01953125
1 0.6875 0.466796875 0.00390625 0.001953125
1 0.369140625 0.48046875 0.0234375 0.025390625
1 0.494140625 0.478515625 0.013671875 0.017578125
1 0.642578125 0.470703125 0.005859375 0.001953125
1 0.3984375 0.484375 0.01953125 0.0234375
1 0.5546875 0.48828125 0.01171875 0.02734375
1 0.572265625 0.4765625 0.009765625 0.00390625
1 0.298828125 0.48046875 0.02734375 0.0078125
1 0.68359375 0.4765625 0.005859375 0.001953125
1 0.638671875 0.486328125 0.00390625 0.01171875
1 0.515625 0.494140625 0.01171875 0.015625
1 0.533203125 0.494140625 0.009765625 0.017578125
1 0.572265625 0.494140625 0.009765625 0.015625
1 0.681640625 0.486328125 0.00390625 0.001953125
1 0.623046875 0.4921875 0.005859375 0.001953125
1 0.47265625 0.49609375 0.013671875 0.005859375
1 0.607421875 0.49609375 0.005859375 0.00390625
1 0.494140625 0.498046875 0.015625 0.005859375
1 0.58984375 0.49609375 0.005859375 0.001953125
1 0.51953125 0.572265625 0.0 0.001953125
1 0.490234375 0.576171875 0.005859375 0.00390625
1 0.412109375 0.580078125 0.0078125 0.00390625
1 0.400390625 0.5859375 0.0078125 0.00390625
1 0.431640625 0.5859375 0.001953125 0.00390625
1 0.466796875 0.583984375 0.001953125 0.001953125
1 0.451171875 0.5859375 0.001953125 0.0
1 0.48828125 0.5859375 0.001953125 0.0
1 0.474609375 0.58984375 0.0 0.00390625
1 0.361328125 0.591796875 0.0078125 0.00390625
1 0.421875 0.58984375 0.00390625 0.0
1 0.408203125 0.591796875 0.00390625 0.001953125
1 0.376953125 0.59765625 0.009765625 0.00390625
1 0.392578125 0.59765625 0.005859375 0.001953125
1 0.427734375 0.59765625 0.001953125 0.001953125
1 0.455078125 0.603515625 0.00390625 0.00390625
1 0.341796875 0.607421875 0.00390625 0.00390625
1 0.443359375 0.60546875 0.001953125 0.001953125
1 0.365234375 0.609375 0.00390625 0.00390625
1 0.375 0.609375 0.001953125 0.00390625
1 0.32421875 0.611328125 0.005859375 0.00390625
1 0.314453125 0.619140625 0.0078125 0.005859375
1 0.38671875 0.62109375 0.005859375 0.001953125
1 0.447265625 0.62109375 0.001953125 0.001953125
1 0.36328125 0.625 0.005859375 0.00390625
1 0.41015625 0.623046875 0.00390625 0.0
1 0.419921875 0.623046875 0.001953125 0.0
1 0.32421875 0.62890625 0.0078125 0.005859375
1 0.34765625 0.62890625 0.0078125 0.005859375
1 0.3984375 0.62890625 0.00390625 0.00390625
1 0.427734375 0.630859375 0.0 0.001953125
1 0.451171875 0.6328125 0.00390625 0.00390625
1 0.3046875 0.63671875 0.009765625 0.0078125
1 0.384765625 0.638671875 0.01171875 0.01171875
1 0.357421875 0.642578125 0.005859375 0.013671875
1 0.4140625 0.638671875 0.00390625 0.001953125
1 0.439453125 0.638671875 0.001953125 0.001953125
1 0.34375 0.642578125 0.0078125 0.005859375
1 0.42578125 0.640625 0.005859375 0.001953125
1 0.318359375 0.646484375 0.0078125 0.0078125
1 0.296875 0.65234375 0.015625 0.015625
1 0.375 0.6484375 0.00390625 0.00390625
1 0.400390625 0.646484375 0.00390625 0.0
1 0.31640625 0.66015625 0.029296875 0.0234375
1 0.431640625 0.650390625 0.001953125 0.00390625
1 0.474609375 0.65234375 0.0 0.00390625
1 0.421875 0.65234375 0.001953125 0.001953125
1 0.337890625 0.654296875 0.00390625 0.001953125
1 0.40625 0.6640625 0.017578125 0.021484375
1 0.359375 0.65625 0.001953125 0.001953125
1 0.392578125 0.65625 0.00390625 0.001953125
1 0.451171875 0.65625 0.001953125 0.0
1 0.55859375 0.65625 0.001953125 0.001953125
1 0.4375 0.658203125 0.001953125 0.001953125
1 0.376953125 0.6640625 0.009765625 0.0078125
1 0.455078125 0.662109375 0.001953125 0.001953125
1 0.349609375 0.6640625 0.00390625 0.001953125
1 0.486328125 0.6640625 0.001953125 0.001953125
1 0.28515625 0.66796875 0.0078125 0.00390625
1 0.330078125 0.673828125 0.013671875 0.015625
1 0.359375 0.666015625 0.001953125 0.001953125
1 0.505859375 0.669921875 -0.001953125 0.001953125
1 0.31640625 0.673828125 0.0078125 0.00390625
1 0.427734375 0.671875 0.0 0.001953125
1 0.451171875 0.671875 0.001953125 0.001953125
1 0.34375 0.67578125 0.00390625 0.00390625
1 0.369140625 0.67578125 0.005859375 0.00390625
1 0.390625 0.673828125 0.00390625 0.001953125
1 0.4765625 0.67578125 0.001953125 0.001953125
1 0.28125 0.681640625 0.0078125 0.0078125
1 0.353515625 0.6796875 0.005859375 0.005859375
1 0.46484375 0.677734375 0.001953125 0.001953125
1 0.453125 0.681640625 0.001953125 0.00390625
1 0.41796875 0.68359375 0.005859375 0.00390625
1 0.30078125 0.685546875 0.005859375 0.00390625
1 0.337890625 0.685546875 0.00390625 0.00390625
1 0.380859375 0.68359375 0.001953125 0.0
1 0.39453125 0.68359375 0.001953125 0.001953125
1 0.443359375 0.68359375 0.001953125 0.001953125
1 0.314453125 0.6875 0.001953125 0.00390625
1 0.4296875 0.6875 0.001953125 0.00390625
1 0.32421875 0.689453125 0.0 0.001953125
1 0.298828125 0.6953125 0.017578125 0.009765625
1 0.400390625 0.69140625 0.005859375 0.001953125
1 0.275390625 0.6953125 0.013671875 0.005859375
1 0.349609375 0.693359375 0.00390625 0.001953125
1 0.41015625 0.697265625 0.0078125 0.005859375
1 0.330078125 0.69921875 0.005859375 0.00390625
1 0.283203125 0.705078125 0.0078125 0.00390625
1 0.314453125 0.703125 0.0078125 0.001953125
1 0.341796875 0.703125 0.005859375 0.001953125
1 0.365234375 0.703125 0.00390625 0.001953125
1 0.376953125 0.70703125 0.0078125 0.00390625
1 0.39453125 0.705078125 0.005859375 0.001953125
1 0.294921875 0.708984375 0.009765625 0.001953125
1 0.349609375 0.7109375 0.005859375 0.00390625
1 0.333984375 0.71484375 0.005859375 0.00390625
1 0.279296875 0.716796875 0.0078125 0.005859375
1 0.3046875 0.716796875 0.009765625 0.00390625
1 0.2890625 0.724609375 0.0078125 0.00390625
1 0.314453125 0.724609375 0.0078125 0.00390625
1 0.296875 0.728515625 0.009765625 0.001953125
1 0.27734375 0.734375 0.005859375 0.00390625
