0 0.6953125 0.359375 0.052734375 0.076171875
0 0.7421875 0.375 0.0078125 0.05078125
0 0.619140625 0.4296875 0.05078125 0.060546875
0 0.72265625 0.4453125 0.046875 0.0625
0 0.501953125 0.494140625 0.0625 0.0625
0 0.580078125 0.50390625 0.052734375 0.060546875
0 0.6484375 0.501953125 0.048828125 0.056640625
0 0.421875 0.521484375 0.087890625 0.080078125
0 0.451171875 0.5625 0.060546875 0.052734375
0 0.67578125 0.564453125 0.03125 0.0390625
0 0.732421875 0.5625 0.02734375 0.037109375
0 0.36328125 0.58203125 0.08203125 0.068359375
0 0.54296875 0.580078125 0.05859375 0.056640625
0 0.625 0.58203125 0.05078125 0.0546875
0 0.2734375 0.59375 0.044921875 0.072265625
0 0.48046875 0.623046875 0.048828125 0.048828125
0 0.404296875 0.630859375 0.06640625 0.0546875
0 0.30078125 0.65625 0.087890625 0.052734375
0 0.642578125 0.66015625 0.02734375 0.029296875
0 0.515625 0.6640625 0.033203125 0.02734375
0 0.587890625 0.66796875 0.03515625 0.0234375
