1 0.572265625 0.26171875 0.033203125 0.021484375
1 0.6171875 0.265625 0.03125 0.029296875
1 0.662109375 0.26953125 0.02734375 0.03515625
1 0.720703125 0.275390625 0.048828125 0.046875
1 0.576171875 0.30859375 0.037109375 0.072265625
1 0.6171875 0.31640625 0.033203125 0.068359375
1 0.658203125 0.326171875 0.03125 0.06640625
1 0.705078125 0.328125 0.029296875 0.060546875
1 0.736328125 0.3359375 0.017578125 0.0625
1 0.572265625 0.400390625 0.03515625 0.068359375
1 0.61328125 0.44140625 0.03125 0.1328125
1 0.662109375 0.416015625 0.046875 0.0703125
1 0.70703125 0.42578125 0.0234375 0.056640625
1 0.736328125 0.4296875 0.01953125 0.052734375
1 0.572265625 0.474609375 0.0390625 0.064453125
1 0.650390625 0.48046875 0.029296875 0.05859375
1 0.6796875 0.48828125 0.013671875 0.052734375
1 0.70703125 0.48828125 0.025390625 0.052734375
1 0.73828125 0.490234375 0.015625 0.052734375
1 0.5703125 0.546875 0.0390625 0.05859375
1 0.61328125 0.546875 0.03125 0.05859375
1 0.662109375 0.546875 0.052734375 0.060546875
1 0.708984375 0.55078125 0.021484375 0.052734375
1 0.736328125 0.55078125 0.017578125 0.05078125
1 0.71484375 0.625 0.021484375 0.052734375
1 0.740234375 0.623046875 0.01171875 0.048828125
1 0.57421875 0.630859375 0.03515625 0.05859375
1 0.666015625 0.62890625 0.060546875 0.0546875
1 0.61328125 0.630859375 0.02734375 0.056640625
1 0.72265625 0.681640625 0.044921875 0.052734375
1 0.662109375 0.69140625 0.060546875 0.05859375
1 0.60546875 0.697265625 0.029296875 0.0546875
1 0.56640625 0.701171875 0.03125 0.05859375
1 0.736328125 0.73046875 0.017578125 0.03125
1 0.708984375 0.732421875 0.0234375 0.025390625
1 0.658203125 0.734375 0.05859375 0.021484375
1 0.60546875 0.73828125 0.02734375 0.013671875
1 0.564453125 0.7421875 0.03125 0.0078125
