0 0.666015625 0.33984375 0.037109375 0.083984375
0 0.71484375 0.34375 0.03515625 0.083984375
0 0.505859375 0.369140625 0.044921875 0.095703125
0 0.61328125 0.36328125 0.041015625 0.08203125
0 0.4375 0.390625 0.04296875 0.09375
0 0.68359375 0.42578125 0.03515625 0.083984375
0 0.728515625 0.427734375 0.033203125 0.083984375
0 0.37109375 0.4453125 0.048828125 0.091796875
0 0.634765625 0.443359375 0.041015625 0.087890625
0 0.58203125 0.447265625 0.0390625 0.091796875
0 0.53125 0.45703125 0.04296875 0.087890625
0 0.47265625 0.47265625 0.041015625 0.0859375
0 0.419921875 0.5 0.046875 0.08984375
0 0.720703125 0.517578125 0.037109375 0.080078125
0 0.67578125 0.51953125 0.04296875 0.080078125
0 0.619140625 0.5390625 0.04296875 0.08203125
0 0.56640625 0.54296875 0.041015625 0.083984375
0 0.359375 0.55078125 0.048828125 0.08984375
0 0.515625 0.556640625 0.04296875 0.08203125
0 0.462890625 0.5703125 0.044921875 0.09375
0 0.7421875 0.5703125 0.005859375 0.064453125
0 0.408203125 0.6015625 0.044921875 0.08984375
0 0.693359375 0.59765625 0.037109375 0.076171875
0 0.642578125 0.611328125 0.037109375 0.080078125
0 0.58984375 0.62109375 0.037109375 0.083984375
0 0.544921875 0.638671875 0.0390625 0.08203125
0 0.357421875 0.65234375 0.037109375 0.08203125
0 0.4921875 0.65234375 0.04296875 0.083984375
0 0.7421875 0.66015625 0.0078125 0.06640625
0 0.7109375 0.669921875 0.033203125 0.07421875
0 0.666015625 0.6875 0.037109375 0.08203125
0 0.419921875 0.693359375 0.046875 0.087890625
0 0.6171875 0.701171875 0.0390625 0.080078125
0 0.568359375 0.70703125 0.03515625 0.076171875
0 0.521484375 0.716796875 0.04296875 0.056640625
0 0.734375 0.724609375 0.0234375 0.04296875
0 0.46875 0.724609375 0.04296875 0.0390625
0 0.37109375 0.7265625 0.048828125 0.037109375
0 0.697265625 0.732421875 0.03125 0.02734375
0 0.6484375 0.740234375 0.025390625 0.01171875
