0 0.302734375 0.28515625 0.0 0.0
0 0.314453125 0.28515625 0.0 0.0
0 0.337890625 0.287109375 0.0 0.0
0 0.34765625 0.287109375 0.001953125 0.0
0 0.37109375 0.287109375 0.001953125 0.0
0 0.384765625 0.287109375 0.0 0.001953125
0 0.40625 0.287109375 0.001953125 0.001953125
0 0.41796875 0.287109375 0.001953125 0.001953125
0 0.298828125 0.294921875 0.0 0.001953125
0 0.30859375 0.294921875 0.0 0.001953125
0 0.3203125 0.294921875 0.0 0.001953125
0 0.34375 0.294921875 0.001953125 0.001953125
0 0.33203125 0.296875 0.0 0.0
0 0.35546875 0.296875 0.001953125 0.001953125
0 0.3671875 0.296875 0.0 0.001953125
0 0.390625 0.296875 0.0 0.001953125
0 0.37890625 0.298828125 0.0 0.0
0 0.40234375 0.298828125 0.0 0.0
0 0.412109375 0.298828125 0.001953125 0.0
0 0.423828125 0.298828125 0.0 0.0
0 0.3046875 0.306640625 0.0 0.001953125
0 0.31640625 0.306640625 0.0 0.001953125
0 0.337890625 0.306640625 0.0 0.0
0 0.349609375 0.306640625 0.0 0.0
0 0.375 0.306640625 0.0 0.001953125
0 0.384765625 0.30859375 0.0 0.0
0 0.408203125 0.30859375 0.0 0.0
0 0.41796875 0.30859375 0.001953125 0.0
0 0.30078125 0.564453125 0.02734375 0.025390625
0 0.337890625 0.564453125 0.029296875 0.025390625
0 0.375 0.564453125 0.02734375 0.025390625
0 0.486328125 0.5625 0.0234375 0.021484375
0 0.5234375 0.5625 0.025390625 0.021484375
0 0.55859375 0.5625 0.025390625 0.021484375
0 0.6640625 0.5625 0.025390625 0.021484375
0 0.701171875 0.564453125 0.0234375 0.0234375
0 0.736328125 0.56640625 0.01953125 0.021484375
0 0.359375 0.58984375 0.025390625 0.021484375
0 0.396484375 0.58984375 0.025390625 0.021484375
0 0.46875 0.58984375 0.0234375 0.021484375
0 0.50390625 0.58984375 0.0234375 0.021484375
0 0.28515625 0.591796875 0.025390625 0.021484375
0 0.322265625 0.591796875 0.025390625 0.021484375
0 0.5390625 0.591796875 0.0234375 0.021484375
0 0.576171875 0.59375 0.0234375 0.021484375
0 0.64453125 0.59375 0.0234375 0.021484375
0 0.6796875 0.59375 0.0234375 0.021484375
0 0.716796875 0.59375 0.0234375 0.021484375
0 0.7421875 0.595703125 0.005859375 0.017578125
0 0.4140625 0.619140625 0.025390625 0.0234375
0 0.451171875 0.6171875 0.021484375 0.021484375
0 0.486328125 0.6171875 0.0234375 0.021484375
0 0.521484375 0.619140625 0.0234375 0.0234375
0 0.34375 0.62109375 0.025390625 0.0234375
0 0.37890625 0.62109375 0.025390625 0.0234375
0 0.26953125 0.62109375 0.025390625 0.021484375
0 0.306640625 0.62109375 0.025390625 0.021484375
0 0.5546875 0.62109375 0.025390625 0.021484375
0 0.58984375 0.62109375 0.0234375 0.021484375
0 0.625 0.62109375 0.0234375 0.021484375
0 0.66015625 0.62109375 0.0234375 0.021484375
0 0.693359375 0.62109375 0.021484375 0.021484375
0 0.73046875 0.625 0.0234375 0.01953125
0 0.501953125 0.646484375 0.021484375 0.01953125
0 0.328125 0.6484375 0.0234375 0.021484375
0 0.365234375 0.6484375 0.0234375 0.021484375
0 0.40234375 0.6484375 0.0234375 0.021484375
0 0.466796875 0.6484375 0.021484375 0.01953125
0 0.537109375 0.6484375 0.0234375 0.01953125
0 0.572265625 0.6484375 0.021484375 0.021484375
0 0.673828125 0.6484375 0.0234375 0.021484375
0 0.708984375 0.6484375 0.0234375 0.021484375
0 0.2890625 0.650390625 0.0234375 0.021484375
0 0.638671875 0.650390625 0.0234375 0.01953125
0 0.73828125 0.650390625 0.013671875 0.021484375
0 0.3125 0.673828125 0.01953125 0.017578125
0 0.34765625 0.67578125 0.01953125 0.01953125
0 0.3828125 0.673828125 0.01953125 0.017578125
0 0.482421875 0.67578125 0.021484375 0.01953125
0 0.517578125 0.673828125 0.01953125 0.017578125
0 0.55078125 0.673828125 0.01953125 0.017578125
0 0.654296875 0.67578125 0.0234375 0.01953125
0 0.685546875 0.67578125 0.021484375 0.021484375
0 0.720703125 0.67578125 0.0234375 0.01953125
