0 0.529296875 0.359375 0.044921875 0.068359375
0 0.45703125 0.419921875 0.046875 0.0703125
0 0.603515625 0.427734375 0.048828125 0.068359375
0 0.71484375 0.4140625 0.009765625 0.005859375
0 0.37890625 0.466796875 0.046875 0.06640625
0 0.6796875 0.46875 0.046875 0.068359375
0 0.529296875 0.48046875 0.05078125 0.068359375
0 0.318359375 0.5 0.04296875 0.0625
0 0.7265625 0.52734375 0.0390625 0.0625
0 0.44921875 0.53125 0.05078125 0.068359375
0 0.58984375 0.533203125 0.046875 0.0625
0 0.517578125 0.57421875 0.044921875 0.0625
0 0.6640625 0.57421875 0.04296875 0.0625
0 0.376953125 0.576171875 0.044921875 0.064453125
0 0.322265625 0.59375 0.037109375 0.052734375
0 0.578125 0.62109375 0.041015625 0.060546875
0 0.712890625 0.62109375 0.0390625 0.0546875
0 0.4453125 0.634765625 0.04296875 0.05859375
0 0.634765625 0.640625 0.037109375 0.05078125
0 0.3828125 0.65625 0.041015625 0.05078125
0 0.51171875 0.671875 0.041015625 0.0546875
0 0.314453125 0.712890625 0.0390625 0.052734375
0 0.44140625 0.720703125 0.0390625 0.048828125
0 0.70703125 0.72265625 0.04296875 0.044921875
0 0.57421875 0.7265625 0.044921875 0.0390625
0 0.50390625 0.73828125 0.033203125 0.013671875
0 0.373046875 0.7421875 0.025390625 0.005859375
