0 0.548828125 0.349609375 0.0078125 0.021484375
0 0.568359375 0.361328125 0.005859375 0.0234375
0 0.580078125 0.369140625 0.001953125 0.015625
0 0.546875 0.376953125 0.009765625 0.025390625
0 0.595703125 0.37890625 0.009765625 0.021484375
0 0.5625 0.384765625 0.005859375 0.021484375
0 0.580078125 0.39453125 0.00390625 0.01953125
0 0.609375 0.388671875 0.001953125 0.009765625
0 0.541015625 0.404296875 0.01171875 0.02734375
0 0.595703125 0.40234375 0.01171875 0.021484375
0 0.6171875 0.396484375 -0.001953125 0.0078125
0 0.560546875 0.412109375 0.0078125 0.02734375
0 0.625 0.40234375 0.001953125 0.0078125
0 0.611328125 0.412109375 0.001953125 0.013671875
0 0.57421875 0.419921875 0.005859375 0.0234375
0 0.623046875 0.41796875 0.001953125 0.015625
0 0.59375 0.42578125 0.01171875 0.025390625
0 0.54296875 0.435546875 0.02734375 0.033203125
0 0.6328125 0.42578125 0.0 0.013671875
0 0.611328125 0.435546875 0.0078125 0.015625
0 0.56640625 0.443359375 0.005859375 0.021484375
0 0.625 0.439453125 0.0 0.009765625
0 0.578125 0.447265625 0.001953125 0.015625
0 0.513671875 0.46484375 0.0390625 0.04296875
0 0.544921875 0.47265625 0.009765625 0.029296875
0 0.568359375 0.4765625 0.0078125 0.02734375
0 0.58203125 0.48046875 0.00390625 0.02734375
0 0.486328125 0.501953125 0.021484375 0.0390625
0 0.513671875 0.505859375 0.015625 0.033203125
0 0.533203125 0.505859375 0.009765625 0.025390625
0 0.55078125 0.5078125 0.009765625 0.021484375
0 0.47265625 0.546875 0.0234375 0.044921875
0 0.5 0.546875 0.017578125 0.0390625
0 0.52734375 0.544921875 0.009765625 0.033203125
0 0.544921875 0.544921875 0.0078125 0.029296875
0 0.513671875 0.5859375 0.017578125 0.041015625
0 0.486328125 0.59375 0.021484375 0.04296875
0 0.453125 0.599609375 0.029296875 0.048828125
0 0.412109375 0.60546875 0.04296875 0.056640625
0 0.5078125 0.630859375 0.03515625 0.041015625
0 0.44921875 0.65234375 0.06640625 0.0625
