0 0.626953125 0.505859375 0.04296875 0.1484375
0 0.669921875 0.486328125 0.005859375 0.041015625
0 0.57421875 0.55859375 0.03125 0.1015625
0 0.689453125 0.537109375 0.005859375 0.041015625
0 0.51953125 0.548828125 0.015625 0.05078125
0 0.44140625 0.5390625 0.0078125 0.025390625
0 0.673828125 0.55078125 0.005859375 0.041015625
0 0.419921875 0.546875 0.009765625 0.029296875
0 0.455078125 0.580078125 0.0078125 0.02734375
0 0.43359375 0.587890625 0.009765625 0.025390625
0 0.53515625 0.6015625 0.015625 0.05078125
0 0.4140625 0.599609375 0.009765625 0.025390625
0 0.5078125 0.619140625 0.015625 0.05078125
0 0.47265625 0.62890625 0.0078125 0.025390625
0 0.453125 0.640625 0.0078125 0.029296875
0 0.43359375 0.654296875 0.0078125 0.029296875
0 0.412109375 0.673828125 0.01171875 0.03515625
0 0.388671875 0.685546875 0.01171875 0.033203125
