0 0.361328125 0.263671875 0.04296875 0.025390625
0 0.421875 0.267578125 0.06640625 0.033203125
0 0.560546875 0.255859375 0.01953125 0.009765625
0 0.625 0.263671875 0.033203125 0.025390625
0 0.6796875 0.251953125 0.005859375 0.001953125
0 0.69140625 0.259765625 0.013671875 0.017578125
0 0.490234375 0.275390625 0.0546875 0.03125
0 0.701171875 0.26953125 0.01171875 0.017578125
0 0.65234375 0.271484375 0.013671875 0.017578125
0 0.66796875 0.279296875 0.013671875 0.015625
0 0.326171875 0.294921875 0.04296875 0.037109375
0 0.5859375 0.30078125 0.0390625 0.048828125
0 0.373046875 0.298828125 0.037109375 0.03515625
0 0.623046875 0.294921875 0.029296875 0.01953125
0 0.708984375 0.291015625 0.01171875 0.01171875
0 0.416015625 0.302734375 0.03125 0.029296875
0 0.4296875 0.353515625 0.08203125 0.12109375
0 0.634765625 0.318359375 0.056640625 0.05078125
0 0.478515625 0.30859375 0.01953125 0.02734375
0 0.5078125 0.31640625 0.0234375 0.04296875
0 0.677734375 0.306640625 0.01171875 0.013671875
0 0.689453125 0.310546875 0.0078125 0.013671875
0 0.701171875 0.3125 0.00390625 0.0078125
0 0.296875 0.333984375 0.041015625 0.037109375
0 0.65625 0.32421875 0.0078125 0.017578125
0 0.35546875 0.349609375 0.048828125 0.064453125
0 0.390625 0.3359375 0.03125 0.033203125
0 0.669921875 0.33203125 0.009765625 0.015625
0 0.68359375 0.33203125 0.0078125 0.013671875
0 0.6953125 0.33203125 0.00390625 0.01171875
0 0.70703125 0.330078125 0.0078125 0.009765625
0 0.48828125 0.33203125 0.017578125 0.009765625
0 0.564453125 0.3359375 0.033203125 0.01171875
0 0.591796875 0.3359375 0.005859375 0.009765625
0 0.611328125 0.33984375 0.0078125 0.00390625
0 0.642578125 0.33984375 0.009765625 0.005859375
0 0.33984375 0.419921875 0.078125 0.125
0 0.51171875 0.41015625 0.0703125 0.076171875
0 0.388671875 0.421875 0.048828125 0.056640625
0 0.599609375 0.44921875 0.09765625 0.0859375
0 0.451171875 0.453125 0.05859375 0.0625
0 0.525390625 0.490234375 0.068359375 0.064453125
0 0.408203125 0.48828125 0.04296875 0.05078125
0 0.37109375 0.515625 0.041015625 0.046875
0 0.466796875 0.521484375 0.05859375 0.0546875
0 0.609375 0.53515625 0.09765625 0.072265625
0 0.421875 0.544921875 0.044921875 0.048828125
0 0.53515625 0.5625 0.068359375 0.060546875
0 0.388671875 0.56640625 0.033203125 0.0390625
0 0.478515625 0.5859375 0.0625 0.05078125
0 0.62109375 0.611328125 0.087890625 0.06640625
0 0.435546875 0.603515625 0.048828125 0.044921875
0 0.55078125 0.634765625 0.06640625 0.05859375
0 0.494140625 0.64453125 0.052734375 0.048828125
