0 0.431640625 0.48046875 0.0625 0.05859375
0 0.498046875 0.478515625 0.056640625 0.056640625
0 0.568359375 0.478515625 0.060546875 0.056640625
0 0.603515625 0.53515625 0.056640625 0.05859375
0 0.53515625 0.533203125 0.05859375 0.052734375
0 0.3984375 0.537109375 0.0546875 0.056640625
0 0.46484375 0.537109375 0.05859375 0.052734375
0 0.3671875 0.591796875 0.05859375 0.056640625
0 0.43359375 0.58984375 0.05859375 0.052734375
0 0.501953125 0.58984375 0.0546875 0.05078125
0 0.568359375 0.587890625 0.052734375 0.048828125
0 0.6328125 0.58984375 0.052734375 0.052734375
0 0.466796875 0.640625 0.052734375 0.05078125
0 0.53125 0.640625 0.052734375 0.046875
0 0.599609375 0.640625 0.060546875 0.048828125
0 0.3984375 0.64453125 0.056640625 0.052734375
0 0.501953125 0.69140625 0.05078125 0.052734375
0 0.5625 0.689453125 0.048828125 0.048828125
0 0.4375 0.6953125 0.05078125 0.05078125
