0 0.537109375 0.3203125 0.083984375 0.13671875
0 0.671875 0.296875 0.05859375 0.08984375
0 0.73828125 0.2734375 0.015625 0.04296875
0 0.416015625 0.357421875 0.109375 0.197265625
0 0.720703125 0.384765625 0.048828125 0.150390625
0 0.625 0.42578125 0.0703125 0.16015625
0 0.515625 0.4921875 0.0859375 0.177734375
0 0.744140625 0.501953125 0.00390625 0.091796875
0 0.671875 0.5390625 0.0546875 0.150390625
0 0.427734375 0.65234375 0.107421875 0.185546875
0 0.623046875 0.658203125 0.0703125 0.16796875
0 0.744140625 0.712890625 0.00390625 0.041015625
0 0.537109375 0.720703125 0.07421875 0.048828125
