0 0.30078125 0.26953125 0.068359375 0.037109375
0 0.546875 0.296875 0.08984375 0.08984375
0 0.705078125 0.26953125 0.080078125 0.037109375
0 0.419921875 0.34765625 0.064453125 0.09375
0 0.73828125 0.3671875 0.015625 0.083984375
0 0.640625 0.41015625 0.064453125 0.08984375
0 0.5234375 0.44921875 0.060546875 0.08203125
0 0.296875 0.49609375 0.072265625 0.091796875
0 0.390625 0.599609375 0.056640625 0.072265625
0 0.654296875 0.60546875 0.06640625 0.08203125
0 0.533203125 0.642578125 0.064453125 0.076171875
0 0.330078125 0.640625 0.048828125 0.060546875
0 0.455078125 0.703125 0.05078125 0.060546875
