0 0.7109375 0.36328125 0.05078125 0.10546875
0 0.650390625 0.376953125 0.056640625 0.111328125
0 0.580078125 0.39453125 0.06640625 0.119140625
0 0.49609375 0.4140625 0.080078125 0.130859375
0 0.73046875 0.451171875 0.03125 0.095703125
0 0.6796875 0.470703125 0.05078125 0.103515625
0 0.61328125 0.4921875 0.056640625 0.109375
0 0.541015625 0.51953125 0.068359375 0.119140625
0 0.453125 0.544921875 0.083984375 0.126953125
0 0.740234375 0.5390625 0.009765625 0.076171875
0 0.703125 0.5546875 0.048828125 0.095703125
0 0.64453125 0.578125 0.052734375 0.103515625
0 0.576171875 0.607421875 0.05859375 0.10546875
0 0.49609375 0.640625 0.072265625 0.119140625
0 0.40625 0.6796875 0.0859375 0.123046875
0 0.3046875 0.693359375 0.103515625 0.095703125
