1 0.623046875 0.28125 0.0390625 0.060546875
1 0.666015625 0.287109375 0.03515625 0.072265625
1 0.705078125 0.263671875 0.02734375 0.025390625
1 0.701171875 0.306640625 0.029296875 0.056640625
1 0.736328125 0.298828125 0.01953125 0.025390625
1 0.626953125 0.328125 0.037109375 0.03515625
1 0.734375 0.330078125 0.021484375 0.025390625
1 0.666015625 0.341796875 0.029296875 0.03125
1 0.703125 0.3671875 0.029296875 0.05859375
1 0.625 0.357421875 0.033203125 0.033203125
1 0.35546875 0.439453125 0.166015625 0.193359375
1 0.73046875 0.384765625 0.03125 0.080078125
1 0.666015625 0.37109375 0.029296875 0.029296875
1 0.482421875 0.396484375 0.037109375 0.03125
1 0.52734375 0.40625 0.033203125 0.03125
1 0.525390625 0.45703125 0.130859375 0.111328125
1 0.703125 0.43359375 0.02734375 0.029296875
1 0.71875 0.501953125 0.0546875 0.14453125
1 0.56640625 0.509765625 0.033203125 0.025390625
1 0.474609375 0.525390625 0.041015625 0.033203125
1 0.521484375 0.533203125 0.037109375 0.03125
1 0.564453125 0.541015625 0.03125 0.02734375
1 0.34375 0.599609375 0.056640625 0.11328125
1 0.404296875 0.56640625 0.046875 0.03515625
1 0.453125 0.646484375 0.048828125 0.1796875
1 0.5078125 0.578125 0.041015625 0.03125
1 0.576171875 0.65234375 0.083984375 0.169921875
1 0.689453125 0.615234375 0.029296875 0.060546875
1 0.40234375 0.623046875 0.046875 0.068359375
1 0.7265625 0.60546875 0.02734375 0.025390625
1 0.5078125 0.6328125 0.04296875 0.06640625
1 0.728515625 0.66796875 0.029296875 0.087890625
1 0.693359375 0.6640625 0.03125 0.02734375
1 0.33984375 0.677734375 0.056640625 0.033203125
1 0.400390625 0.681640625 0.046875 0.03125
1 0.505859375 0.68359375 0.044921875 0.029296875
1 0.697265625 0.712890625 0.03515625 0.056640625
1 0.337890625 0.720703125 0.05859375 0.03125
1 0.396484375 0.720703125 0.048828125 0.03125
1 0.505859375 0.720703125 0.04296875 0.029296875
1 0.599609375 0.724609375 0.03515625 0.02734375
1 0.732421875 0.732421875 0.025390625 0.025390625
