0 0.5625 0.302734375 0.044921875 0.1015625
0 0.6015625 0.32421875 0.041015625 0.146484375
0 0.65625 0.271484375 0.02734375 0.041015625
0 0.677734375 0.291015625 0.029296875 0.078125
0 0.5 0.392578125 0.0546875 0.1875
0 0.640625 0.373046875 0.033203125 0.146484375
0 0.701171875 0.34375 0.025390625 0.080078125
0 0.734375 0.375 0.0234375 0.12109375
0 0.662109375 0.4140625 0.03125 0.123046875
0 0.55078125 0.447265625 0.048828125 0.166015625
0 0.697265625 0.458984375 0.021484375 0.111328125
0 0.595703125 0.4921875 0.037109375 0.1484375
0 0.443359375 0.548828125 0.068359375 0.203125
0 0.73046875 0.5078125 0.02734375 0.107421875
0 0.62890625 0.529296875 0.03515625 0.13671875
0 0.66796875 0.556640625 0.033203125 0.125
0 0.5 0.583984375 0.0546875 0.173828125
0 0.689453125 0.587890625 0.021484375 0.115234375
0 0.55078125 0.619140625 0.048828125 0.166015625
0 0.724609375 0.625 0.02734375 0.107421875
0 0.58203125 0.65234375 0.041015625 0.140625
0 0.611328125 0.669921875 0.03125 0.119140625
0 0.44921875 0.701171875 0.0625 0.087890625
0 0.677734375 0.703125 0.029296875 0.0859375
0 0.509765625 0.712890625 0.0390625 0.064453125
0 0.7109375 0.720703125 0.025390625 0.048828125
0 0.548828125 0.728515625 0.021484375 0.033203125
