1 0.259765625 0.26953125 0.00390625 0.03515625
1 0.275390625 0.251953125 0.013671875 0.001953125
1 0.326171875 0.275390625 0.033203125 0.048828125
1 0.37109375 0.271484375 0.03515625 0.0390625
1 0.419921875 0.265625 0.03515625 0.02734375
1 0.46484375 0.2578125 0.037109375 0.01171875
1 0.517578125 0.28125 0.04296875 0.060546875
1 0.572265625 0.271484375 0.046875 0.041015625
1 0.62890625 0.26171875 0.048828125 0.021484375
1 0.671875 0.25390625 0.01953125 0.00390625
1 0.73046875 0.27734375 0.029296875 0.052734375
1 0.685546875 0.2890625 0.044921875 0.072265625
1 0.279296875 0.314453125 0.041015625 0.115234375
1 0.466796875 0.29296875 0.0390625 0.06640625
1 0.62890625 0.30859375 0.048828125 0.072265625
1 0.419921875 0.306640625 0.037109375 0.056640625
1 0.369140625 0.3203125 0.033203125 0.056640625
1 0.572265625 0.326171875 0.048828125 0.06640625
1 0.326171875 0.33203125 0.033203125 0.052734375
1 0.515625 0.33984375 0.041015625 0.064453125
1 0.73046875 0.34375 0.029296875 0.072265625
1 0.46875 0.357421875 0.0390625 0.0625
1 0.685546875 0.365234375 0.046875 0.072265625
1 0.419921875 0.37109375 0.0390625 0.05859375
1 0.62890625 0.3828125 0.05078125 0.0703125
1 0.2578125 0.37109375 0.005859375 0.044921875
1 0.37109375 0.380859375 0.037109375 0.0546875
1 0.572265625 0.39453125 0.044921875 0.06640625
1 0.326171875 0.392578125 0.03515625 0.056640625
1 0.517578125 0.408203125 0.041015625 0.06640625
1 0.283203125 0.40234375 0.033203125 0.05078125
1 0.46875 0.419921875 0.0390625 0.060546875
1 0.421875 0.421875 0.037109375 0.041015625
1 0.373046875 0.421875 0.0390625 0.01171875
1 0.328125 0.4296875 0.033203125 0.013671875
1 0.287109375 0.44140625 0.03515625 0.015625
1 0.3515625 0.46875 0.041015625 0.0703125
1 0.669921875 0.4765625 0.05078125 0.068359375
1 0.298828125 0.478515625 0.041015625 0.06640625
1 0.736328125 0.478515625 0.017578125 0.0625
1 0.607421875 0.490234375 0.05078125 0.06640625
1 0.26171875 0.48828125 0.01953125 0.060546875
1 0.55078125 0.49609375 0.044921875 0.060546875
1 0.349609375 0.54296875 0.04296875 0.0703125
1 0.296875 0.55078125 0.041015625 0.0703125
1 0.666015625 0.55078125 0.052734375 0.072265625
1 0.734375 0.55859375 0.021484375 0.06640625
1 0.2578125 0.55859375 0.013671875 0.064453125
1 0.607421875 0.560546875 0.05078125 0.068359375
1 0.34765625 0.6171875 0.04296875 0.06640625
1 0.294921875 0.623046875 0.04296875 0.0703125
1 0.66796875 0.626953125 0.05078125 0.0625
1 0.2578125 0.62890625 0.01171875 0.064453125
1 0.732421875 0.6328125 0.025390625 0.0703125
1 0.60546875 0.6328125 0.048828125 0.060546875
1 0.345703125 0.697265625 0.048828125 0.06640625
1 0.29296875 0.701171875 0.044921875 0.0625
1 0.66796875 0.701171875 0.0546875 0.060546875
1 0.255859375 0.705078125 0.009765625 0.060546875
1 0.607421875 0.705078125 0.05078125 0.0546875
