0 0.5859375 0.34765625 0.009765625 0.125
0 0.626953125 0.369140625 0.021484375 0.134765625
0 0.3671875 0.376953125 0.04296875 0.125
0 0.669921875 0.412109375 0.01171875 0.087890625
0 0.705078125 0.443359375 0.013671875 0.0625
0 0.326171875 0.513671875 0.001953125 0.017578125
0 0.345703125 0.53125 0.005859375 0.01953125
0 0.318359375 0.525390625 0.0 0.001953125
0 0.314453125 0.53515625 0.0 0.00390625
0 0.369140625 0.552734375 0.005859375 0.025390625
0 0.3125 0.552734375 0.001953125 0.005859375
0 0.3359375 0.5625 0.00390625 0.013671875
0 0.34765625 0.583984375 0.001953125 0.01953125
0 0.375 0.615234375 0.017578125 0.05859375
0 0.33984375 0.626953125 0.0078125 0.033203125
0 0.654296875 0.68359375 0.064453125 0.125
0 0.400390625 0.642578125 0.005859375 0.0234375
0 0.36328125 0.650390625 0.0 0.001953125
0 0.421875 0.681640625 0.01171875 0.05078125
0 0.359375 0.666015625 0.001953125 0.01171875
0 0.37890625 0.677734375 0.0078125 0.03515625
