0 0.505859375 0.3515625 0.021484375 0.03125
0 0.62109375 0.37109375 0.01953125 0.03125
0 0.66796875 0.369140625 0.015625 0.02734375
0 0.48828125 0.388671875 0.021484375 0.03515625
0 0.55078125 0.388671875 0.01953125 0.03125
0 0.5859375 0.388671875 0.041015625 0.033203125
0 0.515625 0.390625 0.017578125 0.03125
0 0.650390625 0.388671875 0.01953125 0.029296875
0 0.62890625 0.404296875 0.017578125 0.02734375
0 0.654296875 0.419921875 0.021484375 0.04296875
0 0.47265625 0.423828125 0.017578125 0.033203125
0 0.501953125 0.423828125 0.01953125 0.03125
0 0.53125 0.423828125 0.017578125 0.033203125
0 0.611328125 0.421875 0.015625 0.029296875
0 0.5625 0.458984375 0.02734375 0.09765625
0 0.5859375 0.427734375 0.017578125 0.03125
0 0.634765625 0.44140625 0.015625 0.03125
0 0.66015625 0.51171875 0.044921875 0.169921875
0 0.431640625 0.455078125 0.0234375 0.03515625
0 0.4609375 0.455078125 0.01953125 0.033203125
0 0.4921875 0.45703125 0.017578125 0.03125
0 0.517578125 0.458984375 0.015625 0.03125
0 0.537109375 0.4765625 0.025390625 0.0625
0 0.623046875 0.46875 0.0390625 0.048828125
0 0.65234375 0.46484375 0.015625 0.02734375
0 0.408203125 0.478515625 0.021484375 0.033203125
0 0.59375 0.482421875 0.017578125 0.03125
0 0.48046875 0.5078125 0.025390625 0.06640625
0 0.44921875 0.4921875 0.0234375 0.03125
0 0.49609375 0.494140625 0.0078125 0.025390625
0 0.427734375 0.513671875 0.0234375 0.033203125
0 0.396484375 0.515625 0.0234375 0.033203125
0 0.60546875 0.517578125 0.064453125 0.03125
0 0.548828125 0.525390625 0.01953125 0.033203125
0 0.453125 0.529296875 0.017578125 0.03125
0 0.37109375 0.552734375 0.021484375 0.033203125
0 0.431640625 0.552734375 0.0234375 0.033203125
0 0.568359375 0.55078125 0.021484375 0.029296875
0 0.59765625 0.56640625 0.01953125 0.060546875
0 0.392578125 0.611328125 0.029296875 0.140625
0 0.46875 0.560546875 0.01953125 0.033203125
0 0.517578125 0.578125 0.02734375 0.06640625
0 0.48828125 0.580078125 0.02734375 0.06640625
0 0.298828125 0.625 0.041015625 0.109375
0 0.423828125 0.603515625 0.029296875 0.06640625
0 0.451171875 0.587890625 0.01953125 0.03515625
0 0.65625 0.583984375 0.017578125 0.02734375
0 0.33203125 0.625 0.037109375 0.107421875
0 0.54296875 0.5859375 0.017578125 0.029296875
0 0.619140625 0.583984375 0.009765625 0.0234375
0 0.5703125 0.5859375 0.017578125 0.0234375
0 0.62109375 0.61328125 0.017578125 0.0234375
0 0.587890625 0.6328125 0.017578125 0.05859375
0 0.373046875 0.625 0.021484375 0.037109375
0 0.732421875 0.625 0.017578125 0.033203125
0 0.498046875 0.630859375 0.01953125 0.03125
0 0.654296875 0.638671875 0.017578125 0.025390625
0 0.6328125 0.642578125 0.009765625 0.025390625
0 0.61328125 0.64453125 0.015625 0.025390625
0 0.537109375 0.650390625 0.017578125 0.03125
0 0.564453125 0.6484375 0.015625 0.029296875
0 0.46484375 0.65234375 0.017578125 0.03125
0 0.5078125 0.65234375 0.017578125 0.02734375
0 0.4296875 0.658203125 0.044921875 0.03515625
0 0.35546875 0.66015625 0.01953125 0.033203125
