0 0.333984375 0.283203125 0.08203125 0.064453125
0 0.521484375 0.28125 0.087890625 0.060546875
0 0.626953125 0.296875 0.09375 0.091796875
0 0.716796875 0.259765625 0.056640625 0.015625
0 0.439453125 0.326171875 0.083984375 0.119140625
0 0.27734375 0.33984375 0.05078125 0.115234375
0 0.71484375 0.353515625 0.060546875 0.13671875
0 0.359375 0.38671875 0.076171875 0.11328125
0 0.541015625 0.390625 0.0859375 0.123046875
0 0.642578125 0.431640625 0.08984375 0.119140625
0 0.462890625 0.474609375 0.08203125 0.111328125
0 0.71875 0.484375 0.052734375 0.111328125
0 0.2890625 0.486328125 0.07421875 0.109375
0 0.37890625 0.5234375 0.080078125 0.107421875
0 0.55859375 0.52734375 0.0859375 0.115234375
0 0.65625 0.568359375 0.08984375 0.111328125
0 0.2578125 0.576171875 0.01171875 0.078125
0 0.482421875 0.599609375 0.08203125 0.103515625
0 0.7265625 0.60546875 0.0390625 0.107421875
0 0.310546875 0.609375 0.076171875 0.1015625
0 0.578125 0.6484375 0.083984375 0.103515625
0 0.3984375 0.6484375 0.080078125 0.099609375
0 0.669921875 0.68359375 0.08203125 0.09765625
0 0.2734375 0.69140625 0.044921875 0.095703125
0 0.50390625 0.705078125 0.076171875 0.080078125
0 0.34375 0.71875 0.07421875 0.0546875
0 0.732421875 0.72265625 0.02734375 0.044921875
0 0.59375 0.7265625 0.072265625 0.037109375
0 0.42578125 0.732421875 0.0625 0.025390625
