1 0.697265625 0.404296875 0.029296875 0.048828125
1 0.6015625 0.427734375 0.04296875 0.05078125
1 0.65234375 0.4296875 0.041015625 0.052734375
1 0.724609375 0.46484375 0.033203125 0.05078125
1 0.671875 0.466796875 0.013671875 0.0390625
1 0.55859375 0.494140625 0.0390625 0.0546875
1 0.630859375 0.50390625 0.044921875 0.060546875
1 0.501953125 0.515625 0.05078125 0.068359375
1 0.708984375 0.521484375 0.03125 0.04296875
1 0.666015625 0.53515625 0.037109375 0.052734375
1 0.626953125 0.556640625 0.021484375 0.029296875
1 0.5703125 0.578125 0.04296875 0.05859375
1 0.73828125 0.57421875 0.013671875 0.044921875
1 0.703125 0.583984375 0.033203125 0.056640625
1 0.513671875 0.607421875 0.05078125 0.07421875
1 0.63671875 0.59765625 0.03515625 0.052734375
1 0.591796875 0.6328125 0.044921875 0.060546875
1 0.544921875 0.642578125 0.02734375 0.048828125
1 0.720703125 0.6640625 0.029296875 0.052734375
1 0.4921875 0.6953125 0.052734375 0.07421875
1 0.6796875 0.6953125 0.0390625 0.060546875
1 0.564453125 0.68359375 0.03125 0.021484375
1 0.515625 0.708984375 0.044921875 0.0546875
1 0.439453125 0.73828125 0.021484375 0.013671875
1 0.685546875 0.73828125 0.025390625 0.013671875
