1 0.298828125 0.26953125 0.017578125 0.037109375
1 0.326171875 0.26953125 0.01953125 0.037109375
1 0.353515625 0.271484375 0.025390625 0.0390625
1 0.330078125 0.359375 0.01953125 0.064453125
1 0.3046875 0.359375 0.017578125 0.0546875
1 0.3671875 0.369140625 0.02734375 0.076171875
1 0.3984375 0.376953125 0.029296875 0.0859375
1 0.4375 0.37890625 0.033203125 0.083984375
1 0.494140625 0.384765625 0.03515625 0.091796875
1 0.541015625 0.392578125 0.041015625 0.099609375
1 0.310546875 0.427734375 0.017578125 0.0546875
1 0.337890625 0.431640625 0.01953125 0.060546875
1 0.373046875 0.453125 0.0234375 0.072265625
1 0.404296875 0.46484375 0.02734375 0.07421875
1 0.443359375 0.470703125 0.02734375 0.083984375
1 0.494140625 0.478515625 0.033203125 0.080078125
1 0.5390625 0.490234375 0.0390625 0.08984375
1 0.32421875 0.458984375 -0.00390625 -0.00390625
1 0.34765625 0.51953125 0.041015625 0.060546875
1 0.3828125 0.533203125 0.015625 0.05859375
1 0.40625 0.546875 0.021484375 0.0625
1 0.435546875 0.560546875 0.021484375 0.06640625
1 0.466796875 0.576171875 0.02734375 0.072265625
1 0.33984375 0.572265625 0.015625 0.05078125
1 0.501953125 0.58984375 0.02734375 0.07421875
1 0.36328125 0.5859375 0.015625 0.0546875
1 0.544921875 0.603515625 0.03515625 0.080078125
1 0.3984375 0.60546875 0.0390625 0.072265625
1 0.439453125 0.626953125 0.01953125 0.060546875
1 0.46875 0.64453125 0.025390625 0.06640625
1 0.50390625 0.662109375 0.02734375 0.06640625
1 0.541015625 0.68359375 0.033203125 0.078125
