1 0.6796875 0.52734375 0.03515625 0.03515625
1 0.744140625 0.56640625 0.00390625 0.03515625
1 0.71875 0.56640625 0.03515625 0.033203125
1 0.677734375 0.587890625 0.03125 0.072265625
1 0.56640625 0.59375 0.029296875 0.072265625
1 0.603515625 0.57421875 0.029296875 0.033203125
1 0.642578125 0.57421875 0.02734375 0.03125
1 0.51171875 0.580078125 0.06640625 0.041015625
1 0.458984375 0.583984375 0.029296875 0.03515625
1 0.384765625 0.587890625 0.033203125 0.037109375
1 0.42578125 0.60546875 0.03515625 0.0703125
1 0.2578125 0.58984375 0.01171875 0.037109375
1 0.28125 0.58984375 0.029296875 0.03515625
1 0.31640625 0.58984375 0.03125 0.03125
1 0.349609375 0.58984375 0.02734375 0.033203125
1 0.71484375 0.607421875 0.029296875 0.033203125
1 0.7421875 0.607421875 0.0078125 0.03125
1 0.640625 0.61328125 0.025390625 0.03125
1 0.603515625 0.615234375 0.029296875 0.03125
1 0.533203125 0.615234375 0.025390625 0.029296875
1 0.5 0.66796875 0.03125 0.12109375
1 0.462890625 0.623046875 0.025390625 0.029296875
1 0.33984375 0.6328125 0.064453125 0.03125
1 0.390625 0.6328125 0.029296875 0.03125
1 0.2890625 0.638671875 0.03515625 0.03125
1 0.26171875 0.640625 0.01953125 0.033203125
1 0.736328125 0.642578125 0.017578125 0.025390625
1 0.708984375 0.64453125 0.02734375 0.025390625
1 0.671875 0.646484375 0.025390625 0.0234375
1 0.533203125 0.65234375 0.025390625 0.02734375
1 0.568359375 0.65234375 0.02734375 0.02734375
1 0.603515625 0.650390625 0.025390625 0.025390625
1 0.63671875 0.650390625 0.025390625 0.0234375
1 0.466796875 0.658203125 0.0234375 0.025390625
1 0.43359375 0.67578125 0.029296875 0.044921875
1 0.36328125 0.66796875 0.03125 0.025390625
1 0.3984375 0.666015625 0.021484375 0.021484375
1 0.330078125 0.66796875 0.02734375 0.021484375
1 0.263671875 0.677734375 0.0234375 0.029296875
1 0.294921875 0.67578125 0.03125 0.025390625
1 0.701171875 0.6796875 0.029296875 0.029296875
1 0.734375 0.6796875 0.0234375 0.029296875
1 0.634765625 0.681640625 0.02734375 0.025390625
1 0.666015625 0.68359375 0.021484375 0.02734375
1 0.564453125 0.68359375 0.025390625 0.025390625
1 0.533203125 0.685546875 0.021484375 0.025390625
1 0.599609375 0.68359375 0.0234375 0.01953125
1 0.46875 0.6875 0.01953125 0.013671875
1 0.404296875 0.693359375 0.02734375 0.021484375
1 0.353515625 0.69921875 0.05859375 0.0234375
1 0.30859375 0.70703125 0.02734375 0.01953125
1 0.2734375 0.7109375 0.029296875 0.0234375
1 0.595703125 0.712890625 0.0234375 0.02734375
1 0.626953125 0.7109375 0.021484375 0.017578125
1 0.697265625 0.71484375 0.025390625 0.0234375
1 0.732421875 0.712890625 0.02734375 0.01953125
1 0.439453125 0.71484375 0.021484375 0.021484375
1 0.470703125 0.716796875 0.0234375 0.0234375
1 0.5625 0.716796875 0.021484375 0.0234375
1 0.662109375 0.716796875 0.02734375 0.0234375
1 0.533203125 0.716796875 0.01953125 0.021484375
1 0.41015625 0.728515625 0.029296875 0.033203125
1 0.376953125 0.724609375 0.029296875 0.021484375
1 0.34375 0.728515625 0.021484375 0.015625
1 0.287109375 0.734375 0.0234375 0.015625
1 0.314453125 0.734375 0.029296875 0.017578125
1 0.626953125 0.736328125 0.021484375 0.01953125
1 0.73046875 0.73828125 0.029296875 0.015625
1 0.53515625 0.740234375 0.021484375 0.009765625
1 0.564453125 0.740234375 0.021484375 0.009765625
1 0.59765625 0.740234375 0.021484375 0.009765625
1 0.662109375 0.740234375 0.02734375 0.009765625
1 0.6953125 0.740234375 0.0234375 0.009765625
1 0.4453125 0.7421875 0.021484375 0.0078125
1 0.474609375 0.7421875 0.021484375 0.0078125
1 0.505859375 0.7421875 0.025390625 0.0078125
1 0.349609375 0.744140625 0.025390625 0.001953125
1 0.3828125 0.744140625 0.0234375 0.001953125
