1 0.666015625 0.3203125 0.109375 0.13671875
1 0.73828125 0.318359375 0.013671875 0.134765625
1 0.5625 0.326171875 0.078125 0.125
1 0.412109375 0.328125 0.0703125 0.126953125
1 0.333984375 0.3359375 0.052734375 0.11328125
1 0.283203125 0.34375 0.037109375 0.1015625
1 0.25390625 0.34765625 0.00390625 0.087890625
1 0.255859375 0.443359375 0.009765625 0.087890625
1 0.2890625 0.451171875 0.037109375 0.095703125
1 0.55859375 0.4609375 0.076171875 0.11328125
1 0.654296875 0.470703125 0.10546875 0.134765625
1 0.341796875 0.4609375 0.048828125 0.103515625
1 0.41015625 0.46875 0.0625 0.119140625
1 0.73046875 0.478515625 0.03125 0.13671875
1 0.2578125 0.537109375 0.01171875 0.08203125
1 0.291015625 0.552734375 0.037109375 0.08984375
1 0.55078125 0.57421875 0.072265625 0.11328125
1 0.341796875 0.572265625 0.044921875 0.10546875
1 0.41015625 0.59375 0.060546875 0.130859375
1 0.642578125 0.6015625 0.091796875 0.134765625
1 0.72265625 0.623046875 0.046875 0.138671875
1 0.259765625 0.619140625 0.017578125 0.080078125
1 0.296875 0.650390625 0.033203125 0.09375
1 0.34375 0.669921875 0.0390625 0.1015625
1 0.548828125 0.681640625 0.072265625 0.119140625
1 0.634765625 0.69921875 0.091796875 0.09375
1 0.400390625 0.69921875 0.056640625 0.091796875
1 0.71875 0.716796875 0.052734375 0.056640625
