0 0.326171875 0.423828125 0.029296875 0.021484375
0 0.400390625 0.46875 0.033203125 0.0234375
0 0.49609375 0.466796875 0.02734375 0.017578125
0 0.34765625 0.474609375 0.033203125 0.0234375
0 0.298828125 0.4765625 0.029296875 0.01953125
0 0.259765625 0.482421875 0.015625 0.017578125
0 0.53515625 0.5 0.03125 0.021484375
0 0.4375 0.505859375 0.033203125 0.0234375
0 0.375 0.505859375 0.02734375 0.017578125
0 0.408203125 0.505859375 0.013671875 0.017578125
0 0.474609375 0.509765625 0.017578125 0.017578125
0 0.31640625 0.51171875 0.02734375 0.015625
0 0.615234375 0.51171875 0.013671875 0.013671875
0 0.26171875 0.525390625 0.021484375 0.017578125
0 0.5078125 0.52734375 0.029296875 0.013671875
0 0.580078125 0.537109375 0.033203125 0.01953125
0 0.294921875 0.53515625 0.021484375 0.013671875
0 0.505859375 0.548828125 0.0234375 0.009765625
0 0.470703125 0.552734375 0.015625 0.009765625
0 0.333984375 0.568359375 0.02734375 0.017578125
0 0.43359375 0.572265625 0.025390625 0.01171875
0 0.533203125 0.572265625 0.0078125 0.009765625
0 0.458984375 0.576171875 0.005859375 0.009765625
0 0.58984375 0.576171875 0.00390625 0.009765625
0 0.412109375 0.58203125 0.015625 0.0078125
0 0.484375 0.609375 0.0234375 0.01171875
0 0.259765625 0.609375 0.015625 0.009765625
0 0.712890625 0.615234375 0.037109375 0.017578125
0 0.294921875 0.626953125 0.025390625 0.009765625
0 0.326171875 0.626953125 0.005859375 0.0078125
0 0.46484375 0.640625 0.015625 0.01171875
0 0.556640625 0.640625 0.033203125 0.013671875
0 0.419921875 0.640625 0.017578125 0.005859375
0 0.2734375 0.64453125 0.015625 0.005859375
0 0.353515625 0.66015625 0.029296875 0.015625
0 0.40234375 0.658203125 0.009765625 0.00390625
0 0.44921875 0.66015625 0.013671875 0.005859375
0 0.662109375 0.671875 0.037109375 0.015625
0 0.2890625 0.6796875 0.013671875 0.005859375
0 0.578125 0.681640625 0.0234375 0.0078125
0 0.498046875 0.6875 0.017578125 0.0078125
0 0.373046875 0.689453125 0.0078125 0.001953125
0 0.69140625 0.693359375 0.0234375 0.009765625
0 0.64453125 0.705078125 0.02734375 0.01171875
0 0.734375 0.71484375 0.0234375 0.01171875
0 0.478515625 0.720703125 0.021484375 0.0078125
0 0.58984375 0.720703125 0.0078125 0.005859375
