0 0.396484375 0.47265625 0.06640625 0.0703125
0 0.326171875 0.47265625 0.01953125 0.060546875
0 0.4765625 0.509765625 0.080078125 0.087890625
0 0.34765625 0.546875 0.060546875 0.068359375
0 0.4296875 0.560546875 0.072265625 0.0625
0 0.33203125 0.6015625 0.03125 0.05859375
0 0.521484375 0.60546875 0.087890625 0.068359375
0 0.390625 0.62109375 0.0625 0.056640625
0 0.466796875 0.650390625 0.072265625 0.0625
0 0.359375 0.66796875 0.048828125 0.05078125
0 0.583984375 0.68359375 0.0859375 0.078125
0 0.439453125 0.681640625 0.05859375 0.044921875
0 0.337890625 0.697265625 0.044921875 0.041015625
0 0.517578125 0.71875 0.06640625 0.052734375
0 0.404296875 0.720703125 0.052734375 0.044921875
