0 0.697265625 0.28515625 0.052734375 0.06640625
0 0.6328125 0.33984375 0.095703125 0.12890625
0 0.728515625 0.345703125 0.03515625 0.087890625
0 0.59765625 0.41015625 0.052734375 0.091796875
0 0.720703125 0.439453125 0.05078125 0.0859375
0 0.65234375 0.462890625 0.052734375 0.0859375
0 0.580078125 0.505859375 0.0546875 0.080078125
0 0.7421875 0.517578125 0.005859375 0.07421875
0 0.708984375 0.537109375 0.05078125 0.0859375
0 0.638671875 0.556640625 0.05078125 0.0859375
0 0.54296875 0.58984375 0.046875 0.083984375
0 0.73046875 0.607421875 0.02734375 0.0859375
0 0.68359375 0.6328125 0.056640625 0.0859375
0 0.60546875 0.646484375 0.048828125 0.087890625
0 0.52734375 0.6875 0.056640625 0.083984375
0 0.716796875 0.689453125 0.05078125 0.056640625
0 0.65234375 0.697265625 0.052734375 0.041015625
0 0.5859375 0.70703125 0.044921875 0.0234375
