1 0.521484375 0.138671875 0.10546875 0.275390625
1 0.96484375 0.1328125 0.0625 0.26171875
1 0.072265625 0.140625 0.1015625 0.26171875
1 0.185546875 0.13671875 0.099609375 0.25390625
1 0.861328125 0.140625 0.103515625 0.26171875
1 0.40625 0.427734375 0.10546875 0.275390625
1 0.521484375 0.423828125 0.10546875 0.267578125
1 0.75 0.419921875 0.09765625 0.259765625
1 0.060546875 0.431640625 0.1015625 0.26953125
1 0.173828125 0.423828125 0.099609375 0.255859375
1 0.865234375 0.427734375 0.10546875 0.26171875
1 0.962890625 0.427734375 0.06640625 0.26171875
1 0.2890625 0.431640625 0.1015625 0.25390625
1 0.634765625 0.431640625 0.09765625 0.25390625
1 0.408203125 0.712890625 0.103515625 0.283203125
1 0.75390625 0.703125 0.1015625 0.26171875
1 0.5234375 0.712890625 0.091796875 0.267578125
1 0.8671875 0.7109375 0.099609375 0.26171875
1 0.0625 0.71875 0.107421875 0.267578125
1 0.294921875 0.712890625 0.099609375 0.255859375
1 0.63671875 0.716796875 0.09765625 0.26171875
1 0.962890625 0.716796875 0.064453125 0.26171875
1 0.1796875 0.720703125 0.099609375 0.25390625
1 0.052734375 0.931640625 0.1015625 0.12890625
1 0.40625 0.931640625 0.095703125 0.12890625
1 0.521484375 0.931640625 0.09765625 0.12890625
1 0.751953125 0.931640625 0.09765625 0.12890625
1 0.8671875 0.931640625 0.099609375 0.12890625
1 0.173828125 0.935546875 0.1015625 0.12109375
1 0.29296875 0.935546875 0.09765625 0.12109375
1 0.63671875 0.935546875 0.095703125 0.12109375
1 0.962890625 0.935546875 0.06640625 0.10546875
