0 0.671875 0.45703125 0.119140625 0.263671875
0 0.611328125 0.41796875 0.044921875 0.123046875
0 0.580078125 0.546875 0.04296875 0.125
0 0.494140625 0.51171875 0.017578125 0.052734375
0 0.533203125 0.552734375 0.01953125 0.048828125
0 0.5078125 0.5625 0.015625 0.05078125
0 0.478515625 0.572265625 0.021484375 0.052734375
0 0.54296875 0.6015625 0.017578125 0.05078125
0 0.517578125 0.611328125 0.017578125 0.048828125
0 0.4921875 0.625 0.017578125 0.05078125
0 0.44921875 0.640625 0.05078125 0.06640625
