1 0.462890625 0.341796875 0.052734375 0.08203125
1 0.400390625 0.34765625 0.041015625 0.080078125
1 0.32421875 0.349609375 0.07421875 0.0703125
1 0.2578125 0.35546875 0.013671875 0.06640625
1 0.26171875 0.431640625 0.01953125 0.06640625
1 0.306640625 0.435546875 0.03125 0.064453125
1 0.3515625 0.4375 0.033203125 0.068359375
1 0.41015625 0.4453125 0.044921875 0.078125
1 0.47265625 0.447265625 0.052734375 0.083984375
1 0.251953125 0.509765625 0.001953125 0.05859375
1 0.279296875 0.517578125 0.02734375 0.06640625
1 0.33203125 0.525390625 0.033203125 0.072265625
1 0.3828125 0.537109375 0.0390625 0.080078125
1 0.451171875 0.55078125 0.044921875 0.087890625
1 0.5234375 0.56640625 0.05859375 0.095703125
1 0.25390625 0.5859375 0.00390625 0.060546875
1 0.279296875 0.595703125 0.02734375 0.068359375
1 0.3359375 0.611328125 0.033203125 0.072265625
1 0.38671875 0.62890625 0.041015625 0.080078125
1 0.455078125 0.65234375 0.046875 0.08984375
1 0.525390625 0.67578125 0.056640625 0.1015625
