0 0.55078125 0.34375 0.044921875 0.16796875
0 0.7109375 0.345703125 0.0390625 0.15234375
0 0.49609375 0.349609375 0.044921875 0.15625
0 0.607421875 0.34765625 0.04296875 0.154296875
0 0.66015625 0.34765625 0.041015625 0.150390625
0 0.744140625 0.341796875 0.00390625 0.1171875
0 0.578125 0.494140625 0.041015625 0.15234375
0 0.634765625 0.498046875 0.0390625 0.16015625
0 0.46875 0.505859375 0.046875 0.1640625
0 0.73046875 0.5 0.029296875 0.154296875
0 0.685546875 0.501953125 0.037109375 0.150390625
0 0.525390625 0.5078125 0.04296875 0.15625
0 0.556640625 0.646484375 0.044921875 0.158203125
0 0.609375 0.646484375 0.0390625 0.15234375
0 0.66015625 0.646484375 0.041015625 0.150390625
0 0.7109375 0.6484375 0.041015625 0.146484375
0 0.498046875 0.66015625 0.04296875 0.154296875
0 0.744140625 0.646484375 0.00390625 0.1171875
0 0.634765625 0.73046875 0.029296875 0.021484375
0 0.689453125 0.73046875 0.02734375 0.021484375
0 0.583984375 0.732421875 0.025390625 0.01953125
0 0.53515625 0.734375 0.01953125 0.01953125
0 0.736328125 0.734375 0.01953125 0.01953125
0 0.46875 0.736328125 0.01953125 0.01171875
