0 0.5 0.302734375 0.05078125 0.083984375
0 0.6171875 0.3359375 0.046875 0.0859375
0 0.44140625 0.337890625 0.05078125 0.080078125
0 0.5546875 0.369140625 0.05078125 0.083984375
0 0.380859375 0.373046875 0.056640625 0.08203125
0 0.482421875 0.396484375 0.048828125 0.080078125
0 0.63671875 0.39453125 0.03515625 0.0703125
0 0.728515625 0.404296875 0.03515625 0.072265625
0 0.595703125 0.427734375 0.044921875 0.078125
0 0.4296875 0.431640625 0.048828125 0.080078125
0 0.681640625 0.447265625 0.0390625 0.072265625
0 0.54296875 0.4609375 0.048828125 0.083984375
0 0.744140625 0.45703125 0.001953125 0.025390625
0 0.474609375 0.484375 0.046875 0.076171875
0 0.37890625 0.49609375 0.06640625 0.09375
0 0.65234375 0.490234375 0.041015625 0.080078125
0 0.583984375 0.515625 0.044921875 0.076171875
0 0.736328125 0.51953125 0.017578125 0.076171875
0 0.423828125 0.5234375 0.044921875 0.080078125
0 0.5234375 0.544921875 0.046875 0.07421875
0 0.603515625 0.55078125 0.033203125 0.060546875
0 0.650390625 0.5390625 0.037109375 0.03125
0 0.3671875 0.591796875 0.060546875 0.08203125
0 0.3203125 0.572265625 0.01953125 0.033203125
0 0.2578125 0.580078125 0.013671875 0.033203125
0 0.716796875 0.599609375 0.041015625 0.072265625
0 0.486328125 0.609375 0.0546875 0.080078125
0 0.291015625 0.591796875 0.0234375 0.03125
0 0.580078125 0.61328125 0.044921875 0.076171875
0 0.328125 0.61328125 0.017578125 0.033203125
0 0.267578125 0.623046875 0.021484375 0.03515625
0 0.681640625 0.646484375 0.04296875 0.072265625
0 0.31640625 0.677734375 0.087890625 0.125
0 0.423828125 0.669921875 0.05859375 0.103515625
0 0.61328125 0.65625 0.041015625 0.0703125
0 0.53125 0.6640625 0.05078125 0.078125
0 0.337890625 0.640625 0.01953125 0.015625
0 0.375 0.658203125 0.01953125 0.029296875
0 0.255859375 0.6640625 0.0078125 0.03125
0 0.7109375 0.6875 0.041015625 0.06640625
0 0.474609375 0.705078125 0.052734375 0.076171875
0 0.576171875 0.7109375 0.044921875 0.068359375
0 0.265625 0.697265625 0.0234375 0.033203125
0 0.298828125 0.716796875 0.03125 0.052734375
0 0.716796875 0.712890625 0.03515625 0.041015625
0 0.666015625 0.724609375 0.03515625 0.04296875
0 0.43359375 0.716796875 0.01171875 0.017578125
0 0.626953125 0.734375 0.0390625 0.0234375
0 0.275390625 0.736328125 0.021484375 0.017578125
0 0.37890625 0.736328125 0.017578125 0.017578125
0 0.423828125 0.73828125 0.015625 0.013671875
