0 0.3203125 0.541015625 0.017578125 0.04296875
0 0.34765625 0.55859375 0.017578125 0.04296875
0 0.30859375 0.576171875 0.017578125 0.04296875
0 0.3359375 0.591796875 0.017578125 0.041015625
0 0.30078125 0.60546875 0.015625 0.037109375
0 0.36328125 0.611328125 0.017578125 0.041015625
0 0.328125 0.623046875 0.015625 0.037109375
0 0.294921875 0.634765625 0.015625 0.033203125
0 0.353515625 0.642578125 0.017578125 0.0390625
0 0.318359375 0.65234375 0.015625 0.037109375
0 0.3828125 0.6640625 0.017578125 0.04296875
0 0.34375 0.671875 0.015625 0.037109375
0 0.37109375 0.693359375 0.017578125 0.037109375
0 0.3984375 0.716796875 0.017578125 0.04296875
