1 0.69921875 0.5 0.025390625 0.115234375
1 0.57421875 0.544921875 0.021484375 0.06640625
1 0.7109375 0.630859375 0.05859375 0.126953125
1 0.587890625 0.619140625 0.029296875 0.064453125
1 0.599609375 0.685546875 0.06640625 0.072265625
1 0.5 0.681640625 0.017578125 0.025390625
1 0.40234375 0.69921875 0.00390625 0.013671875
1 0.453125 0.703125 0.001953125 0.01953125
1 0.5078125 0.712890625 0.013671875 0.0234375
1 0.41015625 0.72265625 0.00390625 0.013671875
1 0.458984375 0.724609375 0.005859375 0.01171875
