0 0.61328125 0.34765625 0.083984375 0.15625
0 0.69921875 0.34375 0.07421875 0.138671875
0 0.541015625 0.478515625 0.07421875 0.142578125
0 0.705078125 0.466796875 0.06640625 0.119140625
0 0.34375 0.49609375 0.099609375 0.166015625
0 0.455078125 0.4921875 0.08984375 0.15625
0 0.623046875 0.4765625 0.0703125 0.123046875
0 0.287109375 0.599609375 0.068359375 0.13671875
0 0.4765625 0.603515625 0.078125 0.126953125
0 0.380859375 0.611328125 0.087890625 0.134765625
0 0.732421875 0.609375 0.0234375 0.123046875
0 0.677734375 0.6171875 0.076171875 0.1328125
0 0.583984375 0.62109375 0.08203125 0.138671875
0 0.41796875 0.69921875 0.080078125 0.091796875
0 0.52734375 0.7109375 0.078125 0.068359375
0 0.62109375 0.71484375 0.07421875 0.0625
0 0.712890625 0.716796875 0.06640625 0.056640625
0 0.341796875 0.734375 0.072265625 0.021484375
