1 0.462890625 0.263671875 0.0390625 0.01953125
1 0.7109375 0.263671875 0.033203125 0.01953125
1 0.26171875 0.263671875 0.01953125 0.017578125
1 0.310546875 0.263671875 0.04296875 0.015625
1 0.357421875 0.263671875 0.037109375 0.015625
1 0.412109375 0.263671875 0.037109375 0.013671875
1 0.517578125 0.265625 0.03515625 0.015625
1 0.56640625 0.267578125 0.03515625 0.015625
1 0.615234375 0.271484375 0.033203125 0.015625
1 0.666015625 0.271484375 0.03515625 0.015625
1 0.275390625 0.283203125 0.0390625 0.005859375
1 0.3203125 0.283203125 0.029296875 0.00390625
1 0.703125 0.29296875 0.03125 0.017578125
1 0.365234375 0.29296875 0.037109375 0.013671875
1 0.416015625 0.294921875 0.03515625 0.013671875
1 0.466796875 0.294921875 0.03515625 0.013671875
1 0.515625 0.296875 0.03515625 0.01171875
1 0.564453125 0.296875 0.033203125 0.013671875
1 0.611328125 0.30078125 0.037109375 0.015625
1 0.662109375 0.30078125 0.0390625 0.015625
1 0.279296875 0.390625 0.03515625 0.01953125
1 0.322265625 0.392578125 0.03125 0.015625
1 0.69140625 0.392578125 0.029296875 0.015625
1 0.361328125 0.39453125 0.02734375 0.013671875
1 0.3984375 0.39453125 0.02734375 0.01171875
1 0.435546875 0.39453125 0.02734375 0.013671875
1 0.46875 0.396484375 0.029296875 0.015625
1 0.509765625 0.396484375 0.029296875 0.017578125
1 0.544921875 0.39453125 0.025390625 0.013671875
1 0.58203125 0.396484375 0.021484375 0.015625
1 0.619140625 0.396484375 0.025390625 0.015625
1 0.654296875 0.39453125 0.029296875 0.013671875
1 0.2890625 0.416015625 0.03125 0.015625
1 0.68359375 0.416015625 0.0234375 0.01171875
1 0.384765625 0.412109375 -0.00390625 -0.00390625
1 0.650390625 0.41796875 0.025390625 0.009765625
1 0.33203125 0.421875 0.03515625 0.01171875
1 0.365234375 0.421875 0.029296875 0.01171875
1 0.40234375 0.421875 0.02734375 0.01171875
1 0.474609375 0.42578125 0.025390625 0.015625
1 0.509765625 0.42578125 0.029296875 0.015625
1 0.615234375 0.423828125 0.021484375 0.01171875
1 0.4375 0.42578125 0.029296875 0.01171875
1 0.546875 0.42578125 0.025390625 0.013671875
1 0.58203125 0.42578125 0.021484375 0.013671875
1 0.67578125 0.435546875 0.0234375 0.009765625
1 0.30078125 0.439453125 0.033203125 0.01171875
1 0.64453125 0.44140625 0.0234375 0.01171875
1 0.41015625 0.443359375 0.02734375 0.01171875
1 0.611328125 0.443359375 0.0234375 0.009765625
1 0.337890625 0.4453125 0.02734375 0.009765625
1 0.373046875 0.4453125 0.025390625 0.009765625
1 0.4921875 0.4765625 0.05859375 0.0703125
1 0.576171875 0.4453125 0.021484375 0.009765625
1 0.4453125 0.455078125 0.029296875 0.025390625
1 0.544921875 0.44921875 0.0234375 0.009765625
1 0.66796875 0.455078125 0.0234375 0.0078125
1 0.3203125 0.48046875 0.044921875 0.0546875
1 0.63671875 0.458984375 0.021484375 0.0078125
1 0.58984375 0.498046875 0.0546875 0.083984375
1 0.34765625 0.462890625 0.0234375 0.009765625
1 0.380859375 0.462890625 0.0234375 0.0078125
1 0.41796875 0.470703125 0.0234375 0.025390625
1 0.57421875 0.462890625 0.021484375 0.009765625
1 0.55078125 0.494140625 0.060546875 0.0625
1 0.66015625 0.470703125 0.021484375 0.0078125
1 0.630859375 0.474609375 0.01953125 0.009765625
1 0.35546875 0.478515625 0.0234375 0.0078125
1 0.388671875 0.478515625 0.01953125 0.0078125
1 0.451171875 0.494140625 0.0234375 0.03515625
1 0.654296875 0.486328125 0.01953125 0.009765625
1 0.623046875 0.490234375 0.017578125 0.0078125
1 0.359375 0.494140625 0.017578125 0.0078125
1 0.392578125 0.494140625 0.021484375 0.0078125
1 0.421875 0.494140625 0.021484375 0.005859375
1 0.646484375 0.501953125 0.01953125 0.005859375
1 0.615234375 0.505859375 0.017578125 0.0078125
1 0.36328125 0.515625 0.017578125 0.01953125
1 0.392578125 0.521484375 0.01953125 0.033203125
1 0.421875 0.521484375 0.021484375 0.033203125
1 0.505859375 0.5078125 0.021484375 0.005859375
1 0.638671875 0.515625 0.01953125 0.00390625
1 0.337890625 0.529296875 0.025390625 0.02734375
1 0.609375 0.51953125 0.013671875 0.005859375
1 0.44921875 0.521484375 0.013671875 0.005859375
1 0.474609375 0.53125 0.021484375 0.025390625
1 0.501953125 0.52734375 0.01953125 0.015625
1 0.630859375 0.52734375 0.017578125 0.00390625
1 0.603515625 0.53125 0.013671875 0.00390625
1 0.548828125 0.537109375 0.017578125 0.01171875
1 0.3671875 0.541015625 0.015625 0.015625
1 0.447265625 0.53515625 0.015625 0.00390625
1 0.509765625 0.5390625 0.044921875 0.01171875
1 0.625 0.537109375 0.013671875 0.001953125
1 0.59765625 0.54296875 0.015625 0.00390625
1 0.447265625 0.544921875 0.015625 0.001953125
1 0.396484375 0.546875 0.017578125 0.001953125
1 0.421875 0.546875 0.017578125 0.001953125
1 0.619140625 0.546875 0.01171875 0.0
1 0.34765625 0.552734375 0.01953125 0.00390625
1 0.54296875 0.552734375 0.015625 0.001953125
1 0.56640625 0.552734375 0.013671875 0.0
1 0.591796875 0.552734375 0.015625 0.0
1 0.44921875 0.5546875 0.01171875 0.0
1 0.470703125 0.5546875 0.015625 0.001953125
1 0.49609375 0.5546875 0.015625 0.001953125
1 0.51953125 0.5546875 0.015625 0.001953125
1 0.373046875 0.556640625 0.015625 0.0
1 0.3984375 0.556640625 0.015625 0.0
1 0.421875 0.5546875 0.013671875 -0.001953125
1 0.564453125 0.560546875 0.01171875 0.001953125
1 0.5859375 0.560546875 0.013671875 0.001953125
1 0.3515625 0.5625 0.017578125 0.001953125
1 0.447265625 0.564453125 0.015625 0.00390625
1 0.5390625 0.5625 0.013671875 0.001953125
1 0.611328125 0.5625 0.01171875 0.0
1 0.376953125 0.564453125 0.01171875 0.001953125
1 0.400390625 0.564453125 0.013671875 0.001953125
1 0.423828125 0.564453125 0.015625 0.001953125
1 0.470703125 0.564453125 0.017578125 0.001953125
1 0.494140625 0.564453125 0.013671875 0.0
1 0.517578125 0.564453125 0.015625 0.001953125
