0 0.3359375 0.314453125 0.095703125 0.126953125
0 0.458984375 0.35546875 0.16796875 0.20703125
0 0.34375 0.47265625 0.1015625 0.169921875
0 0.4375 0.525390625 0.07421875 0.107421875
0 0.412109375 0.59375 0.05859375 0.08203125
0 0.509765625 0.625 0.08984375 0.11328125
0 0.33984375 0.611328125 0.04296875 0.072265625
0 0.291015625 0.623046875 0.033203125 0.064453125
0 0.3984375 0.67578125 0.03125 0.072265625
0 0.451171875 0.689453125 0.07421875 0.095703125
0 0.349609375 0.681640625 0.037109375 0.05078125
0 0.703125 0.685546875 0.041015625 0.0546875
0 0.728515625 0.673828125 0.03125 0.02734375
0 0.30859375 0.701171875 0.048828125 0.080078125
0 0.673828125 0.677734375 0.0234375 0.025390625
0 0.5625 0.70703125 0.083984375 0.076171875
0 0.736328125 0.705078125 0.017578125 0.02734375
0 0.68359375 0.720703125 0.0390625 0.041015625
0 0.671875 0.73046875 0.013671875 0.013671875
0 0.7265625 0.736328125 0.029296875 0.01953125
