0 0.6875 0.275390625 0.07421875 0.04296875
0 0.458984375 0.302734375 0.0859375 0.095703125
0 0.58984375 0.283203125 0.080078125 0.056640625
0 0.740234375 0.271484375 0.01171875 0.03125
0 0.400390625 0.388671875 0.169921875 0.228515625
0 0.62109375 0.36328125 0.068359375 0.111328125
0 0.69921875 0.361328125 0.0703125 0.10546875
0 0.53515625 0.369140625 0.078125 0.115234375
0 0.73046875 0.453125 0.03125 0.103515625
0 0.66015625 0.443359375 0.064453125 0.064453125
0 0.583984375 0.43359375 0.0625 0.037109375
0 0.318359375 0.595703125 0.1328125 0.244140625
0 0.66796875 0.591796875 0.1484375 0.220703125
0 0.490234375 0.619140625 0.18359375 0.244140625
