0 0.552734375 0.521484375 0.02734375 0.01953125
0 0.623046875 0.51953125 0.02734375 0.017578125
0 0.525390625 0.53515625 0.04296875 0.04296875
0 0.5859375 0.521484375 0.025390625 0.017578125
0 0.66796875 0.53515625 0.04296875 0.04296875
0 0.708984375 0.53515625 0.04296875 0.044921875
0 0.427734375 0.5390625 0.02734375 0.021484375
0 0.47265625 0.552734375 0.04296875 0.044921875
0 0.388671875 0.5546875 0.060546875 0.044921875
0 0.349609375 0.546875 0.02734375 0.0234375
0 0.498046875 0.544921875 0.02734375 0.01953125
0 0.296875 0.55859375 0.091796875 0.044921875
0 0.578125 0.5546875 0.041015625 0.037109375
0 0.61328125 0.5546875 0.0390625 0.037109375
0 0.646484375 0.556640625 0.041015625 0.041015625
0 0.517578125 0.564453125 0.0234375 0.01953125
0 0.443359375 0.56640625 0.029296875 0.021484375
0 0.55078125 0.564453125 0.025390625 0.017578125
0 0.69140625 0.56640625 0.02734375 0.017578125
0 0.7265625 0.568359375 0.025390625 0.01953125
