0 0.45703125 0.44921875 0.056640625 0.076171875
0 0.708984375 0.451171875 0.052734375 0.06640625
0 0.587890625 0.45703125 0.060546875 0.072265625
0 0.326171875 0.46875 0.060546875 0.072265625
0 0.283203125 0.466796875 0.02734375 0.0625
0 0.734375 0.4765625 0.0234375 0.060546875
0 0.400390625 0.490234375 0.052734375 0.06640625
0 0.642578125 0.494140625 0.0546875 0.064453125
0 0.521484375 0.505859375 0.05859375 0.072265625
0 0.4609375 0.521484375 0.048828125 0.05078125
0 0.578125 0.525390625 0.05078125 0.0546875
0 0.689453125 0.52734375 0.048828125 0.05859375
0 0.345703125 0.52734375 0.05078125 0.05078125
0 0.291015625 0.54296875 0.044921875 0.0546875
0 0.40625 0.552734375 0.048828125 0.046875
0 0.626953125 0.5625 0.048828125 0.052734375
0 0.728515625 0.56640625 0.03515625 0.0546875
0 0.517578125 0.56640625 0.048828125 0.044921875
0 0.25390625 0.572265625 0.00390625 0.03515625
0 0.462890625 0.58203125 0.044921875 0.048828125
0 0.353515625 0.59375 0.044921875 0.05078125
0 0.5703125 0.59375 0.046875 0.052734375
0 0.673828125 0.59375 0.046875 0.052734375
0 0.3125 0.595703125 0.03515625 0.044921875
0 0.41015625 0.61328125 0.04296875 0.044921875
0 0.513671875 0.615234375 0.04296875 0.04296875
0 0.6171875 0.623046875 0.046875 0.048828125
0 0.462890625 0.640625 0.04296875 0.044921875
0 0.318359375 0.65234375 0.03515625 0.044921875
0 0.724609375 0.654296875 0.041015625 0.048828125
0 0.3671875 0.654296875 0.041015625 0.04296875
0 0.259765625 0.658203125 0.013671875 0.04296875
0 0.662109375 0.666015625 0.044921875 0.046875
0 0.564453125 0.67578125 0.044921875 0.046875
0 0.51171875 0.6875 0.041015625 0.04296875
0 0.4609375 0.693359375 0.033203125 0.041015625
0 0.408203125 0.697265625 0.0390625 0.041015625
0 0.611328125 0.701171875 0.041015625 0.04296875
0 0.560546875 0.705078125 0.0390625 0.017578125
0 0.509765625 0.72265625 0.037109375 0.021484375
0 0.345703125 0.73828125 0.041015625 0.015625
0 0.4375 0.740234375 0.03515625 0.009765625
