1 0.94140625 0.107421875 0.072265625 0.12109375
1 0.853515625 0.134765625 0.083984375 0.12890625
1 0.76171875 0.1640625 0.087890625 0.1328125
1 0.66796875 0.1953125 0.0859375 0.1328125
1 0.94921875 0.228515625 0.06640625 0.125
1 0.544921875 0.24609375 0.091796875 0.130859375
1 0.87109375 0.259765625 0.072265625 0.126953125
1 0.453125 0.2734375 0.095703125 0.1328125
1 0.357421875 0.298828125 0.1015625 0.12890625
1 0.771484375 0.294921875 0.083984375 0.103515625
1 0.6796875 0.3125 0.087890625 0.12109375
1 0.263671875 0.341796875 0.1015625 0.134765625
1 0.958984375 0.34765625 0.0703125 0.125
1 0.564453125 0.365234375 0.091796875 0.125
1 0.875 0.375 0.07421875 0.125
1 0.478515625 0.38671875 0.09765625 0.119140625
1 0.78515625 0.400390625 0.080078125 0.115234375
1 0.384765625 0.416015625 0.09765625 0.12890625
1 0.15625 0.42578125 0.1015625 0.12890625
1 0.697265625 0.4296875 0.083984375 0.119140625
1 0.0625 0.451171875 0.10546875 0.123046875
1 0.29296875 0.453125 0.095703125 0.12109375
1 0.966796875 0.46484375 0.052734375 0.107421875
1 0.583984375 0.482421875 0.087890625 0.12109375
1 0.89453125 0.49609375 0.078125 0.119140625
1 0.50390625 0.5078125 0.078125 0.1171875
1 0.001953125 0.4609375 -0.001953125 -0.00390625
1 0.009765625 0.498046875 0.013671875 0.05859375
1 0.806640625 0.525390625 0.078125 0.11328125
1 0.19140625 0.537109375 0.09765625 0.119140625
1 0.408203125 0.5390625 0.095703125 0.10546875
1 0.720703125 0.548828125 0.08203125 0.115234375
1 0.09375 0.564453125 0.103515625 0.123046875
1 0.322265625 0.5703125 0.09375 0.119140625
1 0.029296875 0.58984375 0.0546875 0.11328125
1 0.609375 0.59765625 0.0859375 0.109375
1 0.978515625 0.611328125 0.03515625 0.095703125
1 0.521484375 0.62109375 0.087890625 0.111328125
1 0.916015625 0.634765625 0.078125 0.109375
1 0.220703125 0.6484375 0.09375 0.119140625
1 0.435546875 0.6484375 0.08984375 0.1171875
1 0.12890625 0.67578125 0.09765625 0.11328125
1 0.830078125 0.671875 0.076171875 0.10546875
1 0.349609375 0.689453125 0.08984375 0.115234375
1 0.744140625 0.701171875 0.076171875 0.1015625
1 0.044921875 0.7109375 0.0859375 0.10546875
1 0.98046875 0.708984375 0.03125 0.087890625
1 0.63671875 0.732421875 0.08203125 0.10546875
1 0.919921875 0.734375 0.076171875 0.10546875
1 0.24609375 0.763671875 0.091796875 0.10546875
1 0.55078125 0.765625 0.08203125 0.1015625
1 0.841796875 0.771484375 0.07421875 0.0859375
1 0.158203125 0.791015625 0.095703125 0.109375
1 0.7578125 0.794921875 0.072265625 0.103515625
1 0.466796875 0.796875 0.083984375 0.103515625
1 0.984375 0.802734375 0.017578125 0.076171875
1 0.068359375 0.826171875 0.091796875 0.10546875
1 0.6484375 0.822265625 0.07421875 0.099609375
1 0.931640625 0.828125 0.06640625 0.08984375
1 0.384765625 0.8359375 0.083984375 0.1015625
1 0.017578125 0.849609375 0.02734375 0.091796875
1 0.56640625 0.857421875 0.080078125 0.103515625
1 0.8515625 0.85546875 0.064453125 0.095703125
1 0.279296875 0.87109375 0.0859375 0.09765625
1 0.486328125 0.890625 0.078125 0.095703125
1 0.7734375 0.89453125 0.0703125 0.09375
1 0.193359375 0.900390625 0.0859375 0.095703125
1 0.666015625 0.919921875 0.078125 0.103515625
1 0.994140625 0.912109375 0.001953125 0.068359375
1 0.408203125 0.927734375 0.078125 0.091796875
1 0.109375 0.93359375 0.08984375 0.09765625
1 0.94921875 0.935546875 0.06640625 0.087890625
1 0.5859375 0.951171875 0.072265625 0.0859375
1 0.30078125 0.953125 0.078125 0.07421875
1 0.869140625 0.95703125 0.068359375 0.072265625
1 0.03515625 0.958984375 0.0625 0.0703125
1 0.216796875 0.970703125 0.07421875 0.044921875
1 0.787109375 0.970703125 0.060546875 0.044921875
1 0.50390625 0.97265625 0.076171875 0.041015625
1 0.681640625 0.982421875 0.0625 0.021484375
1 0.134765625 0.984375 0.06640625 0.017578125
1 0.421875 0.984375 0.064453125 0.017578125
