0 0.447265625 0.265625 0.0078125 0.021484375
0 0.541015625 0.263671875 -0.001953125 0.0
0 0.568359375 0.265625 0.0 0.00390625
0 0.470703125 0.27734375 0.01171875 0.013671875
0 0.701171875 0.28515625 0.0 0.0
0 0.708984375 0.287109375 -0.00390625 0.0
0 0.716796875 0.287109375 0.0 0.001953125
0 0.724609375 0.28515625 -0.001953125 -0.001953125
0 0.732421875 0.287109375 0.0 0.001953125
0 0.6328125 0.294921875 0.009765625 0.009765625
0 0.65625 0.294921875 0.01171875 0.009765625
0 0.67578125 0.294921875 0.013671875 0.009765625
0 0.740234375 0.291015625 -0.001953125 0.001953125
0 0.697265625 0.298828125 0.013671875 0.01171875
0 0.720703125 0.30078125 0.013671875 0.013671875
0 0.287109375 0.408203125 0.06640625 0.212890625
0 0.375 0.435546875 0.103515625 0.255859375
0 0.515625 0.4609375 0.1484375 0.30078125
0 0.263671875 0.587890625 0.0234375 0.181640625
0 0.330078125 0.623046875 0.076171875 0.212890625
0 0.42578125 0.66015625 0.119140625 0.171875
0 0.58203125 0.6796875 0.150390625 0.130859375
