0 0.51171875 0.30859375 0.025390625 0.03515625
0 0.623046875 0.318359375 0.029296875 0.033203125
0 0.4609375 0.35546875 0.01953125 0.025390625
0 0.27734375 0.365234375 0.013671875 0.025390625
0 0.66796875 0.396484375 0.03125 0.03515625
0 0.48828125 0.400390625 0.025390625 0.029296875
0 0.609375 0.412109375 0.0234375 0.02734375
0 0.39453125 0.423828125 0.01953125 0.02734375
0 0.34375 0.4375 0.015625 0.021484375
0 0.701171875 0.478515625 0.04296875 0.041015625
0 0.478515625 0.474609375 0.021484375 0.025390625
0 0.583984375 0.4765625 0.0234375 0.0234375
0 0.634765625 0.48046875 0.017578125 0.029296875
0 0.4140625 0.4921875 0.017578125 0.0234375
0 0.349609375 0.5 0.01171875 0.01953125
0 0.541015625 0.537109375 0.017578125 0.0234375
0 0.619140625 0.53515625 0.01953125 0.021484375
0 0.423828125 0.546875 0.01953125 0.0234375
0 0.357421875 0.5546875 0.015625 0.021484375
0 0.279296875 0.55859375 0.013671875 0.021484375
0 0.662109375 0.564453125 0.029296875 0.03125
0 0.306640625 0.615234375 0.013671875 0.021484375
0 0.458984375 0.6171875 0.021484375 0.0234375
0 0.626953125 0.630859375 0.029296875 0.02734375
0 0.2734375 0.6328125 0.0078125 0.01171875
0 0.419921875 0.634765625 0.013671875 0.017578125
0 0.515625 0.638671875 0.025390625 0.025390625
0 0.359375 0.658203125 0.0078125 0.009765625
0 0.330078125 0.662109375 0.005859375 0.009765625
0 0.484375 0.67578125 0.009765625 0.01171875
0 0.28515625 0.6796875 0.005859375 0.0078125
0 0.705078125 0.68359375 0.015625 0.013671875
0 0.640625 0.689453125 0.013671875 0.017578125
0 0.330078125 0.689453125 0.0078125 0.009765625
0 0.365234375 0.689453125 0.005859375 0.009765625
0 0.38671875 0.69140625 0.009765625 0.013671875
0 0.56640625 0.7109375 0.025390625 0.029296875
0 0.271484375 0.705078125 0.00390625 0.0078125
0 0.517578125 0.712890625 0.01171875 0.01171875
0 0.306640625 0.71484375 0.005859375 0.0078125
0 0.388671875 0.724609375 0.005859375 0.009765625
0 0.41796875 0.724609375 0.0078125 0.0078125
0 0.345703125 0.724609375 0.005859375 0.005859375
0 0.271484375 0.732421875 0.00390625 0.005859375
0 0.306640625 0.740234375 0.005859375 0.0078125
0 0.33203125 0.7421875 0.005859375 0.005859375
0 0.423828125 0.74609375 0.001953125 -0.001953125
