1 0.3984375 0.349609375 0.052734375 0.07421875
1 0.435546875 0.392578125 0.0625 0.09765625
1 0.517578125 0.416015625 0.068359375 0.103515625
1 0.638671875 0.515625 0.09375 0.255859375
1 0.373046875 0.439453125 0.05859375 0.091796875
1 0.443359375 0.470703125 0.0625 0.087890625
1 0.525390625 0.498046875 0.068359375 0.095703125
1 0.41796875 0.53515625 0.125 0.1171875
1 0.5546875 0.58203125 0.06640625 0.08203125
1 0.421875 0.599609375 0.056640625 0.06640625
1 0.490234375 0.6328125 0.0625 0.076171875
1 0.5703125 0.658203125 0.072265625 0.09765625
1 0.66015625 0.689453125 0.07421875 0.10546875
1 0.697265625 0.6953125 0.056640625 0.08203125
