1 0.654296875 0.310546875 0.064453125 0.111328125
1 0.578125 0.3203125 0.060546875 0.103515625
1 0.306640625 0.376953125 0.044921875 0.08984375
1 0.537109375 0.37109375 0.0078125 0.021484375
1 0.658203125 0.419921875 0.06640625 0.10546875
1 0.580078125 0.4296875 0.0625 0.103515625
1 0.5078125 0.4921875 0.060546875 0.19921875
1 0.396484375 0.451171875 0.109375 0.10546875
1 0.306640625 0.46484375 0.044921875 0.087890625
1 0.66015625 0.533203125 0.0703125 0.109375
1 0.578125 0.53515625 0.0625 0.10546875
1 0.419921875 0.55078125 0.052734375 0.09765625
1 0.365234375 0.55859375 0.046875 0.091796875
1 0.302734375 0.564453125 0.048828125 0.08984375
1 0.572265625 0.650390625 0.06640625 0.109375
1 0.65234375 0.650390625 0.07421875 0.107421875
1 0.49609375 0.65234375 0.0625 0.1015625
1 0.416015625 0.654296875 0.0546875 0.095703125
1 0.357421875 0.662109375 0.046875 0.09375
1 0.298828125 0.6640625 0.05078125 0.087890625
