0 0.3671875 0.291015625 0.025390625 0.04296875
0 0.43359375 0.291015625 0.025390625 0.04296875
0 0.533203125 0.291015625 0.02734375 0.04296875
0 0.400390625 0.291015625 0.0234375 0.0390625
0 0.466796875 0.291015625 0.0234375 0.041015625
0 0.5 0.291015625 0.0234375 0.041015625
0 0.56640625 0.291015625 0.025390625 0.041015625
0 0.6015625 0.375 0.05859375 0.12890625
0 0.349609375 0.333984375 0.025390625 0.041015625
0 0.3828125 0.333984375 0.025390625 0.041015625
0 0.41796875 0.333984375 0.0234375 0.041015625
0 0.44921875 0.333984375 0.0234375 0.041015625
0 0.48046875 0.333984375 0.025390625 0.041015625
0 0.515625 0.333984375 0.025390625 0.041015625
0 0.548828125 0.333984375 0.025390625 0.041015625
0 0.333984375 0.376953125 0.025390625 0.04296875
0 0.3671875 0.376953125 0.025390625 0.041015625
0 0.43359375 0.376953125 0.025390625 0.041015625
0 0.5 0.376953125 0.025390625 0.041015625
0 0.56640625 0.376953125 0.025390625 0.041015625
0 0.400390625 0.37890625 0.0234375 0.0390625
0 0.466796875 0.37890625 0.0234375 0.0390625
0 0.533203125 0.37890625 0.0234375 0.041015625
0 0.3359375 0.421875 0.05859375 0.044921875
0 0.451171875 0.419921875 0.0234375 0.041015625
0 0.482421875 0.421875 0.021484375 0.04296875
0 0.548828125 0.419921875 0.025390625 0.041015625
0 0.583984375 0.419921875 0.025390625 0.041015625
0 0.515625 0.421875 0.025390625 0.0390625
0 0.384765625 0.421875 0.0234375 0.037109375
0 0.416015625 0.421875 0.025390625 0.037109375
0 0.744140625 0.43359375 0.00390625 0.013671875
0 0.73046875 0.439453125 0.0078125 0.015625
0 0.302734375 0.4609375 0.025390625 0.041015625
0 0.6015625 0.462890625 0.0234375 0.04296875
0 0.634765625 0.462890625 0.02734375 0.04296875
0 0.3359375 0.462890625 0.025390625 0.041015625
0 0.369140625 0.462890625 0.0234375 0.041015625
0 0.43359375 0.462890625 0.025390625 0.041015625
0 0.46875 0.462890625 0.025390625 0.041015625
0 0.501953125 0.462890625 0.0234375 0.0390625
0 0.53515625 0.462890625 0.0234375 0.041015625
0 0.568359375 0.462890625 0.0234375 0.041015625
0 0.40234375 0.46484375 0.0234375 0.0390625
0 0.71484375 0.458984375 0.0234375 0.015625
0 0.73828125 0.45703125 0.0078125 0.013671875
0 0.697265625 0.4765625 0.0078125 0.013671875
0 0.728515625 0.4765625 0.005859375 0.013671875
0 0.744140625 0.4765625 0.00390625 0.013671875
0 0.71484375 0.48046875 0.0078125 0.01171875
0 0.2890625 0.50390625 0.0234375 0.0390625
0 0.419921875 0.50390625 0.0234375 0.041015625
0 0.6171875 0.50390625 0.0234375 0.0390625
0 0.650390625 0.50390625 0.0234375 0.0390625
0 0.322265625 0.505859375 0.0234375 0.0390625
0 0.353515625 0.505859375 0.025390625 0.041015625
0 0.38671875 0.505859375 0.025390625 0.041015625
0 0.451171875 0.50390625 0.0234375 0.037109375
0 0.484375 0.505859375 0.025390625 0.0390625
0 0.517578125 0.505859375 0.0234375 0.0390625
0 0.55078125 0.505859375 0.025390625 0.0390625
0 0.583984375 0.505859375 0.025390625 0.0390625
0 0.6875 0.49609375 0.009765625 0.013671875
0 0.705078125 0.49609375 0.005859375 0.013671875
0 0.73828125 0.49609375 0.0078125 0.013671875
0 0.72265625 0.5 0.0078125 0.015625
0 0.744140625 0.513671875 0.00390625 0.013671875
0 0.681640625 0.515625 0.0078125 0.013671875
0 0.6953125 0.515625 0.005859375 0.013671875
0 0.712890625 0.515625 0.005859375 0.013671875
0 0.73046875 0.517578125 0.0078125 0.013671875
0 0.435546875 0.546875 0.025390625 0.04296875
0 0.46875 0.546875 0.025390625 0.041015625
0 0.705078125 0.533203125 0.005859375 0.013671875
0 0.30078125 0.548828125 0.025390625 0.0390625
0 0.3359375 0.548828125 0.025390625 0.041015625
0 0.40234375 0.548828125 0.0234375 0.041015625
0 0.501953125 0.546875 0.0234375 0.037109375
0 0.53515625 0.548828125 0.025390625 0.0390625
0 0.568359375 0.548828125 0.025390625 0.0390625
0 0.603515625 0.548828125 0.02734375 0.041015625
0 0.63671875 0.548828125 0.025390625 0.041015625
0 0.673828125 0.533203125 0.005859375 0.009765625
0 0.689453125 0.53515625 0.005859375 0.013671875
0 0.720703125 0.53515625 0.0078125 0.01171875
0 0.73828125 0.53515625 0.0078125 0.013671875
0 0.748046875 0.533203125 -0.00390625 0.009765625
0 0.369140625 0.55078125 0.0234375 0.0390625
0 0.697265625 0.55078125 0.005859375 0.013671875
0 0.66796875 0.5546875 0.005859375 0.013671875
0 0.68359375 0.5546875 0.0078125 0.013671875
0 0.720703125 0.5546875 0.0234375 0.013671875
0 0.744140625 0.5546875 0.00390625 0.013671875
0 0.701171875 0.572265625 0.005859375 0.013671875
0 0.421875 0.587890625 0.0234375 0.041015625
0 0.453125 0.587890625 0.025390625 0.041015625
0 0.486328125 0.587890625 0.0234375 0.0390625
0 0.51953125 0.587890625 0.0234375 0.041015625
0 0.6875 0.57421875 0.0078125 0.013671875
0 0.716796875 0.57421875 0.005859375 0.013671875
0 0.736328125 0.583984375 0.01171875 0.033203125
0 0.671875 0.576171875 0.0078125 0.01171875
0 0.318359375 0.591796875 0.02734375 0.041015625
0 0.384765625 0.58984375 0.0234375 0.037109375
0 0.546875 0.611328125 0.04296875 0.078125
0 0.587890625 0.591796875 0.0234375 0.041015625
0 0.74609375 0.578125 0.0 0.013671875
0 0.3515625 0.59375 0.0234375 0.0390625
0 0.62109375 0.59375 0.025390625 0.041015625
0 0.705078125 0.59375 0.005859375 0.013671875
0 0.720703125 0.59375 0.005859375 0.013671875
0 0.67578125 0.595703125 0.005859375 0.013671875
0 0.69140625 0.59765625 0.0078125 0.01171875
0 0.74609375 0.611328125 0.0 0.013671875
0 0.68359375 0.61328125 0.0078125 0.013671875
0 0.697265625 0.61328125 0.005859375 0.013671875
0 0.712890625 0.61328125 0.0078125 0.013671875
0 0.728515625 0.61328125 0.005859375 0.013671875
0 0.40625 0.62890625 0.0234375 0.0390625
0 0.4375 0.62890625 0.021484375 0.0390625
0 0.470703125 0.62890625 0.0234375 0.037109375
0 0.501953125 0.62890625 0.021484375 0.037109375
0 0.369140625 0.6328125 0.0234375 0.041015625
0 0.5703125 0.6328125 0.021484375 0.0390625
0 0.33203125 0.634765625 0.025390625 0.0390625
0 0.60546875 0.634765625 0.0234375 0.041015625
0 0.720703125 0.630859375 0.0078125 0.013671875
0 0.740234375 0.63671875 0.01171875 0.025390625
0 0.689453125 0.634765625 0.005859375 0.015625
0 0.701171875 0.642578125 0.015625 0.033203125
0 0.73046875 0.646484375 0.0078125 0.013671875
0 0.7109375 0.66015625 0.015625 0.029296875
0 0.40625 0.669921875 0.05859375 0.041015625
0 0.51953125 0.671875 0.0234375 0.04296875
0 0.552734375 0.669921875 0.021484375 0.041015625
0 0.455078125 0.671875 0.0234375 0.0390625
0 0.48828125 0.671875 0.0234375 0.0390625
0 0.3515625 0.673828125 0.025390625 0.0390625
0 0.734375 0.6796875 0.021484375 0.052734375
0 0.587890625 0.67578125 0.0234375 0.0390625
0 0.72265625 0.66796875 0.0078125 0.01171875
0 0.74609375 0.681640625 -0.001953125 0.013671875
0 0.716796875 0.68359375 0.0078125 0.013671875
0 0.40625 0.708984375 0.025390625 0.0390625
0 0.439453125 0.70703125 0.0234375 0.037109375
0 0.470703125 0.7109375 0.021484375 0.0390625
0 0.50390625 0.7109375 0.025390625 0.041015625
0 0.373046875 0.7109375 0.021484375 0.037109375
0 0.568359375 0.712890625 0.0234375 0.041015625
0 0.537109375 0.71484375 0.0234375 0.0390625
0 0.7421875 0.701171875 0.00390625 0.013671875
