0 0.517578125 0.541015625 0.05859375 0.0859375
0 0.595703125 0.580078125 0.083984375 0.166015625
0 0.4375 0.587890625 0.1484375 0.1640625
0 0.548828125 0.623046875 0.052734375 0.08203125
0 0.357421875 0.626953125 0.0546875 0.083984375
0 0.421875 0.626953125 0.05859375 0.080078125
0 0.580078125 0.697265625 0.052734375 0.080078125
0 0.390625 0.703125 0.052734375 0.083984375
0 0.455078125 0.69921875 0.0546875 0.076171875
0 0.517578125 0.703125 0.052734375 0.08203125
0 0.64453125 0.701171875 0.0546875 0.078125
0 0.328125 0.705078125 0.052734375 0.080078125
0 0.673828125 0.7421875 0.03125 0.0078125
0 0.552734375 0.7421875 0.03125 0.005859375
0 0.61328125 0.7421875 0.03125 0.005859375
0 0.486328125 0.744140625 0.0234375 0.001953125
0 0.421875 0.74609375 0.013671875 0.0
