0 0.33203125 0.396484375 0.017578125 0.01953125
0 0.38671875 0.404296875 0.015625 0.017578125
0 0.337890625 0.4296875 0.015625 0.01953125
0 0.3828125 0.4453125 0.01953125 0.021484375
0 0.259765625 0.453125 0.015625 0.021484375
0 0.3203125 0.45703125 0.01953125 0.021484375
0 0.3515625 0.45703125 0.017578125 0.021484375
0 0.431640625 0.474609375 0.015625 0.01953125
0 0.267578125 0.47265625 0.015625 0.013671875
0 0.306640625 0.484375 0.015625 0.01953125
0 0.37890625 0.484375 0.017578125 0.01953125
0 0.337890625 0.48828125 0.017578125 0.01953125
0 0.4453125 0.501953125 0.017578125 0.01953125
0 0.4765625 0.50390625 0.017578125 0.021484375
0 0.2578125 0.505859375 0.013671875 0.021484375
0 0.361328125 0.51171875 0.021484375 0.0234375
0 0.39453125 0.51171875 0.017578125 0.021484375
0 0.2890625 0.513671875 0.017578125 0.01953125
0 0.3203125 0.515625 0.017578125 0.01953125
0 0.50390625 0.525390625 0.017578125 0.01953125
0 0.423828125 0.529296875 0.015625 0.01953125
0 0.4609375 0.53125 0.017578125 0.01953125
0 0.25390625 0.533203125 0.00390625 0.017578125
0 0.27734375 0.5390625 0.015625 0.021484375
0 0.33984375 0.54296875 0.017578125 0.01953125
0 0.296875 0.548828125 0.017578125 0.01953125
0 0.3671875 0.548828125 0.015625 0.01953125
0 0.478515625 0.55859375 0.017578125 0.021484375
0 0.51171875 0.564453125 0.015625 0.01953125
0 0.2578125 0.56640625 0.01171875 0.01953125
0 0.392578125 0.56640625 0.021484375 0.01953125
0 0.4296875 0.56640625 0.017578125 0.01953125
0 0.544921875 0.56640625 0.017578125 0.021484375
0 0.3203125 0.572265625 0.017578125 0.017578125
0 0.28125 0.576171875 0.017578125 0.01953125
0 0.3515625 0.578125 0.01953125 0.0234375
0 0.5703125 0.5859375 0.01953125 0.021484375
0 0.673828125 0.5859375 0.021484375 0.021484375
0 0.638671875 0.587890625 0.021484375 0.01953125
0 0.53125 0.58984375 0.017578125 0.01953125
0 0.48828125 0.595703125 0.017578125 0.01953125
0 0.369140625 0.6015625 0.01953125 0.01953125
0 0.40625 0.6015625 0.017578125 0.021484375
0 0.443359375 0.6015625 0.01953125 0.021484375
0 0.302734375 0.6015625 0.015625 0.017578125
0 0.587890625 0.60546875 0.01953125 0.021484375
0 0.255859375 0.615234375 0.0078125 0.021484375
0 0.3203125 0.615234375 0.01953125 0.01953125
0 0.658203125 0.615234375 0.013671875 0.01953125
0 0.69140625 0.615234375 0.017578125 0.017578125
0 0.728515625 0.6171875 0.01953125 0.021484375
0 0.54296875 0.62109375 0.017578125 0.021484375
0 0.61328125 0.623046875 0.017578125 0.021484375
0 0.5078125 0.625 0.015625 0.01953125
0 0.578125 0.625 0.017578125 0.01953125
0 0.349609375 0.62890625 0.01953125 0.021484375
0 0.380859375 0.634765625 0.017578125 0.01953125
0 0.41796875 0.634765625 0.017578125 0.01953125
0 0.455078125 0.63671875 0.017578125 0.01953125
0 0.271484375 0.640625 0.01953125 0.021484375
0 0.7421875 0.64453125 0.0078125 0.01953125
0 0.30078125 0.646484375 0.01953125 0.01953125
0 0.63671875 0.6484375 0.017578125 0.01953125
0 0.671875 0.6484375 0.01953125 0.01953125
0 0.701171875 0.65625 0.021484375 0.0234375
0 0.564453125 0.654296875 0.015625 0.017578125
0 0.591796875 0.65625 0.021484375 0.021484375
0 0.517578125 0.66015625 0.017578125 0.021484375
0 0.359375 0.666015625 0.017578125 0.0234375
0 0.326171875 0.666015625 0.017578125 0.021484375
0 0.388671875 0.671875 0.01953125 0.021484375
0 0.42578125 0.67578125 0.01953125 0.021484375
0 0.27734375 0.6796875 0.01953125 0.021484375
0 0.255859375 0.68359375 0.009765625 0.01953125
0 0.45703125 0.685546875 0.017578125 0.01953125
0 0.63671875 0.6953125 0.017578125 0.021484375
0 0.744140625 0.693359375 0.00390625 0.017578125
0 0.298828125 0.703125 0.017578125 0.021484375
0 0.333984375 0.703125 0.01953125 0.021484375
0 0.3671875 0.705078125 0.017578125 0.021484375
0 0.40234375 0.70703125 0.01953125 0.021484375
0 0.4375 0.7109375 0.01953125 0.0234375
0 0.521484375 0.7109375 0.021484375 0.021484375
0 0.666015625 0.7109375 0.021484375 0.021484375
0 0.48046875 0.716796875 0.017578125 0.01953125
0 0.552734375 0.71875 0.017578125 0.021484375
0 0.583984375 0.71875 0.01953125 0.021484375
0 0.6953125 0.72265625 0.021484375 0.01953125
