1 0.37109375 0.251953125 0.001953125 0.001953125
1 0.38671875 0.25390625 0.009765625 0.00390625
1 0.40625 0.25390625 0.00390625 0.005859375
1 0.416015625 0.251953125 0.001953125 0.001953125
1 0.33203125 0.255859375 0.013671875 0.005859375
1 0.435546875 0.25390625 0.001953125 0.001953125
1 0.34765625 0.2578125 0.001953125 0.005859375
1 0.328125 0.271484375 0.00390625 0.00390625
1 0.337890625 0.271484375 0.001953125 0.005859375
1 0.34765625 0.2734375 0.001953125 0.00390625
1 0.55859375 0.451171875 0.078125 0.21875
1 0.470703125 0.453125 0.07421875 0.21875
1 0.380859375 0.453125 0.080078125 0.21484375
1 0.642578125 0.455078125 0.087890625 0.212890625
1 0.72265625 0.494140625 0.01171875 0.025390625
1 0.6875 0.513671875 0.005859375 0.009765625
1 0.712890625 0.51953125 0.013671875 0.021484375
1 0.373046875 0.650390625 0.0703125 0.16796875
1 0.451171875 0.65234375 0.068359375 0.162109375
1 0.52734375 0.65234375 0.06640625 0.162109375
1 0.6015625 0.650390625 0.07421875 0.158203125
1 0.677734375 0.654296875 0.080078125 0.166015625
1 0.291015625 0.662109375 0.078125 0.166015625
