0 0.55859375 0.337890625 0.025390625 0.052734375
0 0.59375 0.353515625 0.025390625 0.05078125
0 0.625 0.365234375 0.021484375 0.046875
0 0.54296875 0.384765625 0.033203125 0.0546875
0 0.65234375 0.380859375 0.017578125 0.041015625
0 0.580078125 0.3984375 0.0234375 0.052734375
0 0.611328125 0.408203125 0.021484375 0.048828125
0 0.640625 0.421875 0.01953125 0.044921875
0 0.5234375 0.435546875 0.033203125 0.056640625
0 0.66796875 0.431640625 0.015625 0.041015625
0 0.5625 0.4453125 0.02734375 0.052734375
0 0.59765625 0.455078125 0.0234375 0.048828125
0 0.626953125 0.46484375 0.021484375 0.044921875
0 0.65625 0.47265625 0.01953125 0.044921875
0 0.5078125 0.490234375 0.033203125 0.05859375
0 0.68359375 0.48046875 0.017578125 0.041015625
0 0.548828125 0.49609375 0.029296875 0.052734375
0 0.58203125 0.50390625 0.025390625 0.052734375
0 0.609375 0.537109375 0.033203125 0.1015625
0 0.64453125 0.515625 0.021484375 0.044921875
0 0.662109375 0.548828125 0.076171875 0.08984375
0 0.5234375 0.55859375 0.033203125 0.05859375
0 0.568359375 0.556640625 0.029296875 0.056640625
0 0.689453125 0.578125 0.015625 0.044921875
0 0.544921875 0.6171875 0.033203125 0.060546875
0 0.5859375 0.615234375 0.029296875 0.052734375
0 0.619140625 0.6171875 0.021484375 0.05078125
0 0.6484375 0.6171875 0.017578125 0.046875
0 0.67578125 0.62109375 0.017578125 0.044921875
0 0.568359375 0.669921875 0.029296875 0.056640625
0 0.603515625 0.671875 0.025390625 0.052734375
0 0.63671875 0.669921875 0.01953125 0.046875
0 0.6640625 0.669921875 0.01953125 0.046875
