0 0.3828125 0.27734375 0.0390625 0.029296875
0 0.5234375 0.296875 0.04296875 0.068359375
0 0.435546875 0.330078125 0.080078125 0.111328125
0 0.59375 0.3203125 0.02734375 0.068359375
0 0.626953125 0.341796875 0.017578125 0.056640625
0 0.515625 0.36328125 0.048828125 0.083984375
0 0.67578125 0.375 0.0078125 0.03515625
0 0.69140625 0.3828125 0.00390625 0.029296875
0 0.611328125 0.3984375 0.021484375 0.0546875
0 0.63671875 0.380859375 0.0078125 0.01171875
0 0.546875 0.39453125 0.001953125 0.017578125
0 0.71875 0.40234375 0.0 0.01953125
0 0.48046875 0.4453125 0.060546875 0.091796875
0 0.728515625 0.408203125 -0.00390625 0.013671875
0 0.68359375 0.423828125 0.00390625 0.033203125
0 0.546875 0.453125 0.0390625 0.072265625
0 0.72265625 0.439453125 0.0 0.015625
0 0.625 0.462890625 0.017578125 0.0546875
0 0.671875 0.46875 0.009765625 0.03125
0 0.689453125 0.47265625 0.005859375 0.02734375
0 0.705078125 0.47265625 0.0 0.021484375
0 0.515625 0.53515625 0.048828125 0.08203125
0 0.609375 0.5234375 0.021484375 0.0546875
0 0.638671875 0.51953125 0.013671875 0.044921875
0 0.720703125 0.505859375 0.0 0.013671875
0 0.5546875 0.529296875 0.017578125 0.056640625
0 0.681640625 0.51171875 0.00390625 0.021484375
0 0.73046875 0.5078125 -0.00390625 0.0078125
0 0.71484375 0.54296875 0.0 0.01953125
0 0.724609375 0.5390625 -0.001953125 0.013671875
0 0.689453125 0.5546875 0.00390625 0.029296875
0 0.671875 0.560546875 0.009765625 0.033203125
0 0.6328125 0.568359375 0.01171875 0.03515625
0 0.591796875 0.59375 0.02734375 0.0625
0 0.71875 0.57421875 0.001953125 0.017578125
0 0.39453125 0.60546875 0.05859375 0.0703125
0 0.544921875 0.609375 0.037109375 0.076171875
0 0.708984375 0.583984375 0.0 0.021484375
0 0.697265625 0.58984375 0.00390625 0.029296875
0 0.6796875 0.6015625 0.005859375 0.03125
0 0.638671875 0.626953125 0.013671875 0.044921875
0 0.568359375 0.671875 0.029296875 0.06640625
0 0.515625 0.705078125 0.048828125 0.08203125
