1 0.400390625 0.294921875 0.068359375 0.06640625
1 0.55859375 0.294921875 0.068359375 0.06640625
1 0.638671875 0.294921875 0.068359375 0.06640625
1 0.48046875 0.298828125 0.06640625 0.06640625
1 0.271484375 0.314453125 0.0390625 0.06640625
1 0.400390625 0.375 0.068359375 0.064453125
1 0.556640625 0.375 0.068359375 0.064453125
1 0.638671875 0.375 0.06640625 0.064453125
1 0.478515625 0.37890625 0.06640625 0.0625
1 0.271484375 0.390625 0.0390625 0.060546875
1 0.63671875 0.451171875 0.068359375 0.068359375
1 0.478515625 0.455078125 0.06640625 0.0625
1 0.556640625 0.455078125 0.068359375 0.0625
1 0.3984375 0.45703125 0.06640625 0.064453125
1 0.271484375 0.46875 0.041015625 0.0625
1 0.474609375 0.533203125 0.064453125 0.06640625
1 0.556640625 0.533203125 0.06640625 0.0625
1 0.396484375 0.53515625 0.068359375 0.060546875
1 0.634765625 0.53515625 0.064453125 0.060546875
1 0.2734375 0.54296875 0.04296875 0.0625
1 0.474609375 0.61328125 0.068359375 0.068359375
1 0.5546875 0.611328125 0.068359375 0.064453125
1 0.396484375 0.615234375 0.064453125 0.06640625
1 0.63671875 0.61328125 0.06640625 0.0625
1 0.275390625 0.619140625 0.048828125 0.0625
1 0.74609375 0.6328125 0.0 0.029296875
1 0.55859375 0.693359375 0.0703125 0.072265625
1 0.634765625 0.693359375 0.068359375 0.064453125
1 0.27734375 0.693359375 0.052734375 0.060546875
1 0.400390625 0.693359375 0.06640625 0.060546875
1 0.478515625 0.6953125 0.06640625 0.0625
1 0.744140625 0.6796875 0.001953125 0.03125
1 0.7421875 0.72265625 0.005859375 0.03125
