0 0.267578125 0.296875 0.033203125 0.072265625
0 0.3671875 0.341796875 0.06640625 0.068359375
0 0.740234375 0.3671875 0.0078125 0.04296875
0 0.703125 0.375 0.037109375 0.0546875
0 0.623046875 0.396484375 0.044921875 0.0546875
0 0.2734375 0.41796875 0.044921875 0.0625
0 0.498046875 0.43359375 0.052734375 0.0546875
0 0.400390625 0.453125 0.05859375 0.056640625
0 0.7265625 0.455078125 0.033203125 0.04296875
0 0.671875 0.462890625 0.037109375 0.048828125
0 0.5703125 0.482421875 0.04296875 0.05078125
0 0.734375 0.513671875 0.017578125 0.044921875
0 0.30859375 0.529296875 0.076171875 0.060546875
0 0.462890625 0.529296875 0.0546875 0.0546875
0 0.60546875 0.53125 0.04296875 0.048828125
0 0.689453125 0.53125 0.033203125 0.04296875
0 0.5390625 0.564453125 0.046875 0.048828125
0 0.380859375 0.599609375 0.064453125 0.056640625
0 0.73828125 0.58984375 0.009765625 0.033203125
0 0.63671875 0.60546875 0.0390625 0.04296875
0 0.705078125 0.607421875 0.03515625 0.041015625
0 0.583984375 0.6171875 0.0390625 0.041015625
0 0.27734375 0.642578125 0.05078125 0.0625
0 0.52734375 0.646484375 0.044921875 0.04296875
0 0.7421875 0.64453125 0.005859375 0.029296875
0 0.70703125 0.65625 0.037109375 0.0390625
0 0.65234375 0.658203125 0.03515625 0.037109375
0 0.4609375 0.669921875 0.04296875 0.046875
0 0.59765625 0.671875 0.03515625 0.044921875
0 0.388671875 0.6875 0.052734375 0.046875
0 0.54296875 0.697265625 0.0390625 0.0390625
0 0.30859375 0.708984375 0.060546875 0.052734375
0 0.4296875 0.73046875 0.046875 0.03125
0 0.357421875 0.740234375 0.052734375 0.009765625
