0 0.90625 0.009765625 0.0625 0.017578125
0 0.57421875 0.015625 0.06640625 0.0234375
0 0.712890625 0.01953125 0.06640625 0.03125
0 0.787109375 0.0078125 0.056640625 0.0078125
0 0.83984375 0.0390625 0.0625 0.041015625
0 0.974609375 0.037109375 0.041015625 0.029296875
0 0.490234375 0.046875 0.05859375 0.0390625
0 0.91015625 0.048828125 0.06640625 0.044921875
0 0.30078125 0.064453125 0.033203125 0.03515625
0 0.62890625 0.064453125 0.064453125 0.037109375
0 0.5390625 0.068359375 0.056640625 0.041015625
0 0.767578125 0.076171875 0.060546875 0.041015625
0 0.982421875 0.078125 0.02734375 0.0390625
0 0.8984375 0.150390625 0.072265625 0.044921875
0 0.677734375 0.158203125 0.060546875 0.037109375
0 0.984375 0.181640625 0.0234375 0.044921875
0 0.806640625 0.185546875 0.0625 0.0390625
0 0.529296875 0.201171875 0.05859375 0.041015625
0 0.044921875 0.212890625 0.05859375 0.037109375
0 0.6171875 0.220703125 0.0546875 0.03125
0 0.447265625 0.234375 0.064453125 0.04296875
0 0.712890625 0.23828125 0.05078125 0.041015625
0 0.791015625 0.240234375 0.064453125 0.041015625
0 0.01171875 0.240234375 0.017578125 0.03515625
0 0.634765625 0.248046875 0.064453125 0.04296875
0 0.55078125 0.265625 0.064453125 0.03125
0 0.884765625 0.26953125 0.060546875 0.041015625
0 0.333984375 0.2734375 0.056640625 0.041015625
0 0.8203125 0.29296875 0.056640625 0.041015625
0 0.966796875 0.291015625 0.0546875 0.037109375
0 0.39453125 0.302734375 0.056640625 0.0390625
0 0.556640625 0.30859375 0.06640625 0.046875
0 0.751953125 0.306640625 0.06640625 0.044921875
0 0.65625 0.3046875 0.056640625 0.033203125
0 0.4765625 0.310546875 0.05859375 0.041015625
0 0.904296875 0.32421875 0.060546875 0.046875
0 0.98046875 0.330078125 0.03125 0.05078125
0 0.6796875 0.330078125 0.064453125 0.048828125
0 0.763671875 0.359375 0.072265625 0.048828125
0 0.388671875 0.357421875 0.068359375 0.041015625
0 0.591796875 0.365234375 0.0703125 0.044921875
0 0.845703125 0.365234375 0.05078125 0.04296875
0 0.927734375 0.376953125 0.072265625 0.046875
0 0.12109375 0.390625 0.052734375 0.0390625
0 0.416015625 0.41015625 0.064453125 0.048828125
0 0.98828125 0.4140625 0.015625 0.04296875
0 0.708984375 0.41796875 0.068359375 0.041015625
0 0.859375 0.423828125 0.072265625 0.048828125
0 0.513671875 0.419921875 0.060546875 0.037109375
0 0.30859375 0.42578125 0.056640625 0.033203125
0 0.068359375 0.43359375 0.04296875 0.033203125
0 0.224609375 0.4375 0.056640625 0.041015625
0 0.15625 0.435546875 0.025390625 0.02734375
0 0.6171875 0.44921875 0.072265625 0.046875
0 0.109375 0.455078125 0.07421875 0.05078125
0 0.45703125 0.458984375 0.056640625 0.04296875
0 0.537109375 0.46484375 0.068359375 0.048828125
0 0.32421875 0.466796875 0.0625 0.04296875
0 0.708984375 0.470703125 0.076171875 0.052734375
0 0.919921875 0.478515625 0.072265625 0.05078125
0 0.80078125 0.484375 0.072265625 0.0546875
0 0.40234375 0.486328125 0.078125 0.048828125
0 0.58203125 0.517578125 0.072265625 0.052734375
0 0.986328125 0.509765625 0.017578125 0.03515625
0 0.498046875 0.51953125 0.0546875 0.033203125
0 0.27734375 0.537109375 0.064453125 0.044921875
0 0.8203125 0.54296875 0.072265625 0.05078125
0 0.3671875 0.552734375 0.07421875 0.0546875
0 0.21484375 0.5625 0.033203125 0.04296875
0 0.966796875 0.564453125 0.05859375 0.048828125
0 0.494140625 0.583984375 0.078125 0.056640625
0 0.775390625 0.583984375 0.076171875 0.0546875
0 0.576171875 0.6015625 0.076171875 0.05859375
0 0.86328125 0.615234375 0.080078125 0.056640625
0 0.681640625 0.607421875 0.068359375 0.037109375
0 0.931640625 0.62109375 0.037109375 0.056640625
0 0.990234375 0.62109375 0.01171875 0.037109375
0 0.6171875 0.642578125 0.080078125 0.046875
0 0.400390625 0.6640625 0.076171875 0.056640625
0 0.708984375 0.662109375 0.072265625 0.052734375
0 0.021484375 0.66796875 0.0390625 0.03125
0 0.966796875 0.68359375 0.05859375 0.056640625
0 0.517578125 0.697265625 0.078125 0.060546875
0 0.60546875 0.69921875 0.080078125 0.064453125
0 0.916015625 0.7109375 0.08203125 0.056640625
0 0.033203125 0.716796875 0.060546875 0.056640625
0 0.802734375 0.71875 0.07421875 0.056640625
0 0.32421875 0.73046875 0.0625 0.046875
0 0.224609375 0.736328125 0.060546875 0.052734375
0 0.419921875 0.744140625 0.076171875 0.0625
0 0.98828125 0.763671875 0.015625 0.0546875
0 0.294921875 0.791015625 0.068359375 0.05078125
0 0.482421875 0.80859375 0.083984375 0.064453125
0 0.69921875 0.84765625 0.087890625 0.06640625
0 0.224609375 0.845703125 0.072265625 0.052734375
0 0.591796875 0.865234375 0.0859375 0.068359375
0 0.82421875 0.865234375 0.078125 0.05859375
0 0.923828125 0.884765625 0.080078125 0.0625
0 0.09765625 0.896484375 0.068359375 0.0546875
0 0.2265625 0.91796875 0.072265625 0.056640625
0 0.14453125 0.9609375 0.072265625 0.056640625
0 0.81640625 0.974609375 0.08203125 0.04296875
0 0.9375 0.974609375 0.080078125 0.041015625
