1 0.39453125 0.27734375 0.10546875 0.052734375
1 0.513671875 0.265625 0.1015625 0.029296875
1 0.62890625 0.255859375 0.083984375 0.0078125
1 0.724609375 0.279296875 0.037109375 0.046875
1 0.638671875 0.29296875 0.099609375 0.056640625
1 0.51953125 0.31640625 0.1015625 0.05859375
1 0.40234375 0.3359375 0.10546875 0.056640625
1 0.728515625 0.337890625 0.029296875 0.046875
1 0.650390625 0.349609375 0.1015625 0.056640625
1 0.52734375 0.373046875 0.103515625 0.056640625
1 0.412109375 0.392578125 0.111328125 0.0625
1 0.734375 0.3984375 0.0234375 0.044921875
1 0.662109375 0.41015625 0.1015625 0.060546875
1 0.53515625 0.43359375 0.1015625 0.060546875
1 0.421875 0.453125 0.111328125 0.0625
1 0.673828125 0.466796875 0.103515625 0.064453125
1 0.73828125 0.455078125 0.01171875 0.041015625
1 0.546875 0.490234375 0.103515625 0.064453125
1 0.431640625 0.513671875 0.109375 0.064453125
1 0.7421875 0.51171875 0.001953125 0.03515625
1 0.68359375 0.52734375 0.103515625 0.0625
1 0.5546875 0.548828125 0.103515625 0.064453125
1 0.439453125 0.572265625 0.10546875 0.064453125
1 0.744140625 0.564453125 0.00390625 0.02734375
1 0.689453125 0.5859375 0.1015625 0.060546875
1 0.55859375 0.607421875 0.099609375 0.0625
1 0.4453125 0.630859375 0.103515625 0.064453125
1 0.744140625 0.625 0.00390625 0.029296875
1 0.6875 0.642578125 0.095703125 0.056640625
1 0.568359375 0.662109375 0.1015625 0.05859375
1 0.458984375 0.6875 0.10546875 0.068359375
1 0.697265625 0.69921875 0.095703125 0.060546875
1 0.587890625 0.71875 0.1015625 0.052734375
1 0.474609375 0.732421875 0.1015625 0.02734375
