0 0.3515625 0.353515625 0.033203125 0.04296875
0 0.3359375 0.3984375 0.029296875 0.046875
0 0.376953125 0.40234375 0.02734375 0.044921875
0 0.404296875 0.43359375 0.046875 0.083984375
0 0.458984375 0.416015625 0.029296875 0.046875
0 0.318359375 0.45703125 0.03515625 0.076171875
0 0.359375 0.4453125 0.025390625 0.04296875
0 0.439453125 0.458984375 0.029296875 0.04296875
0 0.482421875 0.46484375 0.03125 0.037109375
0 0.34765625 0.482421875 0.0234375 0.0390625
0 0.380859375 0.4921875 0.02734375 0.037109375
0 0.439453125 0.51953125 0.060546875 0.083984375
0 0.498046875 0.51171875 0.029296875 0.0390625
0 0.298828125 0.513671875 0.0234375 0.03515625
0 0.521484375 0.5546875 0.06640625 0.107421875
0 0.583984375 0.5234375 0.03125 0.04296875
0 0.326171875 0.53515625 0.03125 0.0625
0 0.36328125 0.529296875 0.025390625 0.03515625
0 0.40234375 0.53515625 0.02734375 0.03515625
0 0.2890625 0.546875 0.0234375 0.02734375
0 0.478515625 0.552734375 0.029296875 0.041015625
0 0.3515625 0.560546875 0.025390625 0.03125
0 0.55859375 0.564453125 0.033203125 0.041015625
0 0.603515625 0.5703125 0.037109375 0.041015625
0 0.384765625 0.572265625 0.0234375 0.03515625
0 0.29296875 0.59375 0.046875 0.068359375
0 0.4140625 0.58984375 0.041015625 0.060546875
0 0.65234375 0.580078125 0.0390625 0.041015625
0 0.458984375 0.583984375 0.02734375 0.033203125
0 0.333984375 0.60546875 0.03125 0.0546875
0 0.37109375 0.6015625 0.0234375 0.029296875
0 0.580078125 0.607421875 0.03125 0.0390625
0 0.537109375 0.607421875 0.029296875 0.037109375
0 0.623046875 0.615234375 0.03515625 0.0390625
0 0.263671875 0.61328125 0.01953125 0.03125
0 0.669921875 0.62109375 0.037109375 0.041015625
0 0.4375 0.62109375 0.025390625 0.033203125
0 0.4765625 0.626953125 0.02734375 0.033203125
0 0.365234375 0.625 0.021484375 0.021484375
0 0.39453125 0.630859375 0.017578125 0.01953125
0 0.515625 0.638671875 0.02734375 0.03515625
0 0.44140625 0.65234375 0.056640625 0.044921875
0 0.556640625 0.650390625 0.029296875 0.033203125
0 0.599609375 0.65234375 0.03125 0.03515625
0 0.494140625 0.662109375 0.029296875 0.033203125
0 0.642578125 0.6640625 0.033203125 0.03515625
0 0.69140625 0.671875 0.041015625 0.037109375
0 0.53515625 0.677734375 0.029296875 0.033203125
0 0.576171875 0.697265625 0.029296875 0.033203125
0 0.6640625 0.71484375 0.03515625 0.037109375
0 0.708984375 0.720703125 0.037109375 0.037109375
