0 0.544921875 0.537109375 0.05078125 0.044921875
0 0.482421875 0.544921875 0.044921875 0.044921875
0 0.359375 0.55078125 0.05078125 0.04296875
0 0.607421875 0.556640625 0.05078125 0.046875
0 0.431640625 0.5703125 0.048828125 0.0390625
0 0.53125 0.580078125 0.05078125 0.041015625
0 0.275390625 0.583984375 0.046875 0.0390625
0 0.333984375 0.58984375 0.0390625 0.037109375
0 0.64453125 0.599609375 0.052734375 0.048828125
0 0.388671875 0.595703125 0.044921875 0.037109375
0 0.46875 0.609375 0.044921875 0.0390625
0 0.58203125 0.609375 0.048828125 0.037109375
0 0.263671875 0.615234375 0.025390625 0.03515625
0 0.30859375 0.626953125 0.0390625 0.03125
0 0.525390625 0.6328125 0.044921875 0.0390625
0 0.359375 0.634765625 0.04296875 0.033203125
0 0.419921875 0.638671875 0.044921875 0.03515625
0 0.66015625 0.654296875 0.048828125 0.041015625
0 0.47265625 0.658203125 0.044921875 0.03515625
0 0.576171875 0.6640625 0.048828125 0.037109375
0 0.271484375 0.6640625 0.037109375 0.033203125
0 0.3203125 0.673828125 0.041015625 0.03125
0 0.384765625 0.703125 0.076171875 0.064453125
0 0.42578125 0.689453125 0.041015625 0.033203125
0 0.515625 0.6953125 0.041015625 0.033203125
0 0.296875 0.71484375 0.03515625 0.03515625
0 0.47265625 0.712890625 0.041015625 0.033203125
0 0.345703125 0.720703125 0.04296875 0.03125
