0 0.720703125 0.259765625 0.033203125 0.017578125
0 0.26953125 0.380859375 0.037109375 0.03125
0 0.73828125 0.4453125 0.015625 0.046875
0 0.640625 0.44921875 0.076171875 0.052734375
0 0.708984375 0.49609375 0.07421875 0.052734375
0 0.416015625 0.5 0.076171875 0.052734375
0 0.505859375 0.51953125 0.076171875 0.05078125
0 0.642578125 0.548828125 0.0703125 0.048828125
0 0.287109375 0.57421875 0.0703125 0.0703125
0 0.375 0.568359375 0.07421875 0.05078125
0 0.5546875 0.5703125 0.072265625 0.048828125
0 0.703125 0.59375 0.080078125 0.0859375
0 0.46484375 0.57421875 0.078125 0.044921875
0 0.33984375 0.619140625 0.072265625 0.044921875
0 0.515625 0.623046875 0.0703125 0.046875
0 0.603515625 0.62109375 0.07421875 0.04296875
0 0.41015625 0.642578125 0.1015625 0.072265625
0 0.646484375 0.66015625 0.06640625 0.0390625
0 0.478515625 0.66015625 0.06640625 0.03125
0 0.560546875 0.671875 0.064453125 0.044921875
0 0.734375 0.673828125 0.021484375 0.037109375
0 0.30078125 0.677734375 0.0703125 0.0390625
0 0.68359375 0.7109375 0.060546875 0.037109375
0 0.6015625 0.716796875 0.064453125 0.041015625
0 0.521484375 0.71875 0.06640625 0.0390625
0 0.275390625 0.720703125 0.044921875 0.0390625
0 0.34765625 0.71875 0.064453125 0.037109375
0 0.736328125 0.71484375 0.015625 0.0234375
0 0.439453125 0.7265625 0.0703125 0.0390625
0 0.7265625 0.72265625 -0.00390625 -0.001953125
