1 0.486328125 0.5625 0.06640625 0.09765625
1 0.724609375 0.578125 0.041015625 0.095703125
1 0.2734375 0.5859375 0.04296875 0.087890625
1 0.650390625 0.587890625 0.068359375 0.091796875
1 0.56640625 0.58984375 0.06640625 0.091796875
1 0.3359375 0.591796875 0.06640625 0.08984375
1 0.41015625 0.591796875 0.064453125 0.091796875
1 0.736328125 0.6796875 0.01953125 0.0859375
1 0.259765625 0.68359375 0.017578125 0.078125
1 0.607421875 0.69140625 0.0625 0.08984375
1 0.3046875 0.69140625 0.060546875 0.083984375
1 0.68359375 0.693359375 0.06640625 0.0859375
1 0.53125 0.693359375 0.064453125 0.083984375
1 0.37890625 0.703125 0.06640625 0.0859375
1 0.453125 0.703125 0.068359375 0.0859375
