1 0.4140625 0.427734375 0.037109375 0.033203125
1 0.513671875 0.427734375 0.03515625 0.033203125
1 0.3359375 0.431640625 0.0390625 0.03515625
1 0.625 0.431640625 0.0390625 0.03515625
1 0.2734375 0.431640625 0.037109375 0.03125
1 0.716796875 0.435546875 0.044921875 0.0390625
1 0.62109375 0.482421875 0.03515625 0.03125
1 0.728515625 0.48046875 0.033203125 0.029296875
1 0.421875 0.48046875 0.033203125 0.0234375
1 0.568359375 0.484375 0.03515625 0.03125
1 0.67578125 0.484375 0.0390625 0.03125
1 0.46875 0.484375 0.033203125 0.029296875
1 0.515625 0.484375 0.033203125 0.029296875
1 0.26953125 0.474609375 -0.00390625 -0.00390625
1 0.291015625 0.4921875 0.037109375 0.03125
1 0.25390625 0.494140625 0.005859375 0.029296875
1 0.3515625 0.49609375 0.037109375 0.029296875
1 0.447265625 0.5234375 0.02734375 0.02734375
1 0.5 0.52734375 0.02734375 0.02734375
1 0.265625 0.521484375 0.02734375 0.013671875
1 0.3203125 0.525390625 0.029296875 0.021484375
1 0.591796875 0.53125 0.029296875 0.025390625
1 0.373046875 0.53125 0.029296875 0.015625
1 0.548828125 0.533203125 0.03125 0.021484375
1 0.634765625 0.53515625 0.03125 0.025390625
1 0.720703125 0.537109375 0.0390625 0.029296875
1 0.466796875 0.556640625 0.0234375 0.01953125
1 0.265625 0.55859375 0.029296875 0.01953125
1 0.333984375 0.56640625 0.033203125 0.0234375
1 0.517578125 0.564453125 0.025390625 0.021484375
1 0.568359375 0.56640625 0.025390625 0.021484375
1 0.39453125 0.572265625 0.029296875 0.0234375
1 0.609375 0.580078125 0.03125 0.0234375
1 0.65625 0.580078125 0.03125 0.0234375
1 0.71875 0.5859375 0.033203125 0.0234375
1 0.28125 0.595703125 0.02734375 0.017578125
1 0.33203125 0.6015625 0.02734375 0.017578125
1 0.458984375 0.603515625 0.0234375 0.01953125
1 0.513671875 0.607421875 0.025390625 0.025390625
1 0.380859375 0.607421875 0.02734375 0.021484375
1 0.568359375 0.607421875 0.02734375 0.01953125
1 0.607421875 0.615234375 0.02734375 0.0234375
1 0.65234375 0.6171875 0.025390625 0.01953125
1 0.708984375 0.6171875 0.03125 0.01953125
1 0.287109375 0.623046875 0.025390625 0.015625
1 0.431640625 0.626953125 0.0234375 0.017578125
1 0.337890625 0.62890625 0.0234375 0.015625
1 0.478515625 0.630859375 0.0234375 0.017578125
1 0.384765625 0.63671875 0.021484375 0.015625
1 0.5234375 0.6484375 0.02734375 0.03125
1 0.572265625 0.638671875 0.025390625 0.013671875
1 0.640625 0.640625 0.02734375 0.017578125
1 0.703125 0.64453125 0.02734375 0.015625
1 0.412109375 0.65234375 0.015625 0.017578125
1 0.30859375 0.654296875 0.0234375 0.017578125
1 0.48828125 0.654296875 0.017578125 0.013671875
1 0.453125 0.658203125 0.021484375 0.015625
1 0.34375 0.66015625 0.01953125 0.017578125
1 0.548828125 0.658203125 0.017578125 0.013671875
1 0.373046875 0.669921875 0.02734375 0.02734375
1 0.578125 0.66796875 0.0234375 0.015625
1 0.31640625 0.677734375 0.01953125 0.01171875
1 0.646484375 0.681640625 0.025390625 0.021484375
1 0.611328125 0.68359375 0.025390625 0.01953125
1 0.681640625 0.68359375 0.029296875 0.017578125
1 0.34765625 0.6796875 0.017578125 0.005859375
1 0.484375 0.689453125 0.01953125 0.015625
1 0.451171875 0.689453125 0.01953125 0.013671875
1 0.6484375 0.72265625 0.025390625 0.01953125
1 0.578125 0.720703125 0.0234375 0.013671875
1 0.61328125 0.72265625 0.0234375 0.017578125
1 0.689453125 0.73046875 0.029296875 0.015625
