1 0.482421875 0.29296875 0.041015625 0.07421875
1 0.53125 0.30078125 0.03125 0.064453125
1 0.7421875 0.298828125 0.005859375 0.060546875
1 0.560546875 0.306640625 0.017578125 0.0625
1 0.501953125 0.3828125 0.033203125 0.072265625
1 0.650390625 0.373046875 0.013671875 0.05078125
1 0.5390625 0.380859375 0.025390625 0.0625
1 0.57421875 0.37890625 0.021484375 0.05859375
1 0.607421875 0.375 0.017578125 0.052734375
1 0.67578125 0.37109375 0.0078125 0.04296875
1 0.744140625 0.36328125 0.001953125 0.02734375
1 0.693359375 0.3671875 0.009765625 0.03125
1 0.396484375 0.388671875 0.048828125 0.0703125
1 0.73046875 0.3671875 0.00390625 0.029296875
1 0.32421875 0.41796875 0.064453125 0.083984375
1 0.7421875 0.400390625 0.001953125 0.02734375
1 0.7265625 0.404296875 0.005859375 0.029296875
1 0.67578125 0.408203125 0.0078125 0.03125
1 0.69140625 0.41015625 0.009765625 0.0234375
1 0.62890625 0.419921875 0.013671875 0.02734375
1 0.587890625 0.4375 0.013671875 0.048828125
1 0.603515625 0.42578125 -0.001953125 0.025390625
1 0.548828125 0.453125 0.05078125 0.0703125
1 0.73828125 0.4375 0.001953125 0.025390625
1 0.7265625 0.44140625 0.00390625 0.029296875
1 0.46484375 0.458984375 0.02734375 0.05859375
1 0.712890625 0.4453125 0.005859375 0.025390625
1 0.673828125 0.44921875 0.0078125 0.029296875
1 0.658203125 0.44140625 0.0078125 0.009765625
1 0.427734375 0.4765625 0.046875 0.07421875
1 0.73828125 0.46875 0.00390625 0.0234375
1 0.654296875 0.48046875 0.009765625 0.04296875
1 0.7265625 0.4765625 0.00390625 0.0234375
1 0.357421875 0.51171875 0.05859375 0.091796875
1 0.625 0.490234375 0.013671875 0.046875
1 0.6015625 0.498046875 0.017578125 0.0546875
1 0.708984375 0.484375 0.005859375 0.025390625
1 0.67578125 0.5 0.0078125 0.037109375
1 0.6953125 0.494140625 0.0078125 0.025390625
1 0.740234375 0.494140625 0.00390625 0.017578125
1 0.5390625 0.525390625 0.02734375 0.068359375
1 0.732421875 0.490234375 -0.00390625 -0.00390625
1 0.728515625 0.501953125 0.0 0.015625
1 0.48828125 0.5390625 0.0390625 0.076171875
1 0.703125 0.525390625 0.009765625 0.025390625
1 0.421875 0.5546875 0.04296875 0.076171875
1 0.62890625 0.54296875 0.015625 0.046875
1 0.67578125 0.529296875 0.00390625 0.0078125
1 0.603515625 0.5546875 0.01953125 0.056640625
1 0.689453125 0.548828125 0.0 0.01953125
1 0.572265625 0.5703125 0.021484375 0.060546875
1 0.673828125 0.556640625 0.009765625 0.03125
1 0.65625 0.560546875 0.001953125 0.017578125
1 0.642578125 0.576171875 0.01171875 0.04296875
1 0.53515625 0.58984375 0.029296875 0.0625
1 0.490234375 0.609375 0.03125 0.068359375
1 0.607421875 0.59375 0.017578125 0.029296875
1 0.578125 0.615234375 0.021484375 0.03515625
1 0.443359375 0.64453125 0.04296875 0.08984375
1 0.62109375 0.623046875 0.01171875 0.0234375
1 0.53125 0.650390625 0.0546875 0.076171875
1 0.59765625 0.63671875 0.01171875 0.037109375
1 0.578125 0.65625 0.01171875 0.05078125
1 0.48046875 0.681640625 0.0390625 0.0625
1 0.548828125 0.68359375 0.0234375 0.048828125
1 0.43359375 0.69921875 0.041015625 0.025390625
