0 0.3828125 0.322265625 0.05859375 0.142578125
0 0.45703125 0.333984375 0.064453125 0.16015625
0 0.2734375 0.45703125 0.044921875 0.162109375
0 0.34375 0.474609375 0.052734375 0.166015625
0 0.41796875 0.484375 0.05859375 0.173828125
0 0.5 0.513671875 0.0703125 0.185546875
0 0.583984375 0.52734375 0.0703125 0.1875
0 0.31640625 0.6171875 0.048828125 0.154296875
0 0.384765625 0.63671875 0.05078125 0.162109375
0 0.4375 0.685546875 0.064453125 0.119140625
0 0.5234375 0.703125 0.072265625 0.0859375
0 0.6171875 0.703125 0.072265625 0.083984375
0 0.2734375 0.71484375 0.041015625 0.060546875
0 0.345703125 0.73046875 0.0390625 0.029296875
