1 0.625 0.265625 0.091796875 0.146484375
1 0.494140625 0.28515625 0.099609375 0.142578125
1 0.689453125 0.333984375 0.087890625 0.142578125
1 0.939453125 0.291015625 0.0625 0.0546875
1 0.990234375 0.296875 0.01171875 0.04296875
1 0.5625 0.359375 0.095703125 0.158203125
1 0.455078125 0.40234375 0.09765625 0.158203125
1 0.966796875 0.38671875 0.056640625 0.09375
1 0.359375 0.404296875 0.07421875 0.119140625
1 0.744140625 0.419921875 0.087890625 0.13671875
1 0.888671875 0.40234375 0.0625 0.103515625
1 0.638671875 0.44140625 0.095703125 0.1484375
1 0.5234375 0.4765625 0.099609375 0.142578125
1 0.31640625 0.505859375 0.099609375 0.146484375
1 0.95703125 0.49609375 0.0546875 0.09375
1 0.41796875 0.525390625 0.091796875 0.142578125
1 0.58984375 0.5390625 0.091796875 0.134765625
1 0.6953125 0.5390625 0.0859375 0.134765625
1 0.794921875 0.5234375 0.05859375 0.103515625
1 0.869140625 0.525390625 0.064453125 0.099609375
1 0.486328125 0.5859375 0.09375 0.142578125
1 0.263671875 0.6015625 0.103515625 0.150390625
1 0.0703125 0.62109375 0.103515625 0.146484375
1 0.365234375 0.619140625 0.095703125 0.140625
1 0.935546875 0.599609375 0.0625 0.091796875
1 0.986328125 0.59765625 0.01953125 0.0859375
1 0.171875 0.65234375 0.09765625 0.140625
1 0.7890625 0.640625 0.064453125 0.09765625
1 0.861328125 0.640625 0.06640625 0.09765625
1 0.6328125 0.666015625 0.064453125 0.11328125
1 0.71484375 0.66015625 0.06640625 0.1015625
1 0.556640625 0.67578125 0.0625 0.103515625
1 0.4375 0.693359375 0.087890625 0.125
1 0.32421875 0.734375 0.099609375 0.140625
1 0.0546875 0.70703125 0.083984375 0.0546875
1 0.2265625 0.767578125 0.0703125 0.09765625
1 0.037109375 0.802734375 0.0703125 0.13671875
1 0.140625 0.8046875 0.08203125 0.119140625
1 0.951171875 0.8125 0.05859375 0.103515625
1 0.994140625 0.80859375 0.00390625 0.076171875
1 0.880859375 0.826171875 0.0625 0.09765625
1 0.810546875 0.830078125 0.06640625 0.1015625
1 0.736328125 0.84765625 0.068359375 0.087890625
1 0.658203125 0.861328125 0.064453125 0.091796875
1 0.578125 0.875 0.064453125 0.099609375
1 0.302734375 0.88671875 0.078125 0.109375
1 0.5 0.892578125 0.060546875 0.09765625
1 0.046875 0.91015625 0.083984375 0.123046875
1 0.419921875 0.8984375 0.068359375 0.09765625
1 0.166015625 0.908203125 0.08203125 0.109375
1 0.9453125 0.9140625 0.064453125 0.09765625
1 0.9921875 0.90625 0.0078125 0.08203125
1 0.875 0.927734375 0.05859375 0.08203125
1 0.802734375 0.935546875 0.05859375 0.087890625
1 0.7265625 0.9453125 0.05859375 0.076171875
1 0.650390625 0.9609375 0.056640625 0.0703125
1 0.576171875 0.96484375 0.060546875 0.060546875
1 0.49609375 0.974609375 0.0625 0.04296875
1 0.416015625 0.9765625 0.060546875 0.037109375
1 0.94140625 0.982421875 0.056640625 0.02734375
1 0.84375 0.98828125 0.115234375 0.015625
1 0.767578125 0.984375 -0.001953125 -0.001953125
1 0.748046875 0.994140625 0.015625 0.00390625
