1 0.533203125 0.275390625 0.01171875 0.021484375
1 0.55859375 0.27734375 0.01171875 0.021484375
1 0.580078125 0.28125 0.009765625 0.01953125
1 0.599609375 0.291015625 0.009765625 0.01953125
1 0.619140625 0.294921875 0.009765625 0.01953125
1 0.640625 0.294921875 0.009765625 0.01953125
1 0.533203125 0.30859375 0.01171875 0.01953125
1 0.5546875 0.30859375 0.01171875 0.01953125
1 0.576171875 0.30859375 0.009765625 0.021484375
1 0.67578125 0.314453125 0.013671875 0.0234375
1 0.595703125 0.322265625 0.009765625 0.021484375
1 0.662109375 0.32421875 0.01171875 0.0234375
1 0.697265625 0.322265625 0.01171875 0.021484375
1 0.615234375 0.32421875 0.01171875 0.01953125
1 0.634765625 0.32421875 0.009765625 0.01953125
1 0.720703125 0.32421875 0.01171875 0.01953125
1 0.5546875 0.337890625 0.01171875 0.021484375
1 0.53125 0.341796875 0.01171875 0.0234375
1 0.576171875 0.33984375 0.009765625 0.021484375
1 0.595703125 0.3515625 0.01171875 0.021484375
1 0.615234375 0.357421875 0.01171875 0.021484375
1 0.638671875 0.357421875 0.01171875 0.021484375
1 0.681640625 0.357421875 0.0078125 0.021484375
1 0.701171875 0.357421875 0.009765625 0.01953125
1 0.716796875 0.357421875 0.005859375 0.021484375
1 0.52734375 0.373046875 0.01171875 0.025390625
1 0.552734375 0.373046875 0.015625 0.025390625
1 0.57421875 0.375 0.009765625 0.013671875
1 0.662109375 0.38671875 0.01171875 0.025390625
1 0.69921875 0.384765625 0.009765625 0.01953125
1 0.591796875 0.3828125 0.009765625 0.01171875
1 0.681640625 0.388671875 0.0078125 0.0234375
1 0.61328125 0.38671875 0.013671875 0.017578125
1 0.634765625 0.38671875 0.01171875 0.017578125
1 0.71875 0.388671875 0.009765625 0.021484375
1 0.578125 0.40234375 0.01171875 0.025390625
1 0.529296875 0.404296875 0.013671875 0.0234375
1 0.552734375 0.40234375 0.01171875 0.021484375
1 0.599609375 0.408203125 0.009765625 0.025390625
1 0.619140625 0.416015625 0.01171875 0.021484375
1 0.638671875 0.41796875 0.01171875 0.0234375
1 0.70703125 0.41796875 0.02734375 0.025390625
1 0.662109375 0.419921875 0.01171875 0.01953125
1 0.681640625 0.419921875 0.0078125 0.021484375
1 0.5546875 0.43359375 0.01171875 0.0234375
1 0.529296875 0.435546875 0.013671875 0.0234375
1 0.576171875 0.4375 0.009765625 0.025390625
1 0.599609375 0.443359375 0.009765625 0.025390625
1 0.623046875 0.447265625 0.01171875 0.0234375
1 0.64453125 0.44921875 0.01171875 0.01953125
1 0.681640625 0.451171875 0.009765625 0.0234375
1 0.7109375 0.451171875 0.02734375 0.0234375
1 0.662109375 0.453125 0.01171875 0.01953125
1 0.529296875 0.466796875 0.013671875 0.017578125
1 0.552734375 0.470703125 0.013671875 0.0234375
1 0.595703125 0.478515625 0.01171875 0.025390625
1 0.677734375 0.48046875 0.009765625 0.021484375
1 0.701171875 0.48046875 0.009765625 0.021484375
1 0.724609375 0.48046875 0.01171875 0.021484375
1 0.658203125 0.484375 0.0078125 0.0234375
1 0.6328125 0.484375 0.01171875 0.021484375
1 0.53515625 0.498046875 0.017578125 0.025390625
1 0.572265625 0.50390625 0.013671875 0.025390625
1 0.603515625 0.513671875 0.03125 0.02734375
1 0.720703125 0.509765625 0.0078125 0.021484375
1 0.703125 0.51171875 0.01171875 0.021484375
1 0.634765625 0.51953125 0.01171875 0.0234375
1 0.654296875 0.51953125 0.0078125 0.0234375
1 0.67578125 0.51953125 0.01171875 0.0234375
1 0.56640625 0.54296875 0.015625 0.029296875
1 0.701171875 0.54296875 0.01171875 0.021484375
1 0.724609375 0.544921875 0.013671875 0.0234375
1 0.509765625 0.546875 0.015625 0.0234375
1 0.619140625 0.548828125 0.033203125 0.021484375
1 0.65625 0.55078125 0.01171875 0.025390625
1 0.67578125 0.548828125 0.01171875 0.021484375
1 0.5546875 0.5625 0.013671875 0.03125
1 0.51953125 0.578125 0.015625 0.025390625
1 0.599609375 0.580078125 0.01171875 0.02734375
1 0.69921875 0.576171875 0.01171875 0.021484375
1 0.63671875 0.58203125 0.01171875 0.0234375
1 0.54296875 0.603515625 0.017578125 0.033203125
1 0.5703125 0.611328125 0.013671875 0.03125
1 0.71875 0.611328125 0.009765625 0.03125
1 0.591796875 0.615234375 0.013671875 0.025390625
1 0.66015625 0.619140625 0.00390625 0.025390625
1 0.62890625 0.62109375 0.013671875 0.025390625
1 0.67578125 0.62109375 0.009765625 0.025390625
1 0.60546875 0.623046875 0.001953125 0.025390625
1 0.6484375 0.62109375 0.0078125 0.01953125
