0 0.271484375 0.3125 0.0390625 0.123046875
0 0.439453125 0.29296875 0.0546875 0.083984375
0 0.525390625 0.294921875 0.0546875 0.0859375
0 0.337890625 0.27734375 0.01953125 0.044921875
0 0.38671875 0.296875 0.0390625 0.083984375
0 0.609375 0.34375 0.072265625 0.111328125
0 0.326171875 0.34375 0.0234375 0.0390625
0 0.4921875 0.388671875 0.037109375 0.064453125
0 0.353515625 0.462890625 0.08984375 0.173828125
0 0.716796875 0.4140625 0.03515625 0.0546875
0 0.26953125 0.439453125 0.033203125 0.1015625
0 0.619140625 0.443359375 0.0390625 0.05859375
0 0.486328125 0.501953125 0.072265625 0.1171875
0 0.595703125 0.61328125 0.1328125 0.181640625
0 0.255859375 0.6484375 0.0078125 0.107421875
0 0.35546875 0.673828125 0.111328125 0.14453125
