0 0.296875 0.271484375 0.078125 0.0390625
0 0.490234375 0.26171875 0.072265625 0.021484375
0 0.58203125 0.265625 0.076171875 0.029296875
0 0.67578125 0.263671875 0.072265625 0.025390625
0 0.470703125 0.37890625 0.083984375 0.125
0 0.51953125 0.4921875 0.1796875 0.341796875
0 0.66015625 0.384765625 0.08203125 0.1171875
0 0.705078125 0.443359375 0.080078125 0.228515625
0 0.271484375 0.390625 0.0390625 0.115234375
0 0.42578125 0.4921875 0.083984375 0.125
0 0.615234375 0.494140625 0.08203125 0.115234375
0 0.291015625 0.5 0.078125 0.12109375
0 0.56640625 0.603515625 0.078125 0.1171875
0 0.728515625 0.603515625 0.03515625 0.115234375
0 0.658203125 0.60546875 0.080078125 0.115234375
0 0.267578125 0.611328125 0.033203125 0.11328125
0 0.42578125 0.69921875 0.080078125 0.09375
0 0.517578125 0.69921875 0.076171875 0.091796875
0 0.609375 0.69921875 0.080078125 0.091796875
0 0.701171875 0.701171875 0.078125 0.08984375
0 0.29296875 0.701171875 0.08203125 0.087890625
