0 0.3046875 0.27734375 0.033203125 0.05078125
0 0.349609375 0.263671875 0.021484375 0.025390625
0 0.380859375 0.26171875 0.01953125 0.021484375
0 0.408203125 0.259765625 0.01953125 0.015625
0 0.4375 0.255859375 0.0234375 0.009765625
0 0.498046875 0.255859375 0.021484375 0.0078125
0 0.51953125 0.30078125 0.087890625 0.09765625
0 0.583984375 0.267578125 0.025390625 0.03125
0 0.62109375 0.265625 0.0234375 0.029296875
0 0.271484375 0.26953125 0.017578125 0.0234375
0 0.455078125 0.275390625 0.01953125 0.029296875
0 0.25390625 0.275390625 0.001953125 0.021484375
0 0.42578125 0.28125 0.01953125 0.02734375
0 0.396484375 0.287109375 0.021484375 0.02734375
0 0.369140625 0.291015625 0.01953125 0.025390625
0 0.287109375 0.294921875 0.015625 0.025390625
0 0.33984375 0.296875 0.017578125 0.02734375
0 0.59375 0.314453125 0.04296875 0.064453125
0 0.26171875 0.30078125 0.017578125 0.02734375
0 0.56640625 0.30078125 0.0234375 0.029296875
0 0.4375 0.32421875 0.033203125 0.060546875
0 0.5 0.30859375 0.025390625 0.029296875
0 0.412109375 0.314453125 0.021484375 0.029296875
0 0.3671875 0.3359375 0.048828125 0.05859375
0 0.302734375 0.322265625 0.017578125 0.02734375
0 0.27734375 0.326171875 0.017578125 0.025390625
0 0.255859375 0.33203125 0.009765625 0.025390625
0 0.51953125 0.337890625 0.0234375 0.03125
0 0.400390625 0.34765625 0.021484375 0.02734375
0 0.29296875 0.3515625 0.017578125 0.025390625
0 0.267578125 0.357421875 0.017578125 0.025390625
0 0.6953125 0.376953125 0.0390625 0.03125
0 0.705078125 0.423828125 0.080078125 0.064453125
0 0.7109375 0.41015625 0.01953125 0.025390625
0 0.740234375 0.41796875 0.00390625 0.01953125
0 0.677734375 0.470703125 0.0078125 0.025390625
0 0.693359375 0.46875 0.00390625 0.021484375
0 0.705078125 0.46875 0.005859375 0.021484375
0 0.71875 0.47265625 0.005859375 0.021484375
0 0.7421875 0.474609375 0.00390625 0.025390625
0 0.69140625 0.5 0.0078125 0.025390625
0 0.703125 0.501953125 0.005859375 0.02734375
0 0.716796875 0.501953125 0.005859375 0.025390625
0 0.3671875 0.552734375 0.03515625 0.056640625
0 0.404296875 0.537109375 0.017578125 0.025390625
0 0.44921875 0.5703125 0.048828125 0.08984375
0 0.53125 0.5390625 0.025390625 0.02734375
0 0.56640625 0.5390625 0.025390625 0.029296875
0 0.6015625 0.5390625 0.0234375 0.029296875
0 0.265625 0.5390625 0.01953125 0.0234375
0 0.29296875 0.5390625 0.017578125 0.0234375
0 0.2578125 0.56640625 0.01171875 0.0234375
0 0.28125 0.56640625 0.017578125 0.0234375
0 0.517578125 0.568359375 0.0234375 0.029296875
0 0.59375 0.5859375 0.044921875 0.0625
0 0.62109375 0.5703125 0.025390625 0.03125
0 0.306640625 0.568359375 0.013671875 0.0234375
0 0.388671875 0.568359375 0.021484375 0.025390625
0 0.419921875 0.568359375 0.021484375 0.025390625
0 0.525390625 0.5859375 0.072265625 0.060546875
0 0.267578125 0.59375 0.01953125 0.025390625
0 0.30859375 0.595703125 0.04296875 0.025390625
0 0.361328125 0.626953125 0.046875 0.087890625
0 0.404296875 0.599609375 0.021484375 0.02734375
0 0.435546875 0.599609375 0.0234375 0.029296875
0 0.568359375 0.6015625 0.0234375 0.029296875
0 0.638671875 0.603515625 0.0234375 0.02734375
0 0.2578125 0.634765625 0.013671875 0.048828125
0 0.28125 0.623046875 0.017578125 0.025390625
0 0.306640625 0.625 0.017578125 0.02734375
0 0.390625 0.62890625 0.01953125 0.02734375
0 0.41796875 0.62890625 0.021484375 0.029296875
0 0.44921875 0.630859375 0.021484375 0.02734375
0 0.552734375 0.630859375 0.021484375 0.029296875
0 0.51953125 0.6328125 0.025390625 0.02734375
0 0.5859375 0.634765625 0.0234375 0.02734375
0 0.62109375 0.63671875 0.025390625 0.029296875
0 0.26953125 0.650390625 0.015625 0.025390625
0 0.294921875 0.650390625 0.017578125 0.025390625
0 0.419921875 0.66015625 0.05078125 0.029296875
0 0.53515625 0.6640625 0.021484375 0.02734375
0 0.568359375 0.6640625 0.025390625 0.029296875
0 0.603515625 0.666015625 0.02734375 0.02734375
0 0.708984375 0.708984375 0.048828125 0.072265625
