0 0.4765625 0.33984375 0.05078125 0.037109375
0 0.552734375 0.33984375 0.0546875 0.037109375
0 0.65234375 0.33984375 0.048828125 0.03515625
0 0.41015625 0.341796875 0.05078125 0.03515625
0 0.26953125 0.353515625 0.03515625 0.041015625
0 0.32421875 0.3515625 0.056640625 0.037109375
0 0.7109375 0.365234375 0.05078125 0.03515625
0 0.744140625 0.36328125 0.001953125 0.025390625
0 0.595703125 0.375 0.048828125 0.03515625
0 0.365234375 0.3984375 0.078125 0.068359375
0 0.443359375 0.3828125 0.052734375 0.037109375
0 0.509765625 0.384765625 0.05078125 0.037109375
0 0.65234375 0.388671875 0.048828125 0.03515625
0 0.294921875 0.39453125 0.052734375 0.037109375
0 0.7265625 0.421875 0.0390625 0.068359375
0 0.537109375 0.4140625 0.05078125 0.033203125
0 0.4765625 0.41796875 0.046875 0.03125
0 0.6015625 0.419921875 0.05078125 0.03515625
0 0.412109375 0.419921875 0.05078125 0.033203125
0 0.67578125 0.427734375 0.046875 0.03515625
0 0.2734375 0.443359375 0.04296875 0.05859375
0 0.505859375 0.451171875 0.046875 0.033203125
0 0.30859375 0.466796875 0.076171875 0.056640625
0 0.462890625 0.470703125 0.076171875 0.064453125
0 0.578125 0.46875 0.07421875 0.060546875
0 0.63671875 0.470703125 0.072265625 0.060546875
0 0.69921875 0.4609375 0.046875 0.029296875
0 0.41796875 0.486328125 0.046875 0.033203125
0 0.533203125 0.486328125 0.04296875 0.03125
0 0.71875 0.494140625 0.041015625 0.033203125
0 0.271484375 0.515625 0.0390625 0.03125
0 0.310546875 0.529296875 0.068359375 0.052734375
0 0.55859375 0.517578125 0.041015625 0.029296875
0 0.7421875 0.515625 0.005859375 0.0234375
0 0.443359375 0.51953125 0.044921875 0.029296875
0 0.501953125 0.521484375 0.046875 0.03125
0 0.615234375 0.51953125 0.044921875 0.02734375
0 0.671875 0.51953125 0.04296875 0.02734375
0 0.388671875 0.5234375 0.046875 0.03125
0 0.259765625 0.548828125 0.015625 0.02734375
0 0.357421875 0.546875 0.04296875 0.025390625
0 0.41796875 0.548828125 0.04296875 0.025390625
0 0.529296875 0.55078125 0.044921875 0.029296875
0 0.5859375 0.548828125 0.04296875 0.025390625
0 0.640625 0.548828125 0.04296875 0.025390625
0 0.697265625 0.55078125 0.04296875 0.029296875
0 0.474609375 0.552734375 0.04296875 0.02734375
0 0.744140625 0.55078125 0.00390625 0.021484375
0 0.27734375 0.572265625 0.04296875 0.025390625
0 0.333984375 0.572265625 0.037109375 0.0234375
0 0.66015625 0.572265625 0.041015625 0.025390625
0 0.38671875 0.578125 0.041015625 0.02734375
0 0.5 0.576171875 0.041015625 0.0234375
0 0.5546875 0.57421875 0.0390625 0.021484375
0 0.609375 0.576171875 0.0390625 0.025390625
0 0.72265625 0.578125 0.041015625 0.029296875
0 0.4453125 0.578125 0.044921875 0.025390625
0 0.296875 0.61328125 0.064453125 0.052734375
0 0.36328125 0.599609375 0.0390625 0.025390625
0 0.263671875 0.6015625 0.0234375 0.0234375
0 0.427734375 0.61328125 0.068359375 0.048828125
0 0.5234375 0.6015625 0.041015625 0.0234375
0 0.47265625 0.603515625 0.041015625 0.025390625
0 0.578125 0.60546875 0.041015625 0.02734375
0 0.630859375 0.603515625 0.037109375 0.025390625
0 0.689453125 0.603515625 0.04296875 0.025390625
0 0.728515625 0.609375 0.013671875 0.0234375
0 0.388671875 0.623046875 0.037109375 0.0234375
0 0.33984375 0.625 0.0390625 0.025390625
0 0.55078125 0.630859375 0.0390625 0.0234375
0 0.599609375 0.62890625 0.037109375 0.021484375
0 0.658203125 0.630859375 0.0390625 0.025390625
0 0.498046875 0.634765625 0.037109375 0.0234375
0 0.708984375 0.634765625 0.037109375 0.025390625
0 0.365234375 0.650390625 0.037109375 0.0234375
0 0.404296875 0.662109375 0.060546875 0.044921875
0 0.466796875 0.650390625 0.037109375 0.021484375
0 0.314453125 0.654296875 0.037109375 0.0234375
0 0.572265625 0.654296875 0.037109375 0.0234375
0 0.61328125 0.666015625 0.06640625 0.046875
0 0.267578125 0.65625 0.03125 0.0234375
0 0.521484375 0.65234375 0.037109375 0.017578125
0 0.728515625 0.66015625 0.03515625 0.0234375
0 0.6796875 0.662109375 0.041015625 0.025390625
0 0.34375 0.673828125 0.03515625 0.01953125
0 0.443359375 0.673828125 0.03515625 0.021484375
0 0.50390625 0.6875 0.0625 0.044921875
0 0.544921875 0.67578125 0.037109375 0.021484375
0 0.6484375 0.67578125 0.03515625 0.021484375
0 0.291015625 0.677734375 0.0390625 0.021484375
0 0.697265625 0.685546875 0.037109375 0.01953125
0 0.369140625 0.697265625 0.03515625 0.01953125
0 0.419921875 0.69921875 0.03515625 0.021484375
0 0.5703125 0.697265625 0.037109375 0.017578125
0 0.62109375 0.701171875 0.03515625 0.0234375
0 0.271484375 0.701171875 0.03515625 0.01953125
0 0.66796875 0.701171875 0.03515625 0.021484375
0 0.466796875 0.701171875 0.03515625 0.015625
0 0.716796875 0.705078125 0.037109375 0.017578125
