0 0.365234375 0.3359375 0.04296875 0.08203125
0 0.328125 0.41796875 0.0390625 0.08203125
0 0.380859375 0.421875 0.044921875 0.083984375
0 0.296875 0.494140625 0.033203125 0.078125
0 0.359375 0.5 0.03515625 0.078125
0 0.404296875 0.51171875 0.044921875 0.083984375
0 0.48046875 0.529296875 0.046875 0.0859375
0 0.298828125 0.5625 0.03125 0.056640625
0 0.341796875 0.5703125 0.03125 0.068359375
0 0.390625 0.583984375 0.04296875 0.072265625
0 0.4453125 0.59375 0.044921875 0.083984375
0 0.521484375 0.62109375 0.0546875 0.091796875
0 0.599609375 0.6328125 0.05859375 0.1015625
