1 0.375 0.412109375 0.0 0.009765625
1 0.3671875 0.4140625 -0.001953125 0.005859375
1 0.33203125 0.451171875 0.009765625 0.025390625
1 0.3125 0.453125 0.01171875 0.0234375
1 0.62109375 0.453125 0.009765625 0.0234375
1 0.66015625 0.44921875 0.01171875 0.017578125
1 0.640625 0.453125 0.009765625 0.015625
1 0.6796875 0.453125 0.005859375 0.015625
1 0.29296875 0.47265625 0.001953125 0.01953125
1 0.703125 0.478515625 0.009765625 0.0234375
1 0.642578125 0.478515625 0.009765625 0.017578125
1 0.681640625 0.48046875 0.0078125 0.01953125
1 0.41796875 0.484375 0.013671875 0.021484375
1 0.623046875 0.48046875 0.009765625 0.013671875
1 0.6640625 0.482421875 0.01171875 0.015625
1 0.3125 0.490234375 0.01171875 0.01953125
1 0.333984375 0.490234375 0.01171875 0.01953125
1 0.703125 0.5078125 0.0078125 0.01953125
1 0.666015625 0.5078125 0.0078125 0.015625
1 0.681640625 0.5078125 0.009765625 0.015625
1 0.625 0.51171875 0.0078125 0.01953125
1 0.64453125 0.509765625 0.0078125 0.013671875
1 0.3125 0.5234375 0.01171875 0.025390625
1 0.337890625 0.5234375 0.01171875 0.0234375
1 0.419921875 0.525390625 0.013671875 0.01953125
1 0.71875 0.55859375 0.02734375 0.041015625
1 0.681640625 0.560546875 0.02734375 0.037109375
1 0.62890625 0.564453125 0.060546875 0.0390625
1 0.40234375 0.6015625 0.02734375 0.046875
1 0.31640625 0.6015625 0.056640625 0.044921875
1 0.3671875 0.603515625 0.0234375 0.048828125
1 0.44140625 0.603515625 0.02734375 0.046875
1 0.705078125 0.615234375 0.064453125 0.044921875
1 0.61328125 0.6171875 0.02734375 0.04296875
1 0.6484375 0.615234375 0.02734375 0.0390625
1 0.302734375 0.654296875 0.021484375 0.041015625
1 0.3359375 0.65625 0.0234375 0.041015625
1 0.37109375 0.658203125 0.02734375 0.044921875
1 0.408203125 0.658203125 0.029296875 0.044921875
1 0.443359375 0.6640625 0.02734375 0.046875
1 0.48046875 0.6640625 0.029296875 0.046875
1 0.306640625 0.7109375 0.021484375 0.0390625
1 0.341796875 0.7109375 0.0234375 0.041015625
1 0.376953125 0.716796875 0.025390625 0.04296875
1 0.412109375 0.716796875 0.02734375 0.044921875
1 0.44921875 0.720703125 0.02734375 0.048828125
1 0.48828125 0.72265625 0.03125 0.046875
