1 0.728515625 0.26953125 0.03515625 0.03515625
1 0.732421875 0.326171875 0.02734375 0.056640625
1 0.689453125 0.330078125 0.0390625 0.056640625
1 0.640625 0.3359375 0.04296875 0.0625
1 0.58984375 0.37109375 0.0390625 0.12109375
1 0.5390625 0.34375 0.037109375 0.060546875
1 0.494140625 0.349609375 0.041015625 0.060546875
1 0.4453125 0.3515625 0.04296875 0.060546875
1 0.396484375 0.35546875 0.041015625 0.0546875
1 0.3515625 0.359375 0.041015625 0.052734375
1 0.310546875 0.365234375 0.0390625 0.048828125
1 0.26953125 0.37109375 0.037109375 0.0546875
1 0.73046875 0.390625 0.029296875 0.05078125
1 0.6875 0.39453125 0.037109375 0.052734375
1 0.642578125 0.3984375 0.037109375 0.05078125
1 0.544921875 0.41015625 0.03515625 0.05078125
1 0.453125 0.416015625 0.0390625 0.052734375
1 0.498046875 0.4140625 0.041015625 0.048828125
1 0.40625 0.419921875 0.0390625 0.05078125
1 0.357421875 0.421875 0.041015625 0.048828125
1 0.2734375 0.431640625 0.041015625 0.05078125
1 0.314453125 0.4296875 0.041015625 0.046875
1 0.73046875 0.455078125 0.03125 0.05078125
1 0.68359375 0.458984375 0.037109375 0.0546875
1 0.638671875 0.484375 0.04296875 0.103515625
1 0.58984375 0.462890625 0.0390625 0.048828125
1 0.251953125 0.44921875 0.0 0.013671875
1 0.525390625 0.49609375 0.07421875 0.10546875
1 0.5 0.470703125 0.037109375 0.048828125
1 0.45703125 0.474609375 0.037109375 0.04296875
1 0.412109375 0.478515625 0.037109375 0.046875
1 0.369140625 0.482421875 0.041015625 0.04296875
1 0.32421875 0.484375 0.0390625 0.044921875
1 0.283203125 0.48828125 0.0390625 0.046875
1 0.25390625 0.49609375 0.00390625 0.041015625
1 0.7265625 0.513671875 0.0390625 0.052734375
1 0.587890625 0.51953125 0.03515625 0.05078125
1 0.6796875 0.515625 0.037109375 0.04296875
1 0.4609375 0.52734375 0.033203125 0.04296875
1 0.419921875 0.529296875 0.037109375 0.041015625
1 0.376953125 0.55859375 0.041015625 0.09375
1 0.314453125 0.5390625 0.07421875 0.04296875
1 0.2578125 0.546875 0.013671875 0.0390625
1 0.630859375 0.5703125 0.037109375 0.04296875
1 0.67578125 0.568359375 0.03515625 0.041015625
1 0.72265625 0.5703125 0.0390625 0.044921875
1 0.54296875 0.572265625 0.029296875 0.041015625
1 0.5859375 0.572265625 0.03125 0.041015625
1 0.466796875 0.576171875 0.03125 0.04296875
1 0.50390625 0.576171875 0.03125 0.04296875
1 0.423828125 0.580078125 0.033203125 0.04296875
1 0.33984375 0.5859375 0.03515625 0.037109375
1 0.302734375 0.587890625 0.03515625 0.037109375
1 0.265625 0.59375 0.029296875 0.037109375
1 0.677734375 0.6171875 0.03515625 0.041015625
1 0.548828125 0.62109375 0.029296875 0.041015625
1 0.58984375 0.623046875 0.033203125 0.044921875
1 0.7265625 0.623046875 0.03515625 0.044921875
1 0.509765625 0.625 0.029296875 0.03515625
1 0.634765625 0.626953125 0.033203125 0.041015625
1 0.470703125 0.626953125 0.03125 0.037109375
1 0.4296875 0.630859375 0.033203125 0.0390625
1 0.390625 0.6328125 0.033203125 0.03515625
1 0.333984375 0.63671875 0.06640625 0.041015625
1 0.2734375 0.64453125 0.03125 0.037109375
1 0.484375 0.71875 0.029296875 0.033203125
1 0.5625 0.72265625 0.029296875 0.0390625
1 0.447265625 0.720703125 0.02734375 0.033203125
1 0.525390625 0.720703125 0.02734375 0.033203125
1 0.73046875 0.724609375 0.03125 0.041015625
1 0.412109375 0.7265625 0.03125 0.0390625
1 0.603515625 0.724609375 0.033203125 0.037109375
1 0.646484375 0.724609375 0.033203125 0.037109375
1 0.6875 0.7265625 0.03125 0.0390625
1 0.26171875 0.73046875 0.021484375 0.03125
1 0.3671875 0.73046875 0.029296875 0.03125
1 0.330078125 0.732421875 0.02734375 0.02734375
1 0.294921875 0.732421875 0.033203125 0.025390625
1 0.453125 0.744140625 0.02734375 0.001953125
1 0.490234375 0.744140625 0.029296875 0.001953125
