0 0.46484375 0.2890625 0.068359375 0.07421875
0 0.55078125 0.28125 0.060546875 0.05859375
0 0.64453125 0.287109375 0.0546875 0.0703125
0 0.693359375 0.26171875 0.044921875 0.021484375
0 0.734375 0.287109375 0.021484375 0.0703125
0 0.373046875 0.322265625 0.07421875 0.08984375
0 0.703125 0.328125 0.048828125 0.07421875
0 0.525390625 0.3515625 0.064453125 0.083984375
0 0.587890625 0.3515625 0.052734375 0.08203125
0 0.748046875 0.357421875 -0.00390625 0.013671875
0 0.31640625 0.40234375 0.078125 0.09375
0 0.658203125 0.3984375 0.052734375 0.080078125
0 0.443359375 0.408203125 0.068359375 0.087890625
0 0.728515625 0.40625 0.03515625 0.076171875
0 0.603515625 0.4453125 0.05859375 0.08203125
0 0.517578125 0.44921875 0.060546875 0.083984375
0 0.6875 0.486328125 0.048828125 0.078125
0 0.73828125 0.484375 0.013671875 0.068359375
0 0.39453125 0.5 0.0703125 0.08984375
0 0.310546875 0.509765625 0.078125 0.095703125
0 0.484375 0.533203125 0.06640625 0.0859375
0 0.634765625 0.533203125 0.0546875 0.080078125
0 0.560546875 0.544921875 0.05859375 0.083984375
0 0.72265625 0.55859375 0.046875 0.07421875
0 0.365234375 0.595703125 0.076171875 0.095703125
0 0.671875 0.60546875 0.05078125 0.078125
0 0.439453125 0.625 0.068359375 0.08984375
0 0.60546875 0.623046875 0.05859375 0.08203125
0 0.7421875 0.609375 0.005859375 0.037109375
0 0.521484375 0.63671875 0.060546875 0.08203125
0 0.71484375 0.623046875 0.03515625 0.04296875
0 0.73828125 0.67578125 0.015625 0.068359375
0 0.62109375 0.68359375 0.048828125 0.06640625
0 0.697265625 0.685546875 0.046875 0.068359375
0 0.548828125 0.69921875 0.0546875 0.064453125
0 0.37109375 0.712890625 0.07421875 0.064453125
0 0.2890625 0.720703125 0.07421875 0.05078125
0 0.7265625 0.73046875 0.0390625 0.029296875
0 0.60546875 0.736328125 0.046875 0.017578125
0 0.671875 0.73828125 0.041015625 0.013671875
0 0.515625 0.7421875 0.037109375 0.0078125
