0 0.33984375 0.298828125 0.044921875 0.09375
0 0.310546875 0.26953125 0.0078125 0.029296875
0 0.302734375 0.32421875 0.01953125 0.1015625
0 0.27734375 0.3125 0.005859375 0.021484375
0 0.2734375 0.34375 0.02734375 0.07421875
0 0.34765625 0.328125 0.009765625 0.03125
0 0.3125 0.36328125 0.00390625 0.01171875
0 0.458984375 0.423828125 0.0390625 0.09765625
0 0.44140625 0.392578125 0.009765625 0.03125
0 0.390625 0.3984375 0.0234375 0.029296875
0 0.349609375 0.419921875 0.01953125 0.0546875
0 0.326171875 0.41015625 0.00390625 0.021484375
0 0.310546875 0.42578125 0.021484375 0.046875
0 0.296875 0.416015625 0.00390625 0.017578125
0 0.283203125 0.419921875 0.005859375 0.01953125
0 0.43359375 0.42578125 0.009765625 0.029296875
0 0.408203125 0.427734375 0.009765625 0.02734375
0 0.376953125 0.431640625 0.037109375 0.029296875
0 0.337890625 0.451171875 0.013671875 0.052734375
0 0.28515625 0.443359375 0.015625 0.017578125
0 0.462890625 0.45703125 0.01171875 0.03125
0 0.400390625 0.4609375 0.0078125 0.029296875
0 0.384765625 0.462890625 0.0078125 0.02734375
0 0.357421875 0.462890625 0.0078125 0.025390625
0 0.314453125 0.46484375 0.00390625 0.021484375
0 0.326171875 0.46484375 0.005859375 0.021484375
0 0.296875 0.466796875 0.001953125 0.017578125
0 0.28515625 0.46875 0.001953125 0.015625
0 0.458984375 0.52734375 0.01953125 0.060546875
0 0.40625 0.51171875 0.009765625 0.025390625
0 0.482421875 0.513671875 0.01171875 0.02734375
0 0.2890625 0.509765625 0.00390625 0.017578125
0 0.30078125 0.509765625 0.00390625 0.017578125
0 0.330078125 0.513671875 0.015625 0.0234375
0 0.365234375 0.51171875 0.005859375 0.021484375
0 0.380859375 0.513671875 0.0078125 0.0234375
0 0.423828125 0.513671875 0.0078125 0.0234375
0 0.287109375 0.537109375 0.00390625 0.01953125
0 0.302734375 0.537109375 0.01171875 0.01953125
0 0.357421875 0.5390625 0.005859375 0.0234375
0 0.32421875 0.5390625 0.015625 0.021484375
0 0.341796875 0.5390625 0.005859375 0.021484375
0 0.38671875 0.54296875 0.03515625 0.02734375
0 0.416015625 0.54296875 0.009765625 0.02734375
0 0.43359375 0.544921875 0.01171875 0.02734375
0 0.47265625 0.544921875 0.009765625 0.02734375
0 0.490234375 0.546875 0.013671875 0.02734375
0 0.296875 0.5625 0.015625 0.021484375
0 0.326171875 0.56640625 0.00390625 0.01953125
0 0.337890625 0.56640625 0.005859375 0.01953125
0 0.365234375 0.568359375 0.005859375 0.0234375
0 0.380859375 0.5703125 0.0078125 0.021484375
0 0.408203125 0.57421875 0.0078125 0.029296875
0 0.423828125 0.576171875 0.009765625 0.02734375
0 0.47265625 0.578125 0.03125 0.029296875
0 0.294921875 0.6015625 0.013671875 0.021484375
0 0.326171875 0.607421875 0.005859375 0.01953125
0 0.33984375 0.609375 0.00390625 0.021484375
0 0.37890625 0.61328125 0.021484375 0.0234375
0 0.41015625 0.62109375 0.0078125 0.0234375
0 0.42578125 0.623046875 0.009765625 0.0234375
0 0.458984375 0.62890625 0.01171875 0.029296875
0 0.306640625 0.626953125 0.005859375 0.021484375
0 0.294921875 0.626953125 0.001953125 0.017578125
0 0.4765625 0.6328125 0.009765625 0.02734375
0 0.28515625 0.630859375 0.00390625 0.017578125
0 0.322265625 0.6328125 0.00390625 0.021484375
0 0.333984375 0.63671875 0.00390625 0.01953125
0 0.345703125 0.638671875 0.005859375 0.021484375
0 0.3671875 0.640625 0.0078125 0.021484375
0 0.3828125 0.658203125 0.025390625 0.052734375
0 0.412109375 0.650390625 0.01953125 0.025390625
0 0.43359375 0.65625 0.0078125 0.02734375
0 0.3046875 0.654296875 0.00390625 0.01953125
0 0.29296875 0.654296875 0.00390625 0.017578125
0 0.44921875 0.66015625 0.009765625 0.02734375
0 0.466796875 0.662109375 0.009765625 0.02734375
0 0.326171875 0.662109375 0.005859375 0.0234375
0 0.486328125 0.6640625 0.01171875 0.029296875
0 0.33984375 0.6640625 0.00390625 0.021484375
0 0.41796875 0.68359375 0.025390625 0.029296875
0 0.458984375 0.6953125 0.01171875 0.02734375
0 0.478515625 0.697265625 0.01171875 0.02734375
