1 0.701171875 0.4140625 0.013671875 0.025390625
1 0.681640625 0.41796875 0.01171875 0.025390625
1 0.66015625 0.423828125 0.009765625 0.0234375
1 0.638671875 0.427734375 0.013671875 0.029296875
1 0.603515625 0.4375 0.037109375 0.037109375
1 0.701171875 0.443359375 0.013671875 0.02734375
1 0.564453125 0.447265625 0.015625 0.029296875
1 0.537109375 0.453125 0.017578125 0.033203125
1 0.681640625 0.451171875 0.01171875 0.0234375
1 0.509765625 0.458984375 0.021484375 0.033203125
1 0.482421875 0.466796875 0.01953125 0.037109375
1 0.658203125 0.458984375 0.01171875 0.021484375
1 0.63671875 0.462890625 0.013671875 0.025390625
1 0.615234375 0.466796875 0.013671875 0.025390625
1 0.591796875 0.478515625 0.013671875 0.029296875
1 0.69921875 0.48046875 0.009765625 0.02734375
1 0.564453125 0.484375 0.01953125 0.029296875
1 0.6796875 0.486328125 0.009765625 0.02734375
1 0.537109375 0.490234375 0.017578125 0.03125
1 0.66015625 0.494140625 0.01171875 0.02734375
1 0.509765625 0.498046875 0.01953125 0.033203125
1 0.638671875 0.498046875 0.01171875 0.025390625
1 0.48046875 0.505859375 0.021484375 0.033203125
1 0.61328125 0.50390625 0.013671875 0.02734375
1 0.591796875 0.51171875 0.015625 0.02734375
1 0.56640625 0.51953125 0.01953125 0.03125
1 0.69921875 0.515625 0.009765625 0.01953125
1 0.669921875 0.5234375 0.03515625 0.029296875
1 0.5390625 0.529296875 0.017578125 0.033203125
1 0.634765625 0.53125 0.015625 0.02734375
1 0.51171875 0.541015625 0.01953125 0.03125
1 0.611328125 0.541015625 0.013671875 0.02734375
1 0.484375 0.546875 0.01953125 0.03125
1 0.58984375 0.546875 0.015625 0.029296875
1 0.453125 0.5546875 0.021484375 0.033203125
1 0.564453125 0.556640625 0.013671875 0.02734375
1 0.541015625 0.564453125 0.017578125 0.029296875
1 0.5 0.580078125 0.044921875 0.044921875
1 0.451171875 0.591796875 0.0234375 0.033203125
