1 0.353515625 0.4921875 0.052734375 0.0546875
1 0.423828125 0.4921875 0.052734375 0.052734375
1 0.572265625 0.53515625 0.029296875 0.029296875
1 0.619140625 0.53515625 0.029296875 0.029296875
1 0.666015625 0.53515625 0.029296875 0.029296875
1 0.71484375 0.53515625 0.03125 0.029296875
1 0.3203125 0.548828125 0.0546875 0.05078125
1 0.458984375 0.548828125 0.052734375 0.052734375
1 0.390625 0.55078125 0.0546875 0.052734375
1 0.572265625 0.578125 0.029296875 0.02734375
1 0.619140625 0.578125 0.029296875 0.02734375
1 0.666015625 0.578125 0.029296875 0.02734375
1 0.712890625 0.578125 0.029296875 0.029296875
1 0.2890625 0.60546875 0.05078125 0.052734375
1 0.35546875 0.60546875 0.0546875 0.052734375
1 0.423828125 0.60546875 0.052734375 0.05078125
1 0.494140625 0.60546875 0.052734375 0.052734375
1 0.572265625 0.6171875 0.02734375 0.029296875
1 0.619140625 0.619140625 0.02734375 0.03125
1 0.6640625 0.619140625 0.02734375 0.029296875
1 0.7109375 0.619140625 0.02734375 0.02734375
