1 0.625 0.28515625 0.009765625 0.005859375
1 0.6796875 0.310546875 0.015625 0.052734375
1 0.736328125 0.310546875 0.015625 0.048828125
1 0.65234375 0.3203125 0.01171875 0.009765625
1 0.64453125 0.376953125 0.0234375 0.0703125
1 0.59375 0.388671875 0.025390625 0.072265625
1 0.54296875 0.376953125 0.0234375 0.02734375
1 0.734375 0.400390625 0.017578125 0.052734375
1 0.689453125 0.3828125 0.009765625 0.01171875
1 0.419921875 0.421875 0.037109375 0.068359375
1 0.53125 0.451171875 0.03515625 0.0859375
1 0.69921875 0.419921875 0.01171875 0.013671875
1 0.2890625 0.484375 0.064453125 0.099609375
1 0.390625 0.490234375 0.052734375 0.103515625
1 0.71484375 0.498046875 0.0234375 0.072265625
1 0.66015625 0.501953125 0.021484375 0.05859375
1 0.736328125 0.50390625 0.013671875 0.046875
1 0.525390625 0.525390625 0.029296875 0.064453125
1 0.638671875 0.55859375 0.03125 0.083984375
1 0.498046875 0.58984375 0.0390625 0.095703125
1 0.43359375 0.626953125 0.046875 0.103515625
1 0.689453125 0.619140625 0.02734375 0.080078125
1 0.7421875 0.615234375 0.0078125 0.056640625
1 0.611328125 0.62890625 0.02734375 0.06640625
1 0.34765625 0.65625 0.060546875 0.111328125
1 0.572265625 0.654296875 0.02734375 0.072265625
1 0.533203125 0.708984375 0.037109375 0.07421875
1 0.6328125 0.7109375 0.02734375 0.068359375
1 0.5703125 0.71875 0.017578125 0.052734375
1 0.46484375 0.724609375 0.04296875 0.041015625
1 0.642578125 0.74609375 0.0 0.0
