1 0.576171875 0.2578125 0.013671875 0.01171875
1 0.60546875 0.265625 0.0234375 0.02734375
1 0.62890625 0.251953125 0.00390625 0.001953125
1 0.640625 0.2578125 0.00390625 0.013671875
1 0.65234375 0.25390625 0.0 0.005859375
1 0.669921875 0.2578125 0.001953125 0.01171875
1 0.677734375 0.251953125 0.001953125 0.001953125
1 0.623046875 0.3046875 0.021484375 0.09375
1 0.662109375 0.26171875 0.001953125 0.0078125
1 0.6875 0.26171875 0.0 0.0078125
1 0.576171875 0.296875 0.015625 0.06640625
1 0.65234375 0.2734375 0.00390625 0.017578125
1 0.681640625 0.26953125 0.0 0.005859375
1 0.669921875 0.275390625 0.001953125 0.005859375
1 0.6953125 0.275390625 0.0 0.00390625
1 0.642578125 0.28125 0.00390625 0.013671875
1 0.599609375 0.29296875 0.01171875 0.033203125
1 0.662109375 0.283203125 0.001953125 0.013671875
1 0.6875 0.279296875 -0.001953125 0.005859375
1 0.6953125 0.2890625 -0.001953125 0.00390625
1 0.654296875 0.296875 0.00390625 0.01171875
1 0.6796875 0.291015625 -0.001953125 0.0
1 0.30859375 0.333984375 0.078125 0.078125
1 0.640625 0.302734375 0.005859375 0.017578125
1 0.671875 0.298828125 0.0 0.0078125
1 0.689453125 0.298828125 0.0 0.0078125
1 0.6640625 0.3046875 0.0 0.009765625
1 0.681640625 0.310546875 0.0 0.0078125
1 0.6953125 0.306640625 0.0 0.001953125
1 0.599609375 0.328125 0.01171875 0.03125
1 0.65234375 0.318359375 0.001953125 0.013671875
1 0.671875 0.318359375 0.0 0.0078125
1 0.384765625 0.34375 0.05078125 0.052734375
1 0.689453125 0.318359375 0.0 0.001953125
1 0.533203125 0.3671875 0.052734375 0.095703125
1 0.642578125 0.330078125 0.005859375 0.015625
1 0.666015625 0.328125 0.0 0.01171875
1 0.6953125 0.326171875 -0.00390625 0.00390625
1 0.6796875 0.330078125 -0.001953125 0.005859375
1 0.578125 0.345703125 0.015625 0.033203125
1 0.701171875 0.33203125 -0.001953125 0.001953125
1 0.673828125 0.33984375 0.0 0.0078125
1 0.689453125 0.337890625 0.0 0.00390625
1 0.630859375 0.34765625 0.005859375 0.01953125
1 0.65234375 0.34375 0.001953125 0.01171875
1 0.6953125 0.34375 -0.001953125 0.00390625
1 0.666015625 0.3515625 0.0 0.01171875
1 0.599609375 0.36328125 0.01171875 0.03125
1 0.681640625 0.349609375 0.0 0.005859375
1 0.703125 0.349609375 0.0 0.00390625
1 0.642578125 0.357421875 0.005859375 0.015625
1 0.689453125 0.353515625 -0.001953125 0.005859375
1 0.6171875 0.369140625 0.0078125 0.0234375
1 0.673828125 0.361328125 0.0 0.0078125
1 0.654296875 0.3671875 0.001953125 0.015625
1 0.630859375 0.373046875 0.005859375 0.01953125
1 0.697265625 0.36328125 -0.00390625 0.001953125
1 0.306640625 0.400390625 0.078125 0.072265625
1 0.666015625 0.37109375 0.0 0.009765625
1 0.681640625 0.37109375 0.0 0.0078125
1 0.701171875 0.3671875 -0.001953125 0.001953125
1 0.689453125 0.375 -0.001953125 0.005859375
1 0.705078125 0.373046875 -0.00390625 -0.00390625
1 0.6484375 0.38671875 0.013671875 0.01953125
1 0.673828125 0.380859375 0.001953125 0.0078125
1 0.697265625 0.37890625 0.0 0.005859375
1 0.703125 0.384765625 -0.001953125 0.00390625
1 0.68359375 0.390625 0.0 0.0078125
1 0.666015625 0.39453125 0.0 0.013671875
1 0.693359375 0.39453125 0.005859375 0.009765625
1 0.703125 0.400390625 -0.001953125 0.00390625
1 0.6796875 0.40625 0.0078125 0.013671875
1 0.69140625 0.4140625 -0.001953125 0.00390625
1 0.697265625 0.41796875 -0.001953125 0.005859375
1 0.615234375 0.439453125 0.03125 0.044921875
1 0.705078125 0.419921875 0.0 0.005859375
1 0.529296875 0.47265625 0.056640625 0.078125
1 0.3046875 0.47265625 0.078125 0.060546875
1 0.640625 0.44921875 0.00390625 0.01171875
1 0.66015625 0.453125 0.00390625 0.01171875
1 0.669921875 0.453125 0.0 0.0078125
1 0.6796875 0.45703125 0.0 0.0078125
1 0.685546875 0.458984375 0.0 0.005859375
1 0.634765625 0.46875 0.017578125 0.017578125
1 0.6953125 0.46484375 0.00390625 0.0078125
1 0.611328125 0.490234375 0.017578125 0.04296875
1 0.66015625 0.474609375 0.001953125 0.01171875
1 0.66796875 0.474609375 -0.001953125 0.009765625
1 0.677734375 0.474609375 -0.001953125 0.009765625
1 0.68359375 0.478515625 -0.001953125 0.009765625
1 0.69140625 0.48046875 0.0 0.005859375
1 0.62890625 0.490234375 0.001953125 0.013671875
1 0.640625 0.49609375 0.005859375 0.015625
1 0.6640625 0.498046875 0.009765625 0.01171875
1 0.677734375 0.498046875 -0.001953125 0.009765625
1 0.68359375 0.5 -0.001953125 0.00390625
1 0.693359375 0.5 -0.001953125 0.005859375
1 0.69921875 0.501953125 -0.001953125 0.005859375
1 0.63671875 0.517578125 0.013671875 0.01953125
1 0.66796875 0.517578125 0.0 0.01171875
1 0.677734375 0.515625 -0.001953125 0.009765625
1 0.3046875 0.54296875 0.080078125 0.060546875
1 0.685546875 0.515625 0.0 0.005859375
1 0.66015625 0.521484375 0.0 0.01171875
1 0.693359375 0.51953125 -0.001953125 0.00390625
1 0.61328125 0.544921875 0.017578125 0.04296875
1 0.52734375 0.5703125 0.05859375 0.08203125
1 0.677734375 0.53515625 0.0 0.009765625
1 0.66796875 0.537109375 0.0 0.005859375
1 0.685546875 0.537109375 0.0 0.005859375
1 0.693359375 0.537109375 0.0 0.005859375
1 0.701171875 0.537109375 0.0 0.005859375
1 0.6328125 0.54296875 0.001953125 0.01171875
1 0.642578125 0.544921875 0.005859375 0.015625
1 0.66015625 0.541015625 0.001953125 0.009765625
1 0.697265625 0.5546875 0.00390625 0.009765625
1 0.677734375 0.556640625 0.0 0.009765625
1 0.685546875 0.556640625 0.0 0.009765625
1 0.66796875 0.55859375 -0.001953125 0.009765625
1 0.66015625 0.5625 0.0 0.0078125
1 0.630859375 0.56640625 0.005859375 0.013671875
1 0.64453125 0.56640625 0.00390625 0.013671875
1 0.69921875 0.572265625 -0.001953125 0.005859375
1 0.58984375 0.591796875 0.0234375 0.0390625
1 0.689453125 0.576171875 0.005859375 0.009765625
1 0.615234375 0.578125 0.009765625 0.009765625
1 0.66796875 0.580078125 0.001953125 0.01171875
1 0.677734375 0.580078125 0.0 0.01171875
1 0.64453125 0.591796875 0.005859375 0.021484375
1 0.66015625 0.5859375 0.001953125 0.009765625
1 0.623046875 0.599609375 0.0234375 0.029296875
1 0.302734375 0.62109375 0.08203125 0.06640625
1 0.69921875 0.591796875 0.00390625 0.0078125
1 0.6875 0.59765625 0.0 0.01171875
1 0.67578125 0.599609375 0.001953125 0.005859375
1 0.66796875 0.603515625 0.001953125 0.0078125
1 0.662109375 0.609375 0.0 0.01171875
1 0.693359375 0.61328125 0.009765625 0.017578125
1 0.50390625 0.650390625 0.072265625 0.083984375
1 0.638671875 0.619140625 0.01953125 0.021484375
1 0.59765625 0.619140625 0.0078125 0.0078125
1 0.6796875 0.62109375 0.0 0.01171875
1 0.583984375 0.623046875 0.00390625 0.0078125
1 0.6171875 0.62890625 0.0078125 0.021484375
1 0.666015625 0.62890625 0.0078125 0.015625
1 0.5625 0.638671875 0.0234375 0.033203125
1 0.701171875 0.625 -0.001953125 0.005859375
1 0.58984375 0.64453125 0.029296875 0.033203125
1 0.6953125 0.6328125 -0.001953125 0.0078125
1 0.646484375 0.638671875 0.0078125 0.017578125
1 0.689453125 0.638671875 0.0 0.013671875
1 0.677734375 0.642578125 0.001953125 0.015625
1 0.630859375 0.64453125 0.005859375 0.017578125
1 0.666015625 0.654296875 0.01171875 0.0234375
1 0.6171875 0.65625 0.005859375 0.021484375
1 0.693359375 0.65625 0.0078125 0.01953125
1 0.30078125 0.685546875 0.083984375 0.064453125
1 0.599609375 0.66796875 0.009765625 0.0234375
1 0.646484375 0.666015625 0.005859375 0.021484375
1 0.671875 0.673828125 0.01953125 0.03515625
1 0.568359375 0.662109375 -0.001953125 0.0078125
1 0.5546875 0.6796875 0.01171875 0.03515625
1 0.6328125 0.671875 0.005859375 0.021484375
1 0.701171875 0.666015625 -0.001953125 0.00390625
1 0.578125 0.68359375 0.017578125 0.033203125
1 0.693359375 0.67578125 0.00390625 0.015625
1 0.6171875 0.685546875 0.009765625 0.029296875
1 0.525390625 0.693359375 0.029296875 0.03125
1 0.671875 0.69140625 0.01953125 0.029296875
1 0.640625 0.693359375 0.01953125 0.02734375
1 0.703125 0.68359375 -0.001953125 0.00390625
1 0.591796875 0.697265625 0.029296875 0.025390625
1 0.685546875 0.697265625 0.025390625 0.0234375
1 0.453125 0.701171875 0.060546875 0.0234375
1 0.49609375 0.69921875 0.01171875 0.017578125
1 0.5546875 0.703125 0.01171875 0.009765625
1 0.619140625 0.705078125 0.005859375 0.0078125
