1 0.2890625 0.275390625 0.04296875 0.048828125
1 0.34765625 0.302734375 0.048828125 0.1015625
1 0.4140625 0.296875 0.056640625 0.08984375
1 0.48828125 0.2890625 0.06640625 0.076171875
1 0.568359375 0.328125 0.076171875 0.15234375
1 0.66796875 0.373046875 0.0859375 0.244140625
1 0.666015625 0.271484375 0.060546875 0.041015625
1 0.255859375 0.322265625 0.0078125 0.134765625
1 0.29296875 0.365234375 0.046875 0.181640625
1 0.345703125 0.41015625 0.03515625 0.154296875
1 0.5703125 0.482421875 0.07421875 0.234375
1 0.259765625 0.470703125 0.013671875 0.150390625
1 0.38671875 0.51953125 0.06640625 0.234375
1 0.30078125 0.52734375 0.05078125 0.189453125
1 0.662109375 0.578125 0.083984375 0.25390625
1 0.3203125 0.4609375 -0.00390625 -0.00390625
1 0.36328125 0.59765625 0.0546875 0.203125
1 0.498046875 0.609375 0.06640625 0.1640625
1 0.263671875 0.62109375 0.0234375 0.15625
1 0.580078125 0.64453125 0.076171875 0.201171875
1 0.306640625 0.6640625 0.05078125 0.1640625
1 0.4296875 0.68359375 0.056640625 0.125
1 0.501953125 0.6953125 0.068359375 0.099609375
1 0.669921875 0.697265625 0.083984375 0.095703125
1 0.3671875 0.701171875 0.052734375 0.08984375
1 0.263671875 0.71484375 0.0234375 0.060546875
1 0.564453125 0.734375 0.0234375 0.021484375
