0 0.38671875 0.294921875 0.048828125 0.0859375
0 0.505859375 0.255859375 0.0078125 0.009765625
0 0.556640625 0.2578125 0.02734375 0.013671875
0 0.6484375 0.27734375 0.02734375 0.052734375
0 0.6640625 0.265625 0.009765625 0.02734375
0 0.728515625 0.2578125 0.021484375 0.013671875
0 0.736328125 0.26953125 0.017578125 0.037109375
0 0.486328125 0.26171875 0.013671875 0.015625
0 0.3125 0.291015625 0.046875 0.072265625
0 0.498046875 0.296875 0.03125 0.056640625
0 0.6796875 0.291015625 0.01953125 0.04296875
0 0.5546875 0.30859375 0.03125 0.060546875
0 0.720703125 0.306640625 0.0234375 0.056640625
0 0.625 0.31640625 0.033203125 0.0625
0 0.37890625 0.328125 0.041015625 0.076171875
0 0.455078125 0.3359375 0.029296875 0.060546875
0 0.673828125 0.33984375 0.03125 0.05859375
0 0.744140625 0.3359375 0.00390625 0.044921875
0 0.57421875 0.369140625 0.033203125 0.064453125
0 0.4140625 0.3671875 0.033203125 0.052734375
0 0.498046875 0.37109375 0.029296875 0.05859375
0 0.736328125 0.404296875 0.01953125 0.048828125
0 0.455078125 0.400390625 0.017578125 0.037109375
0 0.43359375 0.3984375 0.033203125 0.029296875
0 0.658203125 0.408203125 0.029296875 0.041015625
0 0.583984375 0.44140625 0.03125 0.0546875
0 0.650390625 0.439453125 0.02734375 0.033203125
0 0.6171875 0.447265625 0.01953125 0.03125
0 0.685546875 0.513671875 0.052734375 0.095703125
0 0.615234375 0.51171875 0.03125 0.068359375
0 0.6484375 0.548828125 0.025390625 0.06640625
0 0.625 0.61328125 0.04296875 0.10546875
0 0.701171875 0.580078125 0.01953125 0.03515625
0 0.72265625 0.599609375 0.02734375 0.06640625
0 0.677734375 0.615234375 0.02734375 0.064453125
0 0.744140625 0.62890625 0.00390625 0.060546875
0 0.591796875 0.638671875 0.009765625 0.0390625
0 0.677734375 0.673828125 0.052734375 0.091796875
0 0.72265625 0.650390625 0.0234375 0.041015625
0 0.265625 0.677734375 0.01953125 0.072265625
0 0.580078125 0.662109375 0.013671875 0.033203125
0 0.7421875 0.67578125 0.005859375 0.033203125
0 0.560546875 0.681640625 0.017578125 0.025390625
0 0.591796875 0.697265625 0.021484375 0.056640625
0 0.53125 0.689453125 0.01171875 0.0234375
0 0.623046875 0.70703125 0.025390625 0.060546875
0 0.73046875 0.71484375 0.02734375 0.060546875
0 0.552734375 0.72265625 0.01171875 0.046875
0 0.666015625 0.724609375 0.021484375 0.04296875
0 0.5703125 0.724609375 0.017578125 0.041015625
0 0.740234375 0.732421875 0.009765625 0.02734375
0 0.6953125 0.740234375 0.021484375 0.01171875
