0 0.28515625 0.267578125 0.03515625 0.033203125
0 0.357421875 0.3125 0.056640625 0.123046875
0 0.46484375 0.29296875 0.056640625 0.083984375
0 0.572265625 0.28515625 0.09765625 0.06640625
0 0.685546875 0.30078125 0.10546875 0.099609375
0 0.283203125 0.3125 0.037109375 0.05078125
0 0.53125 0.33984375 0.06640625 0.09375
0 0.404296875 0.3671875 0.080078125 0.115234375
0 0.58203125 0.408203125 0.095703125 0.119140625
0 0.28125 0.42578125 0.0546875 0.115234375
0 0.49609375 0.421875 0.05078125 0.07421875
0 0.375 0.46875 0.07421875 0.1015625
0 0.724609375 0.474609375 0.04296875 0.103515625
0 0.61328125 0.482421875 0.05859375 0.078125
0 0.458984375 0.51171875 0.064453125 0.091796875
0 0.556640625 0.52734375 0.068359375 0.08984375
0 0.314453125 0.546875 0.068359375 0.091796875
0 0.658203125 0.603515625 0.123046875 0.173828125
0 0.390625 0.572265625 0.06640625 0.087890625
0 0.50390625 0.587890625 0.064453125 0.0859375
0 0.7109375 0.634765625 0.056640625 0.080078125
0 0.4453125 0.642578125 0.05859375 0.08203125
0 0.5703125 0.67578125 0.08984375 0.138671875
0 0.361328125 0.669921875 0.0703125 0.08984375
0 0.283203125 0.6796875 0.0625 0.09375
0 0.65625 0.703125 0.064453125 0.080078125
0 0.517578125 0.732421875 0.0625 0.02734375
0 0.369140625 0.734375 0.0625 0.0234375
