1 0.54296875 0.337890625 0.119140625 0.140625
1 0.689453125 0.345703125 0.111328125 0.158203125
1 0.3125 0.455078125 0.123046875 0.146484375
1 0.72265625 0.4453125 0.044921875 0.115234375
1 0.642578125 0.4765625 0.14453125 0.15234375
1 0.484375 0.505859375 0.146484375 0.158203125
1 0.68359375 0.552734375 0.125 0.12890625
1 0.548828125 0.5859375 0.138671875 0.1484375
1 0.298828125 0.578125 0.095703125 0.10546875
1 0.6171875 0.556640625 -0.00390625 -0.00390625
1 0.4296875 0.654296875 0.1484375 0.150390625
1 0.255859375 0.67578125 0.0078125 0.11328125
1 0.708984375 0.67578125 0.07421875 0.11328125
1 0.607421875 0.693359375 0.09765625 0.103515625
1 0.4921875 0.720703125 0.1015625 0.048828125
