0 0.271484375 0.037109375 0.087890625 0.072265625
0 0.19140625 0.0234375 0.060546875 0.0390625
0 0.4765625 0.107421875 0.111328125 0.177734375
0 0.353515625 0.119140625 0.09765625 0.171875
0 0.18359375 0.11328125 0.056640625 0.125
0 0.666015625 0.13671875 0.111328125 0.173828125
0 0.23046875 0.142578125 0.08203125 0.146484375
0 0.091796875 0.185546875 0.05859375 0.099609375
0 0.15234375 0.208984375 0.064453125 0.052734375
0 0.517578125 0.279296875 0.125 0.18359375
0 0.40625 0.275390625 0.08984375 0.158203125
0 0.31640625 0.271484375 0.08203125 0.138671875
0 0.7109375 0.306640625 0.1484375 0.201171875
0 0.19140625 0.34375 0.09375 0.251953125
0 0.029296875 0.306640625 0.052734375 0.1171875
0 0.95703125 0.37109375 0.078125 0.171875
0 0.267578125 0.40234375 0.08203125 0.1328125
0 0.365234375 0.416015625 0.091796875 0.140625
0 0.611328125 0.4375 0.111328125 0.1640625
0 0.087890625 0.419921875 0.0625 0.12109375
0 0.4765625 0.439453125 0.111328125 0.14453125
0 0.013671875 0.421875 0.0234375 0.095703125
0 0.798828125 0.482421875 0.146484375 0.185546875
0 0.236328125 0.521484375 0.06640625 0.119140625
0 0.318359375 0.5390625 0.0859375 0.1328125
0 0.14453125 0.533203125 0.064453125 0.11328125
0 0.072265625 0.533203125 0.048828125 0.111328125
0 0.021484375 0.53125 0.037109375 0.1015625
0 0.42578125 0.556640625 0.087890625 0.138671875
0 0.552734375 0.580078125 0.10546875 0.14453125
0 0.685546875 0.60546875 0.12109375 0.15625
0 0.865234375 0.65625 0.1484375 0.166015625
0 0.212890625 0.634765625 0.064453125 0.107421875
0 0.05859375 0.63671875 0.056640625 0.107421875
0 0.138671875 0.638671875 0.05859375 0.1015625
0 0.296875 0.6484375 0.07421875 0.119140625
0 0.40625 0.658203125 0.072265625 0.109375
0 0.48828125 0.703125 0.095703125 0.13671875
0 0.611328125 0.734375 0.111328125 0.158203125
0 0.74609375 0.78125 0.134765625 0.166015625
