0 0.462890625 0.416015625 0.0546875 0.087890625
0 0.525390625 0.416015625 0.04296875 0.080078125
0 0.578125 0.41796875 0.0390625 0.07421875
0 0.7265625 0.46484375 0.017578125 0.048828125
0 0.6796875 0.478515625 0.0234375 0.05859375
0 0.642578125 0.484375 0.029296875 0.0625
0 0.55078125 0.4921875 0.041015625 0.072265625
0 0.599609375 0.490234375 0.037109375 0.06640625
0 0.494140625 0.5 0.044921875 0.083984375
0 0.427734375 0.5078125 0.060546875 0.091796875
0 0.7421875 0.494140625 0.005859375 0.048828125
0 0.693359375 0.537109375 0.021484375 0.05859375
0 0.72265625 0.533203125 0.017578125 0.046875
0 0.658203125 0.544921875 0.021484375 0.056640625
0 0.62109375 0.552734375 0.029296875 0.064453125
0 0.578125 0.564453125 0.033203125 0.0703125
0 0.52734375 0.57421875 0.044921875 0.076171875
0 0.466796875 0.591796875 0.056640625 0.08203125
0 0.39453125 0.607421875 0.068359375 0.087890625
