1 0.3984375 0.2734375 0.037109375 0.044921875
1 0.453125 0.275390625 0.03515625 0.046875
1 0.5 0.275390625 0.033203125 0.046875
1 0.55078125 0.27734375 0.033203125 0.052734375
1 0.607421875 0.291015625 0.029296875 0.056640625
1 0.673828125 0.291015625 0.025390625 0.05078125
1 0.705078125 0.291015625 0.021484375 0.05078125
1 0.638671875 0.29296875 0.01171875 0.052734375
1 0.734375 0.287109375 0.017578125 0.041015625
1 0.400390625 0.33984375 0.037109375 0.060546875
1 0.4453125 0.33984375 0.033203125 0.05859375
1 0.4921875 0.341796875 0.033203125 0.05859375
1 0.537109375 0.34375 0.03125 0.0546875
1 0.73046875 0.345703125 0.017578125 0.046875
1 0.703125 0.3515625 0.025390625 0.052734375
1 0.671875 0.35546875 0.0234375 0.052734375
1 0.603515625 0.361328125 0.03125 0.056640625
1 0.65234375 0.365234375 0.02734375 0.056640625
1 0.490234375 0.412109375 0.029296875 0.0546875
1 0.451171875 0.416015625 0.029296875 0.05859375
1 0.40234375 0.455078125 0.0546875 0.134765625
1 0.5234375 0.41015625 0.015625 0.04296875
1 0.701171875 0.4140625 0.01953125 0.048828125
1 0.681640625 0.42578125 0.025390625 0.05078125
1 0.6328125 0.4453125 0.033203125 0.05859375
1 0.486328125 0.482421875 0.029296875 0.048828125
1 0.443359375 0.48828125 0.03515625 0.0546875
1 0.673828125 0.470703125 0.021484375 0.0078125
1 0.7421875 0.501953125 0.00390625 0.05078125
1 0.669921875 0.51171875 0.021484375 0.052734375
1 0.3046875 0.525390625 0.044921875 0.0703125
1 0.609375 0.5234375 0.03515625 0.0625
1 0.65234375 0.529296875 0.03125 0.05859375
1 0.265625 0.546875 0.0234375 0.078125
1 0.712890625 0.544921875 0.01953125 0.041015625
1 0.439453125 0.560546875 0.033203125 0.052734375
1 0.38671875 0.5625 0.033203125 0.052734375
1 0.697265625 0.55078125 0.017578125 0.015625
1 0.591796875 0.58984375 0.029296875 0.056640625
1 0.69921875 0.603515625 0.03125 0.05859375
1 0.736328125 0.599609375 0.015625 0.046875
1 0.65234375 0.607421875 0.033203125 0.05859375
1 0.56640625 0.615234375 0.0390625 0.068359375
1 0.271484375 0.62890625 0.03515625 0.07421875
1 0.423828125 0.623046875 0.029296875 0.04296875
1 0.388671875 0.626953125 0.0078125 0.046875
1 0.349609375 0.6484375 0.046875 0.078125
1 0.5078125 0.646484375 0.025390625 0.048828125
1 0.6015625 0.65234375 0.029296875 0.04296875
1 0.72265625 0.634765625 0.01171875 0.005859375
1 0.697265625 0.64453125 0.013671875 0.00390625
1 0.6328125 0.6484375 0.009765625 0.005859375
1 0.740234375 0.6640625 0.005859375 0.03515625
1 0.6484375 0.654296875 0.015625 0.013671875
1 0.720703125 0.66796875 0.015625 0.037109375
1 0.671875 0.654296875 0.013671875 0.001953125
1 0.55078125 0.662109375 0.02734375 0.01171875
1 0.697265625 0.673828125 0.015625 0.037109375
1 0.431640625 0.6875 0.029296875 0.052734375
1 0.474609375 0.68359375 0.029296875 0.04296875
1 0.62890625 0.6640625 0.00390625 0.001953125
1 0.671875 0.68359375 0.01953125 0.037109375
1 0.28125 0.671875 0.03515625 0.005859375
1 0.388671875 0.697265625 0.03125 0.0546875
1 0.560546875 0.681640625 0.0234375 0.021484375
1 0.64453125 0.69140625 0.01953125 0.0390625
1 0.61328125 0.697265625 0.017578125 0.0390625
1 0.55078125 0.712890625 0.02734375 0.06640625
1 0.251953125 0.681640625 -0.00390625 0.001953125
1 0.515625 0.689453125 0.02734375 0.015625
1 0.583984375 0.70703125 0.0234375 0.037109375
1 0.740234375 0.7109375 0.01171875 0.03515625
1 0.291015625 0.720703125 0.03515625 0.048828125
1 0.341796875 0.71875 0.03515625 0.044921875
1 0.71875 0.71484375 0.015625 0.037109375
1 0.25390625 0.724609375 0.005859375 0.04296875
1 0.6953125 0.724609375 0.015625 0.037109375
1 0.51171875 0.7265625 0.025390625 0.037109375
1 0.470703125 0.728515625 0.029296875 0.033203125
1 0.66796875 0.728515625 0.017578125 0.03125
1 0.427734375 0.734375 0.029296875 0.0234375
1 0.638671875 0.734375 0.017578125 0.01953125
1 0.609375 0.736328125 0.017578125 0.015625
1 0.388671875 0.73828125 0.03125 0.013671875
1 0.736328125 0.740234375 0.013671875 0.009765625
1 0.580078125 0.7421875 0.01953125 0.0078125
