0 0.578125 0.490234375 0.0859375 0.0546875
0 0.2734375 0.484375 0.0234375 0.0234375
0 0.6953125 0.5078125 0.078125 0.046875
0 0.30859375 0.517578125 0.080078125 0.046875
0 0.271484375 0.544921875 0.0390625 0.05859375
0 0.501953125 0.54296875 0.08203125 0.044921875
0 0.39453125 0.556640625 0.080078125 0.041015625
0 0.609375 0.55859375 0.08203125 0.04296875
0 0.68359375 0.568359375 0.072265625 0.03515625
0 0.322265625 0.5703125 0.0625 0.029296875
0 0.263671875 0.5859375 0.0234375 0.013671875
0 0.447265625 0.60546875 0.052734375 0.025390625
0 0.294921875 0.60546875 0.052734375 0.021484375
0 0.73828125 0.609375 0.015625 0.02734375
0 0.33984375 0.607421875 0.0078125 0.017578125
0 0.6796875 0.615234375 0.064453125 0.029296875
0 0.384765625 0.623046875 0.072265625 0.03515625
0 0.50390625 0.6171875 0.015625 0.0234375
0 0.484375 0.626953125 0.0390625 0.025390625
0 0.5625 0.630859375 0.0859375 0.033203125
