1 0.326171875 0.26171875 0.095703125 0.021484375
1 0.404296875 0.275390625 0.048828125 0.048828125
1 0.2578125 0.265625 0.01171875 0.0234375
1 0.35546875 0.3046875 0.044921875 0.048828125
1 0.306640625 0.306640625 0.044921875 0.046875
1 0.263671875 0.294921875 0.0234375 0.021484375
1 0.412109375 0.31640625 0.04296875 0.021484375
1 0.265625 0.3359375 0.029296875 0.044921875
1 0.416015625 0.34375 0.041015625 0.0234375
1 0.36328125 0.345703125 0.04296875 0.021484375
1 0.3125 0.34765625 0.04296875 0.01953125
1 0.421875 0.384765625 0.04296875 0.044921875
1 0.3203125 0.38671875 0.046875 0.04296875
1 0.369140625 0.38671875 0.044921875 0.04296875
1 0.271484375 0.388671875 0.041015625 0.04296875
1 0.328125 0.42578125 0.041015625 0.01953125
1 0.42578125 0.423828125 0.041015625 0.017578125
1 0.275390625 0.42578125 0.041015625 0.017578125
1 0.375 0.42578125 0.0390625 0.015625
1 0.28125 0.453125 0.04296875 0.01953125
1 0.33203125 0.451171875 0.0390625 0.015625
1 0.380859375 0.451171875 0.0390625 0.015625
1 0.427734375 0.453125 0.041015625 0.01953125
1 0.296875 0.482421875 0.076171875 0.013671875
1 0.359375 0.482421875 0.033203125 0.013671875
1 0.40234375 0.484375 0.033203125 0.01171875
1 0.298828125 0.513671875 0.076171875 0.033203125
1 0.36328125 0.513671875 0.03125 0.033203125
1 0.408203125 0.515625 0.03515625 0.03515625
1 0.28515625 0.552734375 0.037109375 0.029296875
1 0.32421875 0.544921875 0.033203125 0.01171875
1 0.3671875 0.544921875 0.03515625 0.01171875
1 0.41015625 0.546875 0.029296875 0.01171875
1 0.328125 0.5625 0.029296875 0.009765625
1 0.369140625 0.564453125 0.03515625 0.01171875
1 0.412109375 0.59375 0.037109375 0.068359375
1 0.291015625 0.58203125 0.029296875 0.01171875
1 0.330078125 0.58203125 0.029296875 0.01171875
1 0.373046875 0.6015625 0.037109375 0.048828125
1 0.294921875 0.609375 0.033203125 0.03125
1 0.333984375 0.611328125 0.033203125 0.03125
1 0.38671875 0.658203125 0.041015625 0.0390625
1 0.33984375 0.66796875 0.041015625 0.056640625
1 0.435546875 0.66015625 0.0390625 0.0390625
1 0.3046875 0.6484375 0.01171875 0.013671875
1 0.482421875 0.662109375 0.015625 0.041015625
1 0.505859375 0.65234375 0.017578125 0.017578125
1 0.544921875 0.654296875 0.04296875 0.01953125
1 0.583984375 0.654296875 0.017578125 0.017578125
1 0.611328125 0.66015625 0.015625 0.015625
1 0.638671875 0.66015625 0.01953125 0.013671875
1 0.447265625 0.66796875 0.017578125 0.015625
1 0.26171875 0.67578125 0.01953125 0.02734375
1 0.3046875 0.669921875 0.01171875 0.013671875
1 0.517578125 0.69921875 0.04296875 0.060546875
1 0.53125 0.69140625 0.015625 0.0390625
1 0.556640625 0.701171875 0.021484375 0.060546875
1 0.58203125 0.69140625 0.017578125 0.037109375
1 0.609375 0.685546875 0.01953125 0.015625
1 0.63671875 0.685546875 0.01953125 0.015625
1 0.318359375 0.701171875 0.0390625 0.03125
1 0.330078125 0.69140625 0.013671875 0.01171875
1 0.376953125 0.69140625 0.015625 0.013671875
1 0.40234375 0.69140625 0.01171875 0.013671875
1 0.423828125 0.693359375 0.017578125 0.013671875
1 0.447265625 0.693359375 0.013671875 0.013671875
1 0.478515625 0.70703125 0.017578125 0.037109375
1 0.265625 0.703125 0.01953125 0.01171875
1 0.60546875 0.72265625 0.01953125 0.044921875
1 0.6328125 0.72265625 0.021484375 0.044921875
1 0.353515625 0.7109375 0.013671875 0.009765625
1 0.376953125 0.7109375 0.013671875 0.009765625
1 0.40234375 0.7265625 0.015625 0.0390625
1 0.42578125 0.7265625 0.015625 0.037109375
1 0.44921875 0.7265625 0.015625 0.037109375
1 0.265625 0.720703125 0.017578125 0.0078125
1 0.580078125 0.724609375 0.015625 0.013671875
1 0.32421875 0.734375 0.037109375 0.021484375
1 0.369140625 0.734375 0.0390625 0.021484375
1 0.25 0.736328125 -0.001953125 0.005859375
1 0.267578125 0.73828125 0.021484375 0.0078125
1 0.478515625 0.740234375 0.017578125 0.01171875
1 0.505859375 0.740234375 0.015625 0.009765625
1 0.529296875 0.7421875 0.013671875 0.0078125
1 0.580078125 0.7421875 0.015625 0.0078125
1 0.5546875 0.7421875 0.01953125 0.005859375
1 0.26953125 0.748046875 0.017578125 -0.00390625
