1 0.255859375 0.265625 0.0078125 0.029296875
1 0.32421875 0.28515625 0.115234375 0.06640625
1 0.4296875 0.255859375 0.029296875 0.0078125
1 0.48828125 0.255859375 0.072265625 0.009765625
1 0.55078125 0.255859375 0.03515625 0.009765625
1 0.3984375 0.2890625 0.017578125 0.0625
1 0.4296875 0.30078125 0.029296875 0.068359375
1 0.48828125 0.3046875 0.072265625 0.072265625
1 0.55078125 0.30859375 0.03515625 0.078125
1 0.291015625 0.390625 0.021484375 0.056640625
1 0.25390625 0.392578125 0.00390625 0.0546875
1 0.322265625 0.39453125 0.0234375 0.060546875
1 0.353515625 0.43359375 0.0234375 0.125
1 0.380859375 0.3828125 0.017578125 0.0078125
1 0.38671875 0.431640625 0.02734375 0.0703125
1 0.421875 0.439453125 0.029296875 0.068359375
1 0.45703125 0.4453125 0.029296875 0.068359375
1 0.49609375 0.453125 0.03125 0.072265625
1 0.30859375 0.458984375 0.05078125 0.0703125
1 0.2578125 0.458984375 0.01171875 0.05859375
1 0.38671875 0.50390625 0.025390625 0.068359375
1 0.40625 0.548828125 0.0625 0.146484375
1 0.458984375 0.55859375 0.02734375 0.14453125
1 0.294921875 0.517578125 0.021484375 0.056640625
1 0.49609375 0.564453125 0.03125 0.146484375
1 0.259765625 0.55078125 0.015625 0.111328125
1 0.32421875 0.525390625 0.01953125 0.056640625
1 0.353515625 0.53125 0.0234375 0.05859375
1 0.294921875 0.578125 0.021484375 0.056640625
1 0.326171875 0.595703125 0.0234375 0.076171875
1 0.388671875 0.62890625 0.095703125 0.126953125
1 0.27734375 0.669921875 0.05078125 0.123046875
1 0.57421875 0.638671875 0.01953125 0.048828125
1 0.552734375 0.642578125 0.0078125 0.021484375
1 0.25390625 0.65234375 0.005859375 0.037109375
1 0.458984375 0.666015625 0.02734375 0.064453125
1 0.328125 0.658203125 0.01171875 0.037109375
1 0.49609375 0.677734375 0.02734375 0.0703125
1 0.546875 0.68359375 0.01953125 0.04296875
1 0.5703125 0.70703125 0.021484375 0.078125
1 0.390625 0.693359375 0.013671875 0.02734375
1 0.33203125 0.703125 0.01171875 0.041015625
1 0.52734375 0.69140625 0.001953125 0.009765625
1 0.427734375 0.705078125 0.0390625 0.033203125
1 0.361328125 0.71484375 0.033203125 0.048828125
1 0.462890625 0.71484375 0.017578125 0.029296875
1 0.517578125 0.72265625 0.015625 0.044921875
1 0.54296875 0.7265625 0.01953125 0.037109375
1 0.4296875 0.73046875 0.0859375 0.03125
1 0.4921875 0.7265625 0.015625 0.0234375
1 0.490234375 0.744140625 0.017578125 0.00390625
