0 0.46484375 0.361328125 0.0234375 0.060546875
0 0.439453125 0.40625 0.029296875 0.06640625
0 0.4921875 0.40625 0.017578125 0.0546875
0 0.466796875 0.4375 0.0234375 0.0625
0 0.4921875 0.474609375 0.01953125 0.0546875
0 0.431640625 0.48828125 0.029296875 0.0625
0 0.462890625 0.51171875 0.025390625 0.05859375
0 0.47265625 0.55859375 0.021484375 0.048828125
0 0.4296875 0.572265625 0.02734375 0.0625
0 0.34375 0.576171875 0.03515625 0.0625
0 0.537109375 0.57421875 0.015625 0.04296875
0 0.38671875 0.638671875 0.03125 0.05859375
0 0.3359375 0.66015625 0.033203125 0.0625
0 0.453125 0.72265625 0.0234375 0.046875
