0 0.47265625 0.4375 0.03125 0.07421875
0 0.3515625 0.4375 0.017578125 0.05078125
0 0.603515625 0.466796875 0.05078125 0.08984375
0 0.43359375 0.458984375 0.025390625 0.06640625
0 0.326171875 0.453125 0.013671875 0.052734375
0 0.3046875 0.466796875 0.013671875 0.048828125
0 0.548828125 0.486328125 0.041015625 0.08203125
0 0.404296875 0.4765625 0.01953125 0.060546875
0 0.375 0.4921875 0.017578125 0.052734375
0 0.505859375 0.505859375 0.033203125 0.07421875
0 0.259765625 0.49609375 0.009765625 0.037109375
0 0.3515625 0.50390625 0.015625 0.052734375
0 0.46484375 0.51953125 0.02734375 0.06640625
0 0.328125 0.513671875 0.01171875 0.041015625
0 0.431640625 0.53515625 0.0234375 0.0625
0 0.306640625 0.525390625 0.01171875 0.041015625
0 0.400390625 0.544921875 0.021484375 0.056640625
0 0.275390625 0.541015625 0.009765625 0.041015625
0 0.2578125 0.548828125 0.009765625 0.03515625
0 0.373046875 0.556640625 0.013671875 0.05078125
0 0.34765625 0.564453125 0.015625 0.05078125
0 0.326171875 0.57421875 0.013671875 0.046875
0 0.3046875 0.580078125 0.009765625 0.04296875
0 0.291015625 0.5859375 0.009765625 0.0390625
0 0.2734375 0.591796875 0.009765625 0.0390625
0 0.2578125 0.59765625 0.009765625 0.03515625
