0 0.8125 0.5703125 0.080078125 0.064453125
0 0.509765625 0.591796875 0.052734375 0.044921875
0 0.224609375 0.609375 0.044921875 0.04296875
0 0.26953125 0.609375 0.056640625 0.04296875
0 0.38671875 0.611328125 0.056640625 0.046875
0 0.0234375 0.62109375 0.0390625 0.041015625
0 0.591796875 0.6484375 0.0703125 0.056640625
0 0.71875 0.658203125 0.0703125 0.060546875
0 0.126953125 0.654296875 0.048828125 0.04296875
0 0.037109375 0.66796875 0.04296875 0.03125
0 0.369140625 0.693359375 0.044921875 0.037109375
0 0.025390625 0.69921875 0.046875 0.03515625
0 0.298828125 0.701171875 0.052734375 0.041015625
0 0.861328125 0.708984375 0.080078125 0.0546875
0 0.615234375 0.720703125 0.068359375 0.052734375
0 0.53125 0.734375 0.0546875 0.048828125
0 0.4375 0.73828125 0.0546875 0.041015625
0 0.216796875 0.7421875 0.052734375 0.041015625
0 0.154296875 0.744140625 0.046875 0.033203125
0 0.75 0.771484375 0.07421875 0.0546875
0 0.96875 0.775390625 0.0546875 0.060546875
0 0.32421875 0.7734375 0.048828125 0.0390625
0 0.09765625 0.77734375 0.041015625 0.03125
0 0.859375 0.779296875 0.0390625 0.037109375
0 0.91796875 0.779296875 0.046875 0.037109375
0 0.4765625 0.791015625 0.05078125 0.033203125
0 0.251953125 0.79296875 0.044921875 0.025390625
0 0.544921875 0.8046875 0.056640625 0.04296875
0 0.615234375 0.814453125 0.052734375 0.048828125
0 0.037109375 0.8125 0.037109375 0.025390625
0 0.162109375 0.818359375 0.052734375 0.037109375
0 0.685546875 0.826171875 0.05859375 0.04296875
0 0.251953125 0.8359375 0.037109375 0.0234375
0 0.53515625 0.833984375 0.029296875 0.009765625
0 0.048828125 0.84765625 0.03125 0.025390625
0 0.173828125 0.85546875 0.046875 0.03125
0 0.408203125 0.861328125 0.048828125 0.037109375
0 0.314453125 0.876953125 0.048828125 0.037109375
0 0.130859375 0.8828125 0.02734375 0.017578125
0 0.955078125 0.904296875 0.078125 0.0546875
0 0.62109375 0.908203125 0.064453125 0.048828125
0 0.748046875 0.9296875 0.05859375 0.048828125
0 0.109375 0.931640625 0.033203125 0.021484375
0 0.40625 0.939453125 0.04296875 0.033203125
0 0.72265625 0.94921875 0.0625 0.046875
0 0.166015625 0.947265625 0.033203125 0.021484375
0 0.28125 0.951171875 0.04296875 0.029296875
0 0.34375 0.958984375 0.041015625 0.029296875
0 0.48046875 0.970703125 0.056640625 0.037109375
0 0.5546875 0.970703125 0.0546875 0.037109375
0 0.845703125 0.974609375 0.068359375 0.041015625
0 0.662109375 0.974609375 0.0546875 0.037109375
0 0.169921875 0.98046875 0.029296875 0.01953125
0 0.96875 0.986328125 0.0546875 0.017578125
