0 0.28515625 0.466796875 0.068359375 0.119140625
0 0.328125 0.4453125 0.056640625 0.060546875
0 0.599609375 0.4609375 0.068359375 0.072265625
0 0.66796875 0.45703125 0.0546875 0.0625
0 0.72265625 0.45703125 0.044921875 0.0625
0 0.498046875 0.486328125 0.119140625 0.111328125
0 0.361328125 0.505859375 0.060546875 0.056640625
0 0.544921875 0.513671875 0.0625 0.046875
0 0.62109375 0.521484375 0.064453125 0.064453125
0 0.71484375 0.576171875 0.0625 0.119140625
0 0.267578125 0.55078125 0.03125 0.0546875
0 0.33203125 0.560546875 0.056640625 0.0546875
0 0.501953125 0.564453125 0.060546875 0.0546875
0 0.423828125 0.5859375 0.0703125 0.0703125
0 0.66015625 0.60546875 0.0703125 0.06640625
0 0.46484375 0.607421875 0.048828125 0.05078125
0 0.294921875 0.609375 0.052734375 0.052734375
0 0.599609375 0.6328125 0.060546875 0.05859375
0 0.53125 0.634765625 0.0625 0.05859375
0 0.265625 0.650390625 0.02734375 0.05078125
0 0.740234375 0.673828125 0.01171875 0.046875
0 0.69140625 0.689453125 0.056640625 0.05078125
0 0.490234375 0.69921875 0.060546875 0.05859375
0 0.63671875 0.716796875 0.072265625 0.056640625
0 0.5703125 0.732421875 0.07421875 0.025390625
