0 0.287109375 0.4921875 0.046875 0.029296875
0 0.361328125 0.4921875 0.046875 0.02734375
0 0.41796875 0.5 0.04296875 0.02734375
0 0.462890625 0.53515625 0.044921875 0.02734375
0 0.49609375 0.572265625 0.021484375 0.0234375
0 0.576171875 0.5859375 0.005859375 0.017578125
0 0.533203125 0.59765625 0.052734375 0.029296875
0 0.328125 0.599609375 0.048828125 0.025390625
0 0.38671875 0.599609375 0.048828125 0.025390625
0 0.2578125 0.607421875 0.0078125 0.017578125
0 0.697265625 0.6328125 0.09765625 0.052734375
0 0.4375 0.626953125 0.046875 0.025390625
0 0.31640625 0.634765625 0.044921875 0.025390625
0 0.373046875 0.63671875 0.044921875 0.0234375
0 0.265625 0.640625 0.02734375 0.0234375
0 0.638671875 0.650390625 0.052734375 0.025390625
0 0.416015625 0.658203125 0.044921875 0.025390625
0 0.474609375 0.66015625 0.046875 0.0234375
0 0.357421875 0.6640625 0.04296875 0.0234375
0 0.296875 0.6640625 0.046875 0.021484375
0 0.673828125 0.67578125 0.044921875 0.025390625
0 0.25390625 0.673828125 0.005859375 0.015625
0 0.73828125 0.67578125 0.015625 0.021484375
0 0.609375 0.681640625 0.044921875 0.0234375
0 0.337890625 0.689453125 0.04296875 0.01953125
0 0.47265625 0.689453125 0.046875 0.021484375
0 0.279296875 0.693359375 0.04296875 0.0234375
0 0.408203125 0.693359375 0.044921875 0.0234375
0 0.716796875 0.69921875 0.046875 0.0234375
0 0.642578125 0.708984375 0.044921875 0.0234375
0 0.583984375 0.712890625 0.044921875 0.021484375
0 0.38671875 0.716796875 0.04296875 0.0234375
0 0.443359375 0.71484375 0.04296875 0.021484375
0 0.328125 0.716796875 0.04296875 0.021484375
0 0.26953125 0.720703125 0.037109375 0.021484375
0 0.685546875 0.732421875 0.044921875 0.0234375
0 0.736328125 0.736328125 0.017578125 0.01953125
0 0.611328125 0.73828125 0.044921875 0.015625
0 0.361328125 0.740234375 0.044921875 0.01171875
0 0.416015625 0.740234375 0.041015625 0.01171875
0 0.2578125 0.7421875 0.01171875 0.0078125
0 0.302734375 0.7421875 0.044921875 0.005859375
