0 0.232421875 0.064453125 0.0546875 0.126953125
0 0.41796875 0.09765625 0.078125 0.19140625
0 0.53125 0.048828125 0.0859375 0.09375
0 0.74609375 0.134765625 0.11328125 0.267578125
0 0.884765625 0.076171875 0.125 0.150390625
0 0.3125 0.138671875 0.072265625 0.2578125
0 0.607421875 0.197265625 0.10546875 0.349609375
0 0.966796875 0.271484375 0.05859375 0.42578125
0 0.134765625 0.177734375 0.044921875 0.201171875
0 0.490234375 0.3046875 0.087890625 0.3203125
0 0.0546875 0.263671875 0.02734375 0.146484375
0 0.8359375 0.37890625 0.119140625 0.375
0 0.201171875 0.365234375 0.044921875 0.24609375
0 0.39453125 0.3828125 0.06640625 0.275390625
0 0.697265625 0.48046875 0.111328125 0.359375
0 0.291015625 0.478515625 0.060546875 0.267578125
0 0.099609375 0.470703125 0.0390625 0.169921875
0 0.572265625 0.5703125 0.09765625 0.33984375
0 0.45703125 0.6484375 0.080078125 0.314453125
0 0.939453125 0.6875 0.11328125 0.376953125
0 0.01953125 0.556640625 0.03515625 0.111328125
0 0.177734375 0.64453125 0.037109375 0.16015625
0 0.359375 0.732421875 0.072265625 0.27734375
0 0.791015625 0.783203125 0.11328125 0.375
0 0.080078125 0.767578125 0.033203125 0.17578125
0 0.251953125 0.802734375 0.052734375 0.244140625
0 0.65234375 0.841796875 0.111328125 0.306640625
0 0.53515625 0.8828125 0.087890625 0.2265625
0 0.42578125 0.919921875 0.078125 0.150390625
0 0.14453125 0.9296875 0.05078125 0.1328125
0 0.888671875 0.95703125 0.103515625 0.078125
0 0.3203125 0.95703125 0.05859375 0.072265625
0 0.060546875 0.984375 0.025390625 0.0234375
0 0.234375 0.986328125 0.033203125 0.017578125
0 0.7421875 0.990234375 0.04296875 0.009765625
