0 0.025390625 0.27734375 0.048828125 0.15625
0 0.173828125 0.396484375 0.091796875 0.10546875
0 0.595703125 0.47265625 0.236328125 0.25390625
0 0.09765625 0.419921875 0.09765625 0.138671875
0 0.029296875 0.486328125 0.05078125 0.08203125
0 0.853515625 0.552734375 0.158203125 0.1484375
0 0.4921875 0.578125 0.150390625 0.166015625
0 0.958984375 0.615234375 0.072265625 0.201171875
0 0.056640625 0.62109375 0.109375 0.16796875
0 0.716796875 0.669921875 0.1328125 0.134765625
0 0.22265625 0.666015625 0.11328125 0.107421875
0 0.4296875 0.736328125 0.15234375 0.177734375
0 0.66796875 0.763671875 0.158203125 0.1796875
0 0.201171875 0.728515625 0.076171875 0.068359375
0 0.306640625 0.763671875 0.09765625 0.1171875
0 0.873046875 0.8515625 0.24609375 0.2890625
0 0.015625 0.814453125 0.02734375 0.09375
0 0.103515625 0.900390625 0.138671875 0.154296875
0 0.783203125 0.9296875 0.109375 0.1171875
0 0.623046875 0.966796875 0.18359375 0.05859375
0 0.841796875 0.9921875 -0.00390625 -0.00390625
