1 0.560546875 0.033203125 0.0703125 0.064453125
1 0.771484375 0.009765625 0.02734375 0.017578125
1 0.798828125 0.015625 0.015625 0.02734375
1 0.8203125 0.021484375 0.0234375 0.041015625
1 0.849609375 0.025390625 0.021484375 0.048828125
1 0.177734375 0.08203125 0.115234375 0.15625
1 0.29296875 0.169921875 0.095703125 0.333984375
1 0.638671875 0.041015625 0.056640625 0.076171875
1 0.771484375 0.056640625 0.025390625 0.068359375
1 0.796875 0.068359375 0.009765625 0.05859375
1 0.8203125 0.076171875 0.0234375 0.060546875
1 0.853515625 0.083984375 0.021484375 0.060546875
1 0.56640625 0.138671875 0.0625 0.1328125
1 0.646484375 0.146484375 0.05859375 0.1328125
1 0.771484375 0.126953125 0.025390625 0.068359375
1 0.794921875 0.13671875 0.009765625 0.064453125
1 0.818359375 0.142578125 0.021484375 0.060546875
1 0.857421875 0.150390625 0.021484375 0.0625
1 0.18359375 0.2421875 0.109375 0.1796875
1 0.771484375 0.197265625 0.02734375 0.064453125
1 0.796875 0.208984375 0.01171875 0.05859375
1 0.8203125 0.212890625 0.017578125 0.060546875
1 0.853515625 0.21875 0.021484375 0.064453125
1 0.56640625 0.283203125 0.06640625 0.130859375
1 0.642578125 0.291015625 0.060546875 0.125
1 0.94140625 0.279296875 0.017578125 0.0546875
1 0.76953125 0.296875 0.025390625 0.064453125
1 0.802734375 0.3359375 0.0234375 0.134765625
1 0.830078125 0.3046875 0.015625 0.056640625
1 0.853515625 0.33984375 0.017578125 0.126953125
1 0.939453125 0.337890625 0.01953125 0.048828125
1 0.76953125 0.369140625 0.025390625 0.06640625
1 0.828125 0.373046875 0.01171875 0.05859375
1 0.302734375 0.451171875 0.1015625 0.1640625
1 0.189453125 0.455078125 0.11328125 0.169921875
1 0.404296875 0.451171875 0.083984375 0.15234375
1 0.94140625 0.400390625 0.017578125 0.05078125
1 0.966796875 0.400390625 0.013671875 0.052734375
1 0.98828125 0.400390625 0.015625 0.046875
1 0.638671875 0.447265625 0.056640625 0.125
1 0.55859375 0.451171875 0.064453125 0.130859375
1 0.76953125 0.44140625 0.025390625 0.0625
1 0.828125 0.439453125 0.009765625 0.060546875
1 0.80078125 0.443359375 0.017578125 0.05859375
1 0.853515625 0.439453125 0.017578125 0.052734375
1 0.982421875 0.45703125 0.009765625 0.048828125
1 0.962890625 0.4609375 0.013671875 0.048828125
1 0.939453125 0.462890625 0.017578125 0.048828125
1 0.8515625 0.50390625 0.017578125 0.056640625
1 0.798828125 0.509765625 0.017578125 0.060546875
1 0.826171875 0.5078125 0.013671875 0.0546875
1 0.765625 0.513671875 0.025390625 0.05859375
1 0.64453125 0.583984375 0.0625 0.1328125
1 0.572265625 0.59375 0.06640625 0.142578125
1 0.412109375 0.611328125 0.087890625 0.16015625
1 0.306640625 0.623046875 0.09765625 0.169921875
1 0.19140625 0.638671875 0.11328125 0.18359375
1 0.818359375 0.6015625 0.021484375 0.064453125
1 0.84765625 0.59765625 0.01953125 0.056640625
1 0.791015625 0.60546875 0.01953125 0.064453125
1 0.759765625 0.609375 0.021484375 0.064453125
1 0.845703125 0.662109375 0.017578125 0.060546875
1 0.81640625 0.669921875 0.017578125 0.05859375
1 0.791015625 0.673828125 0.017578125 0.0625
1 0.646484375 0.71875 0.05859375 0.13671875
1 0.759765625 0.681640625 0.021484375 0.064453125
1 0.576171875 0.736328125 0.060546875 0.140625
1 0.4140625 0.767578125 0.0859375 0.16015625
1 0.845703125 0.73046875 0.01953125 0.0625
1 0.310546875 0.791015625 0.08984375 0.171875
1 0.81640625 0.736328125 0.017578125 0.0625
1 0.791015625 0.744140625 0.01953125 0.06640625
1 0.7578125 0.751953125 0.025390625 0.068359375
1 0.19921875 0.818359375 0.11328125 0.197265625
1 0.84765625 0.794921875 0.01953125 0.060546875
1 0.818359375 0.8046875 0.0234375 0.05859375
1 0.791015625 0.810546875 0.01953125 0.060546875
1 0.76171875 0.82421875 0.025390625 0.06640625
1 0.63671875 0.884765625 0.048828125 0.142578125
1 0.578125 0.912109375 0.05859375 0.150390625
1 0.849609375 0.888671875 0.021484375 0.068359375
1 0.822265625 0.900390625 0.017578125 0.06640625
1 0.796875 0.91015625 0.017578125 0.06640625
1 0.419921875 0.9375 0.083984375 0.111328125
1 0.767578125 0.921875 0.021484375 0.072265625
1 0.31640625 0.947265625 0.09375 0.09375
1 0.8515625 0.953125 0.017578125 0.05859375
1 0.201171875 0.9609375 0.107421875 0.064453125
1 0.822265625 0.962890625 0.01953125 0.060546875
1 0.791015625 0.970703125 0.021484375 0.046875
1 0.662109375 0.970703125 0.05859375 0.044921875
1 0.759765625 0.978515625 0.021484375 0.03515625
1 0.58984375 0.986328125 0.056640625 0.01953125
