0 0.67578125 0.09375 0.064453125 0.181640625
0 0.376953125 0.130859375 0.048828125 0.103515625
0 0.466796875 0.142578125 0.04296875 0.107421875
0 0.19140625 0.17578125 0.103515625 0.09765625
0 0.595703125 0.369140625 0.15625 0.404296875
0 0.2734375 0.224609375 0.033203125 0.044921875
0 0.880859375 0.26953125 0.02734375 0.12890625
0 0.408203125 0.328125 0.09375 0.23046875
0 0.4453125 0.244140625 0.0234375 0.060546875
0 0.3046875 0.306640625 0.0546875 0.115234375
0 0.072265625 0.3828125 0.12890625 0.2265625
0 0.685546875 0.359375 0.025390625 0.095703125
0 0.8828125 0.462890625 0.048828125 0.21875
0 0.33203125 0.615234375 0.203125 0.443359375
0 0.470703125 0.541015625 0.052734375 0.14453125
0 0.685546875 0.609375 0.037109375 0.119140625
0 0.720703125 0.64453125 0.01953125 0.11328125
0 0.19921875 0.81640625 0.244140625 0.359375
0 0.896484375 0.720703125 0.029296875 0.099609375
0 0.697265625 0.796875 0.08203125 0.232421875
0 0.490234375 0.830078125 0.087890625 0.115234375
0 0.638671875 0.927734375 0.1328125 0.134765625
0 0.83984375 0.958984375 0.06640625 0.07421875
