1 0.185546875 0.0703125 0.02734375 0.044921875
1 0.1484375 0.091796875 0.025390625 0.0390625
1 0.19140625 0.10546875 0.03125 0.046875
1 0.1171875 0.10546875 0.017578125 0.03515625
1 0.451171875 0.13671875 0.09375 0.083984375
1 0.15234375 0.12890625 0.025390625 0.03515625
1 0.119140625 0.142578125 0.021484375 0.0390625
1 0.19140625 0.1484375 0.03125 0.0390625
1 0.359375 0.166015625 0.0703125 0.07421875
1 0.15625 0.166015625 0.0234375 0.0390625
1 0.28515625 0.185546875 0.056640625 0.05859375
1 0.123046875 0.1796875 0.021484375 0.03515625
1 0.1953125 0.189453125 0.029296875 0.0390625
1 0.451171875 0.212890625 0.09375 0.068359375
1 0.158203125 0.203125 0.0234375 0.03515625
1 0.126953125 0.212890625 0.015625 0.02734375
1 0.359375 0.23046875 0.0703125 0.056640625
1 0.287109375 0.240234375 0.052734375 0.05078125
1 0.453125 0.27734375 0.087890625 0.056640625
1 0.359375 0.2890625 0.0703125 0.056640625
1 0.201171875 0.283203125 0.01171875 0.03515625
1 0.181640625 0.287109375 0.0078125 0.0390625
1 0.166015625 0.2890625 0.005859375 0.03515625
1 0.2890625 0.294921875 0.056640625 0.046875
1 0.1484375 0.2890625 0.005859375 0.033203125
1 0.095703125 0.30078125 0.0 0.0234375
1 0.220703125 0.328125 0.0078125 0.033203125
1 0.162109375 0.33203125 0.0078125 0.02734375
1 0.1796875 0.333984375 0.0078125 0.033203125
1 0.19921875 0.33203125 0.0078125 0.02734375
1 0.44921875 0.345703125 0.08984375 0.056640625
1 0.361328125 0.345703125 0.06640625 0.044921875
1 0.10546875 0.333984375 0.001953125 0.009765625
1 0.291015625 0.373046875 0.05859375 0.0859375
1 0.1171875 0.37109375 0.0078125 0.017578125
1 0.150390625 0.375 0.013671875 0.0234375
1 0.193359375 0.376953125 0.0078125 0.029296875
1 0.2109375 0.380859375 0.005859375 0.03515625
1 0.234375 0.376953125 0.0078125 0.029296875
1 0.173828125 0.380859375 0.00390625 0.0234375
1 0.361328125 0.408203125 0.06640625 0.044921875
1 0.453125 0.412109375 0.087890625 0.052734375
1 0.09765625 0.41015625 0.00390625 0.0234375
1 0.111328125 0.412109375 0.00390625 0.029296875
1 0.123046875 0.412109375 0.001953125 0.029296875
1 0.138671875 0.416015625 0.00390625 0.0234375
1 0.150390625 0.416015625 0.001953125 0.0234375
1 0.203125 0.421875 0.0078125 0.03515625
1 0.169921875 0.421875 0.00390625 0.0234375
1 0.185546875 0.423828125 0.0078125 0.029296875
1 0.22265625 0.427734375 0.01171875 0.03515625
1 0.2421875 0.4296875 0.009765625 0.0390625
1 0.296875 0.44921875 0.05078125 0.044921875
1 0.12109375 0.44921875 0.005859375 0.021484375
1 0.3671875 0.46484375 0.06640625 0.05078125
1 0.142578125 0.455078125 0.00390625 0.021484375
1 0.1640625 0.458984375 0.00390625 0.02734375
1 0.189453125 0.466796875 0.02734375 0.033203125
1 0.455078125 0.478515625 0.091796875 0.056640625
1 0.296875 0.498046875 0.052734375 0.052734375
1 0.3671875 0.517578125 0.06640625 0.05078125
1 0.146484375 0.50390625 0.00390625 0.017578125
1 0.193359375 0.50390625 0.005859375 0.017578125
1 0.173828125 0.509765625 0.00390625 0.017578125
1 0.2109375 0.515625 0.0078125 0.029296875
1 0.244140625 0.515625 0.0078125 0.029296875
1 0.453125 0.53515625 0.087890625 0.056640625
1 0.296875 0.546875 0.052734375 0.044921875
1 0.169921875 0.546875 0.00390625 0.021484375
1 0.19140625 0.546875 0.00390625 0.021484375
1 0.3671875 0.5703125 0.06640625 0.056640625
1 0.224609375 0.564453125 0.0078125 0.033203125
1 0.451171875 0.595703125 0.083984375 0.064453125
1 0.1953125 0.62109375 0.005859375 0.021484375
1 0.2265625 0.63671875 0.0078125 0.02734375
1 0.19140625 0.65625 0.00390625 0.009765625
1 0.20703125 0.662109375 0.0078125 0.021484375
1 0.22265625 0.673828125 0.00390625 0.0234375
1 0.3046875 0.69140625 0.01171875 0.046875
1 0.23828125 0.703125 0.015625 0.05859375
1 0.18359375 0.685546875 0.00390625 0.01171875
1 0.201171875 0.69921875 0.00390625 0.029296875
1 0.328125 0.7109375 0.015625 0.041015625
1 0.216796875 0.7109375 0.0078125 0.029296875
1 0.37890625 0.73046875 0.056640625 0.056640625
1 0.25390625 0.7265625 0.00390625 0.0234375
1 0.296875 0.732421875 0.0078125 0.0234375
1 0.193359375 0.736328125 0.005859375 0.021484375
1 0.322265625 0.75390625 0.01953125 0.033203125
1 0.18359375 0.7578125 0.017578125 0.02734375
1 0.228515625 0.7578125 0.00390625 0.015625
1 0.291015625 0.765625 0.01171875 0.033203125
1 0.3515625 0.7734375 0.015625 0.041015625
1 0.24609375 0.763671875 0.00390625 0.015625
1 0.265625 0.771484375 0.0078125 0.0234375
1 0.314453125 0.783203125 0.015625 0.03515625
1 0.380859375 0.7890625 0.017578125 0.046875
1 0.41796875 0.802734375 0.025390625 0.041015625
1 0.2421875 0.80078125 0.01171875 0.0234375
1 0.337890625 0.8125 0.015625 0.046875
1 0.294921875 0.822265625 0.03125 0.056640625
1 0.26171875 0.814453125 0.0078125 0.029296875
1 0.21875 0.826171875 0.00390625 0.017578125
1 0.328125 0.849609375 0.017578125 0.0390625
1 0.423828125 0.861328125 0.056640625 0.0625
1 0.25390625 0.861328125 0.013671875 0.0390625
1 0.357421875 0.869140625 0.01953125 0.044921875
1 0.23046875 0.86328125 0.0078125 0.0234375
1 0.291015625 0.87109375 0.017578125 0.041015625
1 0.384765625 0.88671875 0.021484375 0.03515625
1 0.41796875 0.90625 0.017578125 0.029296875
1 0.44921875 0.91796875 0.015625 0.005859375
