0 0.751953125 0.087890625 0.232421875 0.173828125
0 0.845703125 0.21875 0.095703125 0.080078125
0 0.376953125 0.24609375 0.154296875 0.119140625
0 0.951171875 0.271484375 0.08984375 0.103515625
0 0.240234375 0.337890625 0.13671875 0.107421875
0 0.470703125 0.3984375 0.064453125 0.048828125
0 0.564453125 0.41796875 0.068359375 0.05078125
0 0.388671875 0.455078125 0.060546875 0.046875
0 0.47265625 0.466796875 0.064453125 0.044921875
0 0.322265625 0.5 0.064453125 0.04296875
0 0.970703125 0.736328125 0.05078125 0.208984375
0 0.80859375 0.77734375 0.16015625 0.12890625
0 0.16796875 0.888671875 0.333984375 0.212890625
