1 0.044921875 0.353515625 0.017578125 0.05078125
1 0.072265625 0.35546875 0.017578125 0.044921875
1 0.099609375 0.359375 0.025390625 0.05078125
1 0.130859375 0.361328125 0.025390625 0.0546875
1 0.1640625 0.36328125 0.021484375 0.05078125
1 0.201171875 0.369140625 0.025390625 0.05078125
1 0.236328125 0.37109375 0.0234375 0.0546875
1 0.27734375 0.376953125 0.01953125 0.0546875
1 0.310546875 0.38671875 0.021484375 0.0546875
1 0.3515625 0.38671875 0.02734375 0.0546875
1 0.392578125 0.390625 0.029296875 0.056640625
1 0.43359375 0.396484375 0.041015625 0.06640625
1 0.4765625 0.40234375 0.033203125 0.06640625
1 0.521484375 0.408203125 0.029296875 0.060546875
1 0.564453125 0.416015625 0.037109375 0.064453125
1 0.0546875 0.412109375 0.013671875 0.044921875
1 0.611328125 0.42578125 0.037109375 0.0703125
1 0.08203125 0.419921875 0.021484375 0.05078125
1 0.111328125 0.419921875 0.017578125 0.05078125
1 0.142578125 0.42578125 0.017578125 0.044921875
1 0.173828125 0.4296875 0.017578125 0.05078125
1 0.203125 0.431640625 0.021484375 0.056640625
1 0.2421875 0.443359375 0.02734375 0.0546875
1 0.275390625 0.4453125 0.021484375 0.05078125
1 0.30859375 0.455078125 0.033203125 0.060546875
1 0.349609375 0.455078125 0.029296875 0.060546875
1 0.388671875 0.462890625 0.029296875 0.0546875
1 0.431640625 0.470703125 0.029296875 0.060546875
1 0.474609375 0.48046875 0.029296875 0.060546875
1 0.060546875 0.474609375 0.017578125 0.041015625
1 0.517578125 0.484375 0.029296875 0.060546875
1 0.091796875 0.478515625 0.017578125 0.04296875
1 0.123046875 0.486328125 0.017578125 0.0390625
1 0.150390625 0.48828125 0.017578125 0.044921875
1 0.185546875 0.494140625 0.025390625 0.0546875
1 0.560546875 0.49609375 0.029296875 0.060546875
1 0.220703125 0.49609375 0.025390625 0.05078125
1 0.607421875 0.50390625 0.037109375 0.06640625
1 0.2578125 0.505859375 0.01953125 0.048828125
1 0.2890625 0.513671875 0.017578125 0.044921875
1 0.3203125 0.51953125 0.025390625 0.0546875
1 0.35546875 0.529296875 0.025390625 0.06640625
1 0.392578125 0.5390625 0.029296875 0.0546875
1 0.435546875 0.541015625 0.029296875 0.060546875
1 0.48828125 0.544921875 0.017578125 0.046875
1 0.521484375 0.5625 0.029296875 0.060546875
1 0.5625 0.572265625 0.033203125 0.060546875
1 0.611328125 0.580078125 0.037109375 0.064453125
1 0.0546875 0.580078125 0.021484375 0.044921875
1 0.083984375 0.583984375 0.017578125 0.044921875
1 0.123046875 0.583984375 0.017578125 0.044921875
1 0.146484375 0.576171875 0.009765625 0.00390625
1 0.166015625 0.62890625 0.056640625 0.060546875
1 0.3203125 0.630859375 0.025390625 0.056640625
1 0.21484375 0.63671875 0.021484375 0.0546875
1 0.0703125 0.638671875 0.021484375 0.0390625
1 0.09765625 0.638671875 0.013671875 0.041015625
1 0.251953125 0.64453125 0.0234375 0.05078125
1 0.35546875 0.646484375 0.025390625 0.0546875
1 0.12890625 0.646484375 0.013671875 0.044921875
1 0.39453125 0.65234375 0.025390625 0.0546875
1 0.431640625 0.6640625 0.029296875 0.048828125
1 0.4765625 0.673828125 0.033203125 0.048828125
1 0.521484375 0.681640625 0.029296875 0.0546875
1 0.56640625 0.685546875 0.033203125 0.05078125
1 0.61328125 0.693359375 0.041015625 0.06640625
1 0.177734375 0.681640625 0.017578125 0.033203125
1 0.08203125 0.6875 0.013671875 0.03515625
1 0.205078125 0.689453125 0.017578125 0.041015625
1 0.271484375 0.701171875 0.0234375 0.05078125
1 0.109375 0.69921875 0.013671875 0.041015625
1 0.236328125 0.69921875 0.0234375 0.041015625
1 0.3125 0.705078125 0.025390625 0.05078125
1 0.14453125 0.705078125 0.029296875 0.041015625
1 0.353515625 0.7109375 0.021484375 0.05078125
1 0.390625 0.720703125 0.033203125 0.05078125
1 0.435546875 0.728515625 0.029296875 0.0546875
1 0.173828125 0.73828125 0.025390625 0.0546875
1 0.478515625 0.73828125 0.029296875 0.0546875
1 0.521484375 0.748046875 0.029296875 0.056640625
1 0.20703125 0.751953125 0.021484375 0.05078125
1 0.564453125 0.75390625 0.029296875 0.0546875
1 0.609375 0.759765625 0.033203125 0.0546875
1 0.240234375 0.7578125 0.015625 0.044921875
1 0.2734375 0.76953125 0.02734375 0.0546875
1 0.330078125 0.76171875 0.021484375 0.0390625
1 0.365234375 0.76953125 0.021484375 0.044921875
1 0.404296875 0.78125 0.021484375 0.041015625
1 0.44140625 0.791015625 0.025390625 0.048828125
1 0.48046875 0.798828125 0.025390625 0.056640625
1 0.51953125 0.810546875 0.033203125 0.0546875
1 0.564453125 0.822265625 0.029296875 0.048828125
1 0.60546875 0.830078125 0.033203125 0.0546875
