0 0.021484375 0.23828125 0.0390625 0.109375
0 0.974609375 0.23828125 0.04296875 0.103515625
0 0.087890625 0.236328125 0.060546875 0.095703125
0 0.904296875 0.240234375 0.072265625 0.103515625
0 0.169921875 0.23828125 0.05859375 0.095703125
0 0.8203125 0.2421875 0.07421875 0.1015625
0 0.25390625 0.244140625 0.0625 0.095703125
0 0.7421875 0.248046875 0.064453125 0.099609375
0 0.09375 0.34375 0.1484375 0.10546875
0 0.857421875 0.34375 0.072265625 0.103515625
0 0.94140625 0.34375 0.064453125 0.103515625
0 0.208984375 0.34765625 0.068359375 0.103515625
0 0.291015625 0.349609375 0.06640625 0.099609375
0 0.69921875 0.349609375 0.064453125 0.091796875
0 0.779296875 0.349609375 0.06640625 0.091796875
0 0.990234375 0.345703125 0.01171875 0.080078125
0 0.025390625 0.439453125 0.046875 0.099609375
0 0.96875 0.4453125 0.0546875 0.1015625
0 0.091796875 0.447265625 0.0703125 0.09765625
0 0.89453125 0.447265625 0.06640625 0.09765625
0 0.251953125 0.44921875 0.064453125 0.095703125
0 0.66015625 0.44921875 0.0625 0.095703125
0 0.77734375 0.451171875 0.150390625 0.099609375
0 0.16796875 0.453125 0.064453125 0.099609375
0 0.330078125 0.451171875 0.068359375 0.091796875
0 0.69140625 0.544921875 0.064453125 0.099609375
0 0.052734375 0.544921875 0.068359375 0.091796875
0 0.1328125 0.548828125 0.064453125 0.099609375
0 0.6171875 0.548828125 0.0703125 0.09765625
0 0.212890625 0.552734375 0.0625 0.1015625
0 0.8125 0.55078125 0.1484375 0.09765625
0 0.373046875 0.55078125 0.068359375 0.09375
0 0.931640625 0.552734375 0.076171875 0.099609375
0 0.291015625 0.552734375 0.064453125 0.091796875
0 0.98828125 0.55078125 0.015625 0.087890625
0 0.0234375 0.650390625 0.04296875 0.107421875
0 0.888671875 0.646484375 0.060546875 0.099609375
0 0.966796875 0.646484375 0.05859375 0.099609375
0 0.73046875 0.6484375 0.064453125 0.095703125
0 0.814453125 0.650390625 0.0625 0.09765625
0 0.091796875 0.650390625 0.068359375 0.095703125
0 0.658203125 0.650390625 0.064453125 0.09375
0 0.169921875 0.650390625 0.060546875 0.091796875
0 0.251953125 0.65234375 0.064453125 0.095703125
0 0.408203125 0.65234375 0.064453125 0.095703125
0 0.580078125 0.650390625 0.064453125 0.091796875
0 0.33203125 0.654296875 0.072265625 0.091796875
0 0.541015625 0.74609375 0.068359375 0.095703125
0 0.052734375 0.751953125 0.0703125 0.09765625
0 0.693359375 0.748046875 0.060546875 0.091796875
0 0.76953125 0.74609375 0.06640625 0.087890625
0 0.849609375 0.748046875 0.068359375 0.08984375
0 0.927734375 0.751953125 0.072265625 0.09765625
0 0.984375 0.748046875 0.0234375 0.091796875
0 0.291015625 0.75390625 0.06640625 0.09765625
0 0.619140625 0.751953125 0.0625 0.09375
0 0.130859375 0.75390625 0.068359375 0.09375
0 0.447265625 0.75390625 0.06640625 0.09375
0 0.369140625 0.755859375 0.06640625 0.091796875
0 0.2109375 0.7578125 0.064453125 0.08984375
0 0.654296875 0.845703125 0.068359375 0.099609375
0 0.73046875 0.845703125 0.06640625 0.099609375
0 0.888671875 0.845703125 0.068359375 0.09765625
0 0.025390625 0.849609375 0.048828125 0.103515625
0 0.576171875 0.849609375 0.068359375 0.103515625
0 0.96484375 0.845703125 0.0625 0.095703125
0 0.810546875 0.84765625 0.0703125 0.095703125
0 0.091796875 0.8515625 0.060546875 0.095703125
0 0.41015625 0.853515625 0.064453125 0.091796875
0 0.177734375 0.859375 0.0703125 0.08984375
0 0.236328125 0.904296875 0.107421875 0.181640625
0 0.33203125 0.861328125 0.064453125 0.09375
0 0.84765625 0.943359375 0.064453125 0.099609375
0 0.61328125 0.947265625 0.064453125 0.09765625
0 0.76953125 0.9453125 0.064453125 0.095703125
0 0.92578125 0.9453125 0.064453125 0.095703125
0 0.69140625 0.9453125 0.0625 0.08984375
0 0.984375 0.947265625 0.0234375 0.09375
0 0.134765625 0.94921875 0.06640625 0.09375
0 0.056640625 0.951171875 0.06640625 0.08984375
0 0.376953125 0.94921875 0.0625 0.087890625
0 0.298828125 0.953125 0.0625 0.0859375
