0 0.5859375 0.091796875 0.0703125 0.1640625
0 0.6640625 0.0859375 0.05859375 0.15234375
0 0.74609375 0.0859375 0.064453125 0.15234375
0 0.810546875 0.080078125 0.044921875 0.138671875
0 0.95703125 0.08203125 0.048828125 0.142578125
0 0.87109375 0.080078125 0.05078125 0.130859375
0 0.919921875 0.224609375 0.0546875 0.13671875
0 0.642578125 0.248046875 0.068359375 0.166015625
0 0.720703125 0.244140625 0.06640625 0.15625
0 0.798828125 0.240234375 0.060546875 0.150390625
0 0.859375 0.236328125 0.0390625 0.138671875
0 0.90625 0.375 0.056640625 0.150390625
0 0.953125 0.3671875 0.02734375 0.126953125
0 0.580078125 0.421875 0.078125 0.1796875
0 0.724609375 0.404296875 0.056640625 0.13671875
0 0.80078125 0.39453125 0.05078125 0.11328125
0 0.64453125 0.408203125 0.046875 0.115234375
0 0.84765625 0.525390625 0.041015625 0.14453125
0 0.939453125 0.52734375 0.060546875 0.1484375
0 0.8046875 0.54296875 0.056640625 0.14453125
0 0.63671875 0.56640625 0.0625 0.171875
0 0.734375 0.55859375 0.05859375 0.154296875
0 0.982421875 0.55859375 0.025390625 0.140625
0 0.880859375 0.677734375 0.0546875 0.1328125
0 0.814453125 0.68359375 0.052734375 0.12890625
0 0.958984375 0.708984375 0.04296875 0.13671875
0 0.75 0.712890625 0.0546875 0.140625
0 0.6796875 0.724609375 0.064453125 0.154296875
0 0.59375 0.755859375 0.072265625 0.169921875
0 0.853515625 0.830078125 0.037109375 0.142578125
0 0.796875 0.841796875 0.05859375 0.1484375
0 0.994140625 0.765625 -0.001953125 -0.00390625
0 0.986328125 0.837890625 0.015625 0.134765625
0 0.939453125 0.865234375 0.048828125 0.14453125
0 0.724609375 0.875 0.052734375 0.15234375
0 0.666015625 0.900390625 0.076171875 0.15625
0 0.82421875 0.95703125 0.033203125 0.064453125
0 0.78515625 0.966796875 0.048828125 0.044921875
0 0.908203125 0.970703125 0.05078125 0.05078125
0 0.703125 0.955078125 -0.00390625 -0.001953125
