0 0.171875 0.298828125 0.056640625 0.201171875
0 0.232421875 0.333984375 0.052734375 0.208984375
0 0.30078125 0.373046875 0.0625 0.212890625
0 0.4375 0.486328125 0.07421875 0.25
0 0.162109375 0.4609375 0.04296875 0.193359375
0 0.21484375 0.498046875 0.046875 0.197265625
0 0.521484375 0.552734375 0.083984375 0.255859375
0 0.271484375 0.552734375 0.056640625 0.201171875
0 0.337890625 0.595703125 0.048828125 0.216796875
0 0.623046875 0.6328125 0.091796875 0.2734375
0 0.40625 0.65625 0.072265625 0.21484375
0 0.1953125 0.658203125 0.048828125 0.1875
0 0.48828125 0.734375 0.072265625 0.251953125
0 0.2578125 0.712890625 0.0546875 0.1875
0 0.322265625 0.767578125 0.064453125 0.19140625
0 0.580078125 0.818359375 0.080078125 0.255859375
0 0.171875 0.869140625 0.048828125 0.25390625
0 0.68359375 0.888671875 0.09765625 0.212890625
0 0.44921875 0.892578125 0.06640625 0.20703125
0 0.19921875 0.916015625 0.048828125 0.16015625
0 0.53125 0.935546875 0.072265625 0.12109375
0 0.25390625 0.943359375 0.05078125 0.10546875
0 0.318359375 0.970703125 0.0546875 0.05078125
