0 0.77734375 0.326171875 0.080078125 0.1015625
0 0.083984375 0.33203125 0.083984375 0.111328125
0 0.181640625 0.361328125 0.08203125 0.11328125
0 0.884765625 0.357421875 0.083984375 0.099609375
0 0.974609375 0.359375 0.04296875 0.095703125
0 0.716796875 0.427734375 0.07421875 0.08984375
0 0.046875 0.4453125 0.072265625 0.095703125
0 0.814453125 0.4453125 0.08203125 0.091796875
0 0.146484375 0.458984375 0.076171875 0.103515625
0 0.927734375 0.46484375 0.072265625 0.091796875
0 0.2578125 0.470703125 0.0859375 0.099609375
0 0.36328125 0.482421875 0.087890625 0.10546875
0 0.986328125 0.482421875 0.017578125 0.072265625
0 0.66796875 0.51953125 0.0625 0.08984375
0 0.75390625 0.529296875 0.080078125 0.087890625
0 0.021484375 0.541015625 0.0390625 0.095703125
0 0.8515625 0.544921875 0.0703125 0.08984375
0 0.09765625 0.5625 0.06640625 0.08984375
0 0.197265625 0.572265625 0.078125 0.109375
0 0.95703125 0.578125 0.078125 0.095703125
0 0.302734375 0.6015625 0.076171875 0.1015625
0 0.41015625 0.62109375 0.087890625 0.111328125
0 0.703125 0.615234375 0.072265625 0.083984375
0 0.794921875 0.640625 0.060546875 0.080078125
0 0.88671875 0.65234375 0.064453125 0.087890625
0 0.060546875 0.66796875 0.072265625 0.09765625
0 0.15625 0.66796875 0.072265625 0.09765625
0 0.251953125 0.6875 0.076171875 0.08984375
0 0.9765625 0.69921875 0.0390625 0.09375
0 0.740234375 0.720703125 0.076171875 0.08203125
0 0.361328125 0.732421875 0.08203125 0.1015625
0 0.826171875 0.7421875 0.076171875 0.087890625
0 0.916015625 0.74609375 0.06640625 0.08203125
0 0.1328125 0.75 0.056640625 0.0703125
0 0.208984375 0.7734375 0.072265625 0.095703125
0 0.302734375 0.8046875 0.076171875 0.08984375
