0 0.892578125 0.220703125 0.111328125 0.158203125
0 0.984375 0.25 0.0234375 0.10546875
0 0.740234375 0.361328125 0.10546875 0.126953125
0 0.947265625 0.392578125 0.09765625 0.12890625
0 0.50390625 0.48828125 0.12890625 0.12890625
0 0.80078125 0.505859375 0.103515625 0.1171875
0 0.66015625 0.51171875 0.111328125 0.125
0 0.34375 0.544921875 0.181640625 0.162109375
0 0.404296875 0.626953125 0.123046875 0.111328125
0 0.853515625 0.62890625 0.06640625 0.08203125
0 0.966796875 0.62890625 0.05859375 0.078125
0 0.2265625 0.666015625 0.16796875 0.138671875
0 0.5859375 0.662109375 0.12109375 0.1171875
0 0.751953125 0.666015625 0.109375 0.11328125
0 0.048828125 0.69140625 0.095703125 0.150390625
0 0.46484375 0.748046875 0.103515625 0.099609375
0 0.310546875 0.76171875 0.13671875 0.111328125
0 0.103515625 0.814453125 0.177734375 0.109375
0 0.78515625 0.822265625 0.0625 0.0625
0 0.533203125 0.828125 0.076171875 0.056640625
0 0.677734375 0.8359375 0.07421875 0.048828125
