1 0.81640625 0.318359375 0.029296875 0.04296875
1 0.857421875 0.330078125 0.03125 0.04296875
1 0.76171875 0.36328125 0.029296875 0.048828125
1 0.662109375 0.3671875 0.033203125 0.04296875
1 0.7109375 0.369140625 0.029296875 0.048828125
1 0.84375 0.396484375 0.033203125 0.048828125
1 0.794921875 0.40234375 0.03125 0.048828125
1 0.541015625 0.408203125 0.03125 0.048828125
1 0.1875 0.4140625 0.029296875 0.048828125
1 0.951171875 0.416015625 0.037109375 0.052734375
1 0.607421875 0.427734375 0.033203125 0.0546875
1 0.34375 0.4375 0.044921875 0.064453125
1 0.65234375 0.4296875 0.029296875 0.048828125
1 0.14453125 0.4609375 0.05078125 0.09765625
1 0.294921875 0.443359375 0.02734375 0.044921875
1 0.693359375 0.451171875 0.03125 0.048828125
1 0.8203125 0.466796875 0.03125 0.0546875
1 0.732421875 0.46875 0.029296875 0.048828125
1 0.5 0.470703125 0.029296875 0.044921875
1 0.775390625 0.470703125 0.02734375 0.044921875
1 0.072265625 0.478515625 0.033203125 0.048828125
1 0.384765625 0.48828125 0.041015625 0.06640625
1 0.54296875 0.484375 0.02734375 0.048828125
1 0.45703125 0.498046875 0.03125 0.052734375
1 0.5859375 0.5 0.02734375 0.048828125
1 0.26171875 0.509765625 0.025390625 0.04296875
1 0.208984375 0.517578125 0.029296875 0.048828125
1 0.626953125 0.515625 0.029296875 0.04296875
1 0.34765625 0.53125 0.037109375 0.064453125
1 0.66796875 0.5234375 0.03125 0.048828125
1 0.826171875 0.53125 0.02734375 0.04296875
1 0.416015625 0.541015625 0.037109375 0.05859375
1 0.09375 0.537109375 0.03125 0.04296875
1 0.7109375 0.537109375 0.029296875 0.04296875
1 0.78125 0.537109375 0.03125 0.04296875
1 0.048828125 0.548828125 0.029296875 0.0546875
1 0.150390625 0.544921875 0.029296875 0.048828125
1 0.30078125 0.55859375 0.041015625 0.064453125
1 0.52734375 0.5390625 0.033203125 0.025390625
1 0.484375 0.55859375 0.03515625 0.0546875
1 0.37890625 0.57421875 0.041015625 0.064453125
1 0.57421875 0.56640625 0.025390625 0.048828125
1 0.25390625 0.5703125 0.03125 0.04296875
1 0.4375 0.591796875 0.044921875 0.076171875
1 0.6171875 0.578125 0.03125 0.048828125
1 0.015625 0.591796875 0.02734375 0.064453125
1 0.201171875 0.587890625 0.037109375 0.048828125
1 0.53125 0.587890625 0.033203125 0.048828125
1 0.66015625 0.5859375 0.029296875 0.04296875
1 0.70703125 0.599609375 0.029296875 0.048828125
1 0.75390625 0.60546875 0.02734375 0.048828125
1 0.798828125 0.603515625 0.03125 0.04296875
1 0.849609375 0.60546875 0.03125 0.048828125
1 0.572265625 0.634765625 0.029296875 0.044921875
1 0.490234375 0.634765625 0.03125 0.033203125
1 0.6171875 0.6484375 0.03125 0.048828125
1 0.65625 0.65234375 0.029296875 0.04296875
1 0.806640625 0.66796875 0.03125 0.04296875
1 0.71875 0.669921875 0.03125 0.037109375
1 0.759765625 0.673828125 0.025390625 0.04296875
