0 0.3359375 0.009765625 0.01953125 0.015625
0 0.607421875 0.017578125 0.041015625 0.033203125
0 0.83203125 0.021484375 0.0234375 0.02734375
0 0.458984375 0.029296875 0.00390625 0.01171875
0 0.529296875 0.0390625 0.0078125 0.009765625
0 0.9609375 0.044921875 0.01171875 0.009765625
0 0.013671875 0.052734375 0.0078125 0.017578125
0 0.099609375 0.0703125 0.037109375 0.0390625
0 0.873046875 0.064453125 0.01171875 0.015625
0 0.66796875 0.072265625 0.015625 0.009765625
0 0.8515625 0.083984375 0.01953125 0.01953125
0 0.5234375 0.103515625 0.013671875 0.015625
0 0.744140625 0.126953125 0.0234375 0.021484375
0 0.88671875 0.1328125 0.0078125 0.01171875
0 0.353515625 0.142578125 0.01953125 0.021484375
0 0.06640625 0.15625 0.04296875 0.037109375
0 0.033203125 0.1796875 0.00390625 0.015625
0 0.31640625 0.1953125 0.01953125 0.015625
0 0.064453125 0.2265625 0.046875 0.04296875
0 0.96484375 0.216796875 0.01953125 0.025390625
0 0.13671875 0.23828125 0.044921875 0.037109375
0 0.9140625 0.26171875 0.02734375 0.02734375
0 0.00390625 0.27734375 0.005859375 0.015625
0 0.34375 0.296875 0.015625 0.01953125
0 0.849609375 0.30078125 0.0078125 0.021484375
0 0.244140625 0.3125 0.02734375 0.033203125
0 0.96484375 0.314453125 0.02734375 0.037109375
0 0.619140625 0.326171875 0.02734375 0.037109375
0 0.54296875 0.32421875 0.00390625 0.01953125
0 0.208984375 0.34765625 0.037109375 0.048828125
0 0.830078125 0.33203125 0.01171875 0.015625
0 0.044921875 0.34765625 0.01171875 0.017578125
0 0.44140625 0.349609375 0.01953125 0.021484375
0 0.6484375 0.35546875 0.01953125 0.033203125
0 0.84765625 0.359375 0.01171875 0.015625
0 0.796875 0.365234375 0.00390625 0.015625
0 0.744140625 0.375 0.015625 0.025390625
0 0.068359375 0.376953125 0.015625 0.021484375
0 0.43359375 0.3984375 0.01171875 0.015625
0 0.515625 0.404296875 0.015625 0.021484375
0 0.373046875 0.419921875 0.015625 0.015625
0 0.47265625 0.419921875 0.005859375 0.015625
0 0.783203125 0.421875 0.01953125 0.021484375
0 0.173828125 0.443359375 0.03125 0.033203125
0 0.517578125 0.431640625 0.00390625 0.009765625
0 0.060546875 0.443359375 0.015625 0.021484375
0 0.490234375 0.443359375 0.015625 0.021484375
0 0.845703125 0.462890625 0.029296875 0.037109375
0 0.4140625 0.45703125 0.015625 0.017578125
0 0.513671875 0.458984375 0.01171875 0.021484375
0 0.09375 0.470703125 0.015625 0.021484375
0 0.474609375 0.470703125 0.015625 0.021484375
0 0.443359375 0.484375 0.015625 0.017578125
0 0.71875 0.509765625 0.0234375 0.03125
0 0.29296875 0.53125 0.015625 0.04296875
0 0.09765625 0.53125 0.015625 0.021484375
0 0.69140625 0.537109375 0.01953125 0.03125
0 0.958984375 0.53515625 0.015625 0.02734375
0 0.0546875 0.537109375 0.01953125 0.021484375
0 0.01953125 0.546875 0.01953125 0.021484375
0 0.62890625 0.54296875 0.005859375 0.01171875
0 0.126953125 0.5625 0.015625 0.02734375
0 0.154296875 0.587890625 0.037109375 0.048828125
0 0.638671875 0.57421875 0.015625 0.021484375
0 0.36328125 0.5859375 0.015625 0.033203125
0 0.740234375 0.6171875 0.0234375 0.02734375
0 0.58984375 0.650390625 0.01171875 0.021484375
0 0.142578125 0.6796875 0.03515625 0.04296875
0 0.94140625 0.673828125 0.0234375 0.03125
0 0.443359375 0.681640625 0.005859375 0.015625
0 0.5234375 0.689453125 0.025390625 0.033203125
0 0.232421875 0.728515625 0.025390625 0.04296875
0 0.134765625 0.7265625 0.01171875 0.015625
0 0.294921875 0.755859375 0.01953125 0.03125
0 0.123046875 0.759765625 0.015625 0.021484375
0 0.845703125 0.763671875 0.015625 0.02734375
0 0.4453125 0.779296875 0.017578125 0.025390625
0 0.33984375 0.796875 0.021484375 0.037109375
0 0.62890625 0.79296875 0.013671875 0.021484375
0 0.421875 0.802734375 0.01953125 0.02734375
0 0.392578125 0.818359375 0.015625 0.02734375
0 0.955078125 0.84765625 0.0078125 0.021484375
0 0.58984375 0.853515625 0.01171875 0.021484375
0 0.669921875 0.93359375 0.01953125 0.0390625
0 0.427734375 0.970703125 0.0078125 0.025390625
