1 0.6484375 0.025390625 0.0703125 0.046875
1 0.736328125 0.033203125 0.06640625 0.0625
1 0.82421875 0.041015625 0.060546875 0.078125
1 0.923828125 0.046875 0.0625 0.08984375
1 0.98046875 0.05078125 0.03125 0.099609375
1 0.654296875 0.119140625 0.076171875 0.150390625
1 0.73828125 0.134765625 0.0703125 0.142578125
1 0.81640625 0.154296875 0.06640625 0.13671875
1 0.9140625 0.16015625 0.06640625 0.125
1 0.9765625 0.171875 0.0390625 0.130859375
1 0.646484375 0.3046875 0.07421875 0.140625
1 0.7265625 0.314453125 0.068359375 0.130859375
1 0.8046875 0.32421875 0.05859375 0.130859375
1 0.859375 0.34765625 0.03125 0.115234375
1 0.9140625 0.353515625 0.05078125 0.115234375
1 0.974609375 0.361328125 0.04296875 0.111328125
1 0.646484375 0.451171875 0.08203125 0.130859375
1 0.7265625 0.453125 0.068359375 0.126953125
1 0.802734375 0.4609375 0.0625 0.119140625
1 0.86328125 0.478515625 0.03125 0.109375
1 0.916015625 0.478515625 0.0546875 0.109375
1 0.978515625 0.482421875 0.03515625 0.111328125
1 0.642578125 0.59375 0.08203125 0.12109375
1 0.7265625 0.59375 0.068359375 0.12109375
1 0.80078125 0.595703125 0.05859375 0.126953125
1 0.861328125 0.603515625 0.04296875 0.111328125
1 0.919921875 0.603515625 0.046875 0.109375
1 0.9765625 0.6015625 0.0390625 0.10546875
1 0.931640625 0.751953125 0.046875 0.109375
1 0.982421875 0.748046875 0.02734375 0.103515625
1 0.650390625 0.76171875 0.07421875 0.12109375
1 0.802734375 0.7578125 0.0625 0.115234375
1 0.87109375 0.755859375 0.0546875 0.111328125
1 0.7265625 0.763671875 0.060546875 0.115234375
1 0.978515625 0.865234375 0.03515625 0.10546875
1 0.86328125 0.87890625 0.0546875 0.115234375
1 0.92578125 0.87109375 0.05078125 0.099609375
1 0.794921875 0.884765625 0.0625 0.115234375
1 0.712890625 0.89453125 0.064453125 0.115234375
1 0.634765625 0.904296875 0.06640625 0.12109375
1 0.9765625 0.9609375 0.0390625 0.068359375
1 0.91796875 0.966796875 0.05078125 0.056640625
1 0.8515625 0.97265625 0.0546875 0.046875
1 0.78515625 0.9765625 0.05859375 0.037109375
1 0.712890625 0.98046875 0.0625 0.03125
1 0.630859375 0.986328125 0.06640625 0.01953125
