0 0.8359375 0.181640625 0.080078125 0.171875
0 0.9296875 0.189453125 0.07421875 0.17578125
0 0.728515625 0.224609375 0.083984375 0.169921875
0 0.513671875 0.2421875 0.091796875 0.1953125
0 0.375 0.283203125 0.08984375 0.19140625
0 0.8671875 0.353515625 0.07421875 0.173828125
0 0.958984375 0.357421875 0.072265625 0.169921875
0 0.24609375 0.392578125 0.103515625 0.189453125
0 0.771484375 0.388671875 0.087890625 0.181640625
0 0.6640625 0.396484375 0.087890625 0.193359375
0 0.564453125 0.416015625 0.09375 0.177734375
0 0.44921875 0.4453125 0.087890625 0.173828125
0 0.341796875 0.501953125 0.1015625 0.1875
0 0.9453125 0.5390625 0.080078125 0.1640625
0 0.8515625 0.541015625 0.08984375 0.162109375
0 0.73828125 0.576171875 0.09375 0.169921875
0 0.634765625 0.58984375 0.091796875 0.171875
0 0.220703125 0.6015625 0.099609375 0.18359375
0 0.533203125 0.615234375 0.09375 0.169921875
0 0.427734375 0.640625 0.091796875 0.197265625
0 0.986328125 0.642578125 0.017578125 0.138671875
0 0.318359375 0.703125 0.099609375 0.18359375
0 0.88671875 0.69921875 0.080078125 0.15625
0 0.7890625 0.724609375 0.080078125 0.166015625
0 0.681640625 0.74609375 0.080078125 0.171875
0 0.591796875 0.77734375 0.0859375 0.173828125
0 0.486328125 0.806640625 0.09375 0.171875
0 0.21875 0.8046875 0.080078125 0.166015625
0 0.984375 0.822265625 0.0234375 0.140625
0 0.923828125 0.83984375 0.068359375 0.158203125
0 0.83203125 0.875 0.080078125 0.166015625
0 0.33984375 0.888671875 0.09765625 0.181640625
0 0.734375 0.904296875 0.0859375 0.1640625
0 0.63671875 0.91796875 0.078125 0.15625
0 0.544921875 0.935546875 0.08984375 0.1171875
0 0.96875 0.951171875 0.0546875 0.08984375
0 0.4375 0.94921875 0.08984375 0.08203125
0 0.244140625 0.953125 0.107421875 0.080078125
0 0.896484375 0.966796875 0.0703125 0.05859375
0 0.798828125 0.982421875 0.060546875 0.02734375
