0 0.55859375 0.220703125 0.095703125 0.138671875
0 0.4140625 0.33984375 0.1015625 0.14453125
0 0.708984375 0.357421875 0.10546875 0.138671875
0 0.931640625 0.330078125 0.029296875 0.015625
0 0.951171875 0.341796875 -0.00390625 -0.00390625
0 0.2578125 0.435546875 0.1015625 0.13671875
0 0.861328125 0.439453125 0.09765625 0.138671875
0 0.55859375 0.46484375 0.109375 0.140625
0 0.13671875 0.5 0.09375 0.126953125
0 0.953125 0.5546875 0.0859375 0.126953125
0 0.3984375 0.56640625 0.10546875 0.140625
0 0.681640625 0.56640625 0.09765625 0.12890625
0 0.830078125 0.6484375 0.09375 0.1328125
0 0.537109375 0.6484375 0.099609375 0.126953125
0 0.255859375 0.654296875 0.099609375 0.1328125
0 0.14453125 0.69140625 0.080078125 0.109375
0 0.65625 0.74609375 0.087890625 0.125
0 0.92578125 0.744140625 0.08203125 0.11328125
0 0.392578125 0.76953125 0.09375 0.119140625
0 0.76953125 0.779296875 0.080078125 0.107421875
0 0.265625 0.8125 0.087890625 0.103515625
0 0.525390625 0.845703125 0.091796875 0.11328125
0 0.130859375 0.927734375 0.0859375 0.107421875
0 0.3828125 0.943359375 0.0859375 0.1015625
0 0.9140625 0.947265625 0.08984375 0.091796875
0 0.650390625 0.955078125 0.095703125 0.08203125
0 0.509765625 0.978515625 0.076171875 0.033203125
0 0.248046875 0.986328125 0.060546875 0.013671875
