0 0.755859375 0.51171875 0.08984375 0.30078125
0 0.841796875 0.474609375 0.021484375 0.0859375
0 0.650390625 0.6171875 0.06640625 0.205078125
0 0.87890625 0.576171875 0.017578125 0.0859375
0 0.541015625 0.59765625 0.03515625 0.103515625
0 0.3828125 0.580078125 0.0234375 0.052734375
0 0.849609375 0.60546875 0.021484375 0.0859375
0 0.341796875 0.59765625 0.025390625 0.0625
0 0.41015625 0.66015625 0.01953125 0.056640625
0 0.369140625 0.677734375 0.021484375 0.056640625
0 0.572265625 0.703125 0.03515625 0.103515625
0 0.328125 0.701171875 0.025390625 0.056640625
0 0.515625 0.73828125 0.0390625 0.109375
0 0.447265625 0.759765625 0.01953125 0.052734375
0 0.408203125 0.783203125 0.01953125 0.060546875
0 0.3671875 0.810546875 0.0234375 0.060546875
0 0.326171875 0.84765625 0.02734375 0.072265625
0 0.279296875 0.875 0.02734375 0.07421875
