0 0.498046875 0.458984375 0.119140625 0.119140625
0 0.63671875 0.458984375 0.126953125 0.1171875
0 0.36328125 0.4609375 0.12890625 0.119140625
0 0.708984375 0.5703125 0.119140625 0.119140625
0 0.5703125 0.568359375 0.12109375 0.107421875
0 0.296875 0.576171875 0.1171875 0.115234375
0 0.431640625 0.576171875 0.125 0.107421875
0 0.63671875 0.677734375 0.111328125 0.103515625
0 0.767578125 0.681640625 0.11328125 0.109375
0 0.234375 0.685546875 0.12109375 0.115234375
0 0.3671875 0.681640625 0.126953125 0.107421875
0 0.50390625 0.6796875 0.11328125 0.103515625
0 0.435546875 0.78125 0.115234375 0.103515625
0 0.564453125 0.783203125 0.111328125 0.09765625
0 0.69921875 0.783203125 0.126953125 0.099609375
0 0.30078125 0.791015625 0.119140625 0.107421875
0 0.505859375 0.884765625 0.10546875 0.107421875
0 0.625 0.8828125 0.103515625 0.1015625
0 0.376953125 0.890625 0.109375 0.10546875
