0 0.578125 0.140625 0.173828125 0.27734375
0 0.845703125 0.09375 0.125 0.18359375
0 0.978515625 0.048828125 0.03515625 0.09375
0 0.333984375 0.216796875 0.2265625 0.3984375
0 0.943359375 0.271484375 0.103515625 0.302734375
0 0.751953125 0.3515625 0.14453125 0.32421875
0 0.533203125 0.486328125 0.17578125 0.359375
0 0.990234375 0.505859375 0.01171875 0.193359375
0 0.845703125 0.580078125 0.11328125 0.302734375
0 0.357421875 0.806640625 0.216796875 0.376953125
0 0.74609375 0.81640625 0.14453125 0.34375
0 0.990234375 0.92578125 0.01171875 0.087890625
0 0.57421875 0.943359375 0.15625 0.103515625
