1 0.01953125 0.0390625 0.01171875 0.076171875
1 0.052734375 0.005859375 0.029296875 0.009765625
1 0.154296875 0.052734375 0.0703125 0.103515625
1 0.2421875 0.04296875 0.07421875 0.08203125
1 0.33984375 0.03125 0.072265625 0.060546875
1 0.43359375 0.015625 0.078125 0.02734375
1 0.537109375 0.064453125 0.08984375 0.125
1 0.64453125 0.044921875 0.095703125 0.087890625
1 0.759765625 0.025390625 0.099609375 0.048828125
1 0.84375 0.009765625 0.041015625 0.015625
1 0.96484375 0.056640625 0.0625 0.109375
1 0.873046875 0.080078125 0.091796875 0.146484375
1 0.072265625 0.0703125 0.06640625 0.11328125
1 0.435546875 0.0859375 0.08203125 0.13671875
1 0.759765625 0.119140625 0.099609375 0.1484375
1 0.341796875 0.115234375 0.076171875 0.119140625
1 0.240234375 0.142578125 0.0703125 0.119140625
1 0.646484375 0.154296875 0.099609375 0.140625
1 0.021484375 0.134765625 0.013671875 0.091796875
1 0.154296875 0.16796875 0.0703125 0.11328125
1 0.53515625 0.18359375 0.0859375 0.134765625
1 0.96484375 0.189453125 0.0625 0.146484375
1 0.0703125 0.189453125 0.0703125 0.115234375
1 0.439453125 0.21484375 0.08203125 0.12890625
1 0.873046875 0.23046875 0.099609375 0.150390625
1 0.33984375 0.2421875 0.080078125 0.12109375
1 0.7578125 0.265625 0.103515625 0.146484375
1 0.017578125 0.244140625 0.015625 0.091796875
1 0.244140625 0.26171875 0.078125 0.11328125
1 0.646484375 0.291015625 0.091796875 0.140625
1 0.154296875 0.28515625 0.078125 0.119140625
1 0.537109375 0.31640625 0.08984375 0.13671875
1 0.0703125 0.3046875 0.0703125 0.103515625
1 0.439453125 0.34375 0.08203125 0.125
1 0.345703125 0.345703125 0.078125 0.0859375
1 0.24609375 0.34375 0.08203125 0.02734375
1 0.158203125 0.361328125 0.07421875 0.033203125
1 0.205078125 0.435546875 0.087890625 0.146484375
1 0.076171875 0.3828125 0.07421875 0.033203125
1 0.83984375 0.455078125 0.107421875 0.140625
1 0.099609375 0.45703125 0.087890625 0.134765625
1 0.974609375 0.458984375 0.041015625 0.130859375
1 0.71484375 0.48046875 0.103515625 0.13671875
1 0.0234375 0.48046875 0.044921875 0.125
1 0.603515625 0.49609375 0.091796875 0.125
1 0.19921875 0.5859375 0.091796875 0.142578125
1 0.095703125 0.6015625 0.087890625 0.142578125
1 0.833984375 0.60546875 0.111328125 0.1484375
1 0.970703125 0.6171875 0.048828125 0.13671875
1 0.017578125 0.619140625 0.033203125 0.130859375
1 0.71484375 0.625 0.103515625 0.140625
1 0.197265625 0.736328125 0.09375 0.13671875
1 0.08984375 0.74609375 0.08984375 0.146484375
1 0.8359375 0.755859375 0.107421875 0.12890625
1 0.017578125 0.759765625 0.03125 0.130859375
1 0.966796875 0.765625 0.056640625 0.142578125
1 0.712890625 0.767578125 0.099609375 0.12890625
1 0.193359375 0.89453125 0.099609375 0.13671875
1 0.087890625 0.90234375 0.091796875 0.130859375
1 0.8359375 0.90625 0.115234375 0.125
1 0.013671875 0.912109375 0.0234375 0.125
1 0.71484375 0.91015625 0.103515625 0.115234375
