1 0.671875 0.197265625 0.025390625 0.255859375
1 0.755859375 0.240234375 0.044921875 0.27734375
1 0.236328125 0.25390625 0.09375 0.259765625
1 0.83984375 0.326171875 0.03125 0.177734375
1 0.91015625 0.38671875 0.033203125 0.12890625
1 0.154296875 0.529296875 0.009765625 0.0390625
1 0.19140625 0.5625 0.017578125 0.04296875
1 0.13671875 0.5546875 0.00390625 0.0078125
1 0.12890625 0.572265625 0.00390625 0.015625
1 0.240234375 0.607421875 0.021484375 0.056640625
1 0.125 0.607421875 0.009765625 0.015625
1 0.171875 0.626953125 0.01171875 0.03515625
1 0.197265625 0.669921875 0.013671875 0.044921875
1 0.251953125 0.73046875 0.037109375 0.119140625
1 0.181640625 0.7578125 0.01953125 0.07421875
1 0.810546875 0.8671875 0.134765625 0.251953125
1 0.3046875 0.78515625 0.017578125 0.05078125
1 0.2265625 0.802734375 0.0078125 0.01171875
1 0.34375 0.865234375 0.02734375 0.10546875
1 0.21875 0.833984375 0.009765625 0.02734375
1 0.2578125 0.85546875 0.0234375 0.072265625
