0 0.166015625 0.29296875 0.05078125 0.05078125
0 0.2734375 0.310546875 0.0546875 0.052734375
0 0.173828125 0.359375 0.052734375 0.0546875
0 0.26171875 0.39453125 0.048828125 0.05078125
0 0.021484375 0.408203125 0.041015625 0.052734375
0 0.142578125 0.412109375 0.05078125 0.056640625
0 0.20703125 0.416015625 0.05078125 0.052734375
0 0.36328125 0.447265625 0.048828125 0.052734375
0 0.033203125 0.44921875 0.052734375 0.041015625
0 0.11328125 0.46875 0.048828125 0.056640625
0 0.255859375 0.46875 0.052734375 0.048828125
0 0.17578125 0.478515625 0.048828125 0.05078125
0 0.390625 0.505859375 0.04296875 0.0546875
0 0.455078125 0.509765625 0.05078125 0.052734375
0 0.01953125 0.513671875 0.03515625 0.0546875
0 0.2265625 0.521484375 0.04296875 0.052734375
0 0.291015625 0.52734375 0.048828125 0.056640625
0 0.080078125 0.525390625 0.048828125 0.048828125
0 0.142578125 0.53125 0.048828125 0.048828125
0 0.509765625 0.552734375 0.05078125 0.052734375
0 0.34765625 0.560546875 0.05078125 0.0546875
0 0.423828125 0.564453125 0.048828125 0.05078125
0 0.01171875 0.5703125 0.015625 0.0390625
0 0.052734375 0.580078125 0.04296875 0.048828125
0 0.1796875 0.587890625 0.048828125 0.046875
0 0.236328125 0.599609375 0.048828125 0.0546875
0 0.095703125 0.599609375 0.048828125 0.052734375
0 0.45703125 0.619140625 0.052734375 0.048828125
0 0.5234375 0.62890625 0.048828125 0.05078125
0 0.021484375 0.630859375 0.0390625 0.052734375
0 0.29296875 0.630859375 0.05078125 0.052734375
0 0.591796875 0.630859375 0.0546875 0.052734375
0 0.36328125 0.634765625 0.05078125 0.05078125
0 0.14453125 0.646484375 0.046875 0.052734375
0 0.064453125 0.65234375 0.048828125 0.048828125
0 0.203125 0.654296875 0.048828125 0.052734375
0 0.640625 0.673828125 0.04296875 0.05078125
0 0.85546875 0.673828125 0.05078125 0.05078125
0 0.78125 0.677734375 0.048828125 0.0546875
0 0.564453125 0.67578125 0.046875 0.048828125
0 0.48046875 0.69140625 0.05078125 0.05078125
0 0.107421875 0.703125 0.04296875 0.056640625
0 0.23828125 0.701171875 0.05078125 0.052734375
0 0.3125 0.705078125 0.048828125 0.05078125
0 0.38671875 0.705078125 0.05078125 0.048828125
0 0.677734375 0.7109375 0.056640625 0.056640625
0 0.142578125 0.73046875 0.048828125 0.05078125
0 0.8203125 0.732421875 0.048828125 0.0546875
0 0.88671875 0.73046875 0.048828125 0.048828125
0 0.01171875 0.734375 0.017578125 0.05078125
0 0.955078125 0.736328125 0.05078125 0.05078125
0 0.58984375 0.744140625 0.05078125 0.052734375
0 0.51171875 0.74609375 0.048828125 0.048828125
0 0.728515625 0.748046875 0.046875 0.052734375
0 0.658203125 0.75 0.05078125 0.048828125
0 0.201171875 0.759765625 0.052734375 0.048828125
0 0.267578125 0.767578125 0.05078125 0.048828125
0 0.337890625 0.76953125 0.048828125 0.05078125
0 0.41015625 0.7734375 0.05078125 0.0546875
0 0.04296875 0.787109375 0.048828125 0.0546875
0 0.984375 0.791015625 0.021484375 0.05078125
0 0.103515625 0.794921875 0.048828125 0.0546875
0 0.845703125 0.794921875 0.048828125 0.052734375
0 0.7734375 0.796875 0.0546875 0.04296875
0 0.904296875 0.810546875 0.0546875 0.056640625
0 0.62890625 0.810546875 0.046875 0.052734375
0 0.6875 0.814453125 0.048828125 0.048828125
0 0.53515625 0.822265625 0.048828125 0.05078125
0 0.15234375 0.8359375 0.05078125 0.05859375
0 0.220703125 0.83203125 0.05078125 0.05078125
0 0.279296875 0.845703125 0.056640625 0.052734375
0 0.3515625 0.853515625 0.0546875 0.052734375
0 0.05859375 0.861328125 0.05078125 0.052734375
0 0.015625 0.8671875 0.025390625 0.048828125
0 0.41796875 0.873046875 0.048828125 0.05859375
0 0.986328125 0.888671875 0.017578125 0.052734375
0 0.77734375 0.89453125 0.056640625 0.056640625
0 0.103515625 0.908203125 0.048828125 0.060546875
0 0.169921875 0.908203125 0.04296875 0.05078125
0 0.236328125 0.912109375 0.048828125 0.052734375
0 0.306640625 0.91796875 0.046875 0.056640625
0 0.376953125 0.921875 0.05078125 0.0546875
0 0.8359375 0.921875 0.0546875 0.056640625
0 0.546875 0.923828125 0.0546875 0.05078125
0 0.462890625 0.935546875 0.05078125 0.0546875
0 0.66796875 0.94140625 0.05078125 0.05859375
0 0.60546875 0.94140625 0.048828125 0.05078125
0 0.892578125 0.943359375 0.052734375 0.0546875
