1 0.169921875 0.068359375 0.16796875 0.134765625
1 0.544921875 0.064453125 0.181640625 0.125
1 0.75390625 0.095703125 0.19140625 0.1875
1 0.935546875 0.01953125 0.12109375 0.03515625
1 0.3828125 0.154296875 0.173828125 0.244140625
1 0.0546875 0.181640625 0.10546875 0.232421875
1 0.931640625 0.208984375 0.126953125 0.27734375
1 0.583984375 0.283203125 0.1796875 0.25
1 0.220703125 0.2734375 0.158203125 0.228515625
1 0.787109375 0.36328125 0.185546875 0.244140625
1 0.42578125 0.453125 0.171875 0.23046875
1 0.939453125 0.470703125 0.111328125 0.224609375
1 0.080078125 0.474609375 0.15625 0.224609375
1 0.2578125 0.548828125 0.166015625 0.220703125
1 0.6171875 0.556640625 0.1796875 0.232421875
1 0.8125 0.640625 0.18359375 0.228515625
1 0.017578125 0.65234375 0.03125 0.166015625
1 0.46484375 0.703125 0.171875 0.2109375
1 0.955078125 0.712890625 0.08203125 0.220703125
1 0.123046875 0.720703125 0.162109375 0.20703125
1 0.658203125 0.798828125 0.173828125 0.208984375
1 0.298828125 0.798828125 0.162109375 0.205078125
1 0.83984375 0.8671875 0.171875 0.19921875
1 0.048828125 0.884765625 0.095703125 0.193359375
1 0.509765625 0.9140625 0.158203125 0.1640625
1 0.189453125 0.939453125 0.15625 0.11328125
1 0.966796875 0.947265625 0.05859375 0.095703125
1 0.689453125 0.955078125 0.154296875 0.080078125
1 0.353515625 0.966796875 0.12890625 0.056640625
