1 0.859375 0.5546875 0.072265625 0.076171875
1 0.98828125 0.6328125 0.013671875 0.076171875
1 0.939453125 0.634765625 0.07421875 0.072265625
1 0.857421875 0.6796875 0.068359375 0.1484375
1 0.634765625 0.689453125 0.064453125 0.1484375
1 0.708984375 0.650390625 0.064453125 0.072265625
1 0.78515625 0.6484375 0.05859375 0.06640625
1 0.490234375 0.6640625 0.068359375 0.0859375
1 0.564453125 0.662109375 0.05859375 0.076171875
1 0.419921875 0.66796875 0.0625 0.076171875
1 0.015625 0.681640625 0.029296875 0.08203125
1 0.064453125 0.677734375 0.0625 0.076171875
1 0.2734375 0.677734375 0.0703125 0.076171875
1 0.34765625 0.67578125 0.068359375 0.072265625
1 0.130859375 0.6796875 0.068359375 0.06640625
1 0.201171875 0.681640625 0.060546875 0.0703125
1 0.93359375 0.716796875 0.0625 0.072265625
1 0.984375 0.71484375 0.021484375 0.06640625
1 0.78125 0.7265625 0.056640625 0.06640625
1 0.708984375 0.73046875 0.064453125 0.06640625
1 0.5703125 0.732421875 0.0546875 0.060546875
1 0.498046875 0.744140625 0.060546875 0.0625
1 0.427734375 0.748046875 0.0546875 0.060546875
1 0.35546875 0.75390625 0.068359375 0.0625
1 0.146484375 0.767578125 0.068359375 0.06640625
1 0.28515625 0.767578125 0.0625 0.06640625
1 0.078125 0.77734375 0.07421875 0.06640625
1 0.0234375 0.78515625 0.044921875 0.0703125
1 0.216796875 0.775390625 0.06640625 0.05078125
1 0.974609375 0.787109375 0.041015625 0.056640625
1 0.91796875 0.79296875 0.0625 0.0546875
1 0.84765625 0.794921875 0.056640625 0.05078125
1 0.5703125 0.8046875 0.0546875 0.060546875
1 0.63671875 0.8046875 0.060546875 0.060546875
1 0.708984375 0.802734375 0.056640625 0.056640625
1 0.775390625 0.80078125 0.0546875 0.05078125
1 0.50390625 0.873046875 0.056640625 0.17578125
1 0.43359375 0.818359375 0.05078125 0.0546875
1 0.369140625 0.853515625 0.064453125 0.095703125
1 0.228515625 0.837890625 0.06640625 0.056640625
1 0.298828125 0.8359375 0.048828125 0.05078125
1 0.158203125 0.837890625 0.060546875 0.044921875
1 0.029296875 0.857421875 0.0546875 0.0625
1 0.08984375 0.853515625 0.06640625 0.056640625
1 0.90625 0.861328125 0.0625 0.060546875
1 0.96875 0.861328125 0.052734375 0.060546875
1 0.76953125 0.865234375 0.05859375 0.0546875
1 0.8359375 0.8671875 0.048828125 0.060546875
1 0.630859375 0.869140625 0.056640625 0.056640625
1 0.5703125 0.875 0.046875 0.0546875
1 0.69921875 0.8671875 0.052734375 0.041015625
1 0.4375 0.876953125 0.04296875 0.029296875
1 0.30859375 0.890625 0.060546875 0.046875
1 0.177734375 0.8984375 0.068359375 0.05078125
1 0.2421875 0.900390625 0.0546875 0.03515625
1 0.1171875 0.916015625 0.05859375 0.044921875
1 0.048828125 0.923828125 0.0625 0.05078125
1 0.69140625 0.92578125 0.052734375 0.056640625
1 0.755859375 0.923828125 0.046875 0.041015625
1 0.8984375 0.9296875 0.0546875 0.05078125
1 0.96484375 0.92578125 0.060546875 0.044921875
1 0.380859375 0.931640625 0.048828125 0.046875
1 0.443359375 0.93359375 0.0546875 0.052734375
1 0.626953125 0.93359375 0.048828125 0.052734375
1 0.82421875 0.93359375 0.056640625 0.052734375
1 0.568359375 0.9375 0.04296875 0.046875
1 0.31640625 0.947265625 0.052734375 0.046875
1 0.2578125 0.951171875 0.0625 0.044921875
1 0.189453125 0.95703125 0.052734375 0.03515625
1 0.07421875 0.96875 0.05078125 0.03515625
1 0.130859375 0.970703125 0.068359375 0.0390625
1 0.755859375 0.97265625 0.046875 0.044921875
1 0.962890625 0.978515625 0.064453125 0.03515625
1 0.57421875 0.982421875 0.046875 0.025390625
1 0.630859375 0.982421875 0.048828125 0.025390625
1 0.697265625 0.982421875 0.048828125 0.025390625
1 0.826171875 0.982421875 0.060546875 0.025390625
1 0.892578125 0.982421875 0.05078125 0.025390625
1 0.392578125 0.986328125 0.046875 0.01953125
1 0.44921875 0.986328125 0.048828125 0.01953125
1 0.513671875 0.986328125 0.052734375 0.01953125
1 0.326171875 0.98828125 0.056640625 0.015625
1 0.203125 0.990234375 0.056640625 0.009765625
1 0.267578125 0.990234375 0.05078125 0.009765625
