1 0.833984375 0.140625 0.22265625 0.279296875
1 0.978515625 0.138671875 0.033203125 0.275390625
1 0.32421875 0.15625 0.14453125 0.259765625
1 0.626953125 0.154296875 0.162109375 0.25390625
1 0.169921875 0.171875 0.111328125 0.228515625
1 0.068359375 0.1875 0.080078125 0.208984375
1 0.0078125 0.197265625 0.013671875 0.177734375
1 0.013671875 0.388671875 0.025390625 0.181640625
1 0.080078125 0.404296875 0.080078125 0.193359375
1 0.619140625 0.421875 0.154296875 0.228515625
1 0.810546875 0.4453125 0.21484375 0.2734375
1 0.185546875 0.423828125 0.103515625 0.212890625
1 0.3203125 0.439453125 0.12890625 0.244140625
1 0.9609375 0.45703125 0.068359375 0.279296875
1 0.015625 0.576171875 0.029296875 0.16796875
1 0.083984375 0.60546875 0.080078125 0.1875
1 0.603515625 0.6484375 0.146484375 0.232421875
1 0.185546875 0.64453125 0.095703125 0.21484375
1 0.322265625 0.689453125 0.125 0.263671875
1 0.7890625 0.705078125 0.1875 0.2734375
1 0.9453125 0.748046875 0.099609375 0.279296875
1 0.021484375 0.740234375 0.041015625 0.162109375
1 0.095703125 0.802734375 0.072265625 0.19140625
1 0.1875 0.83984375 0.083984375 0.208984375
1 0.599609375 0.865234375 0.146484375 0.240234375
1 0.7734375 0.8984375 0.1875 0.193359375
1 0.302734375 0.90234375 0.1171875 0.1875
1 0.939453125 0.9375 0.111328125 0.1171875
