1 0.900390625 0.51171875 0.048828125 0.142578125
1 0.650390625 0.5703125 0.044921875 0.0859375
1 0.923828125 0.685546875 0.115234375 0.166015625
1 0.6796875 0.671875 0.05859375 0.076171875
1 0.697265625 0.7578125 0.12890625 0.0859375
1 0.501953125 0.75390625 0.033203125 0.01953125
1 0.3046875 0.775390625 0.009765625 0.015625
1 0.408203125 0.78125 0.005859375 0.01171875
1 0.51953125 0.798828125 0.03515625 0.021484375
1 0.322265625 0.8125 0.005859375 0.01171875
1 0.421875 0.8125 0.01171875 0.009765625
