0 0.294921875 0.4453125 0.13671875 0.142578125
0 0.15234375 0.447265625 0.046875 0.126953125
0 0.455078125 0.5234375 0.169921875 0.1796875
0 0.197265625 0.59765625 0.12890625 0.140625
0 0.361328125 0.62109375 0.146484375 0.12890625
0 0.544921875 0.71484375 0.181640625 0.14453125
0 0.1640625 0.703125 0.0703125 0.119140625
0 0.283203125 0.7421875 0.12890625 0.119140625
0 0.435546875 0.80078125 0.150390625 0.126953125
0 0.220703125 0.8359375 0.107421875 0.10546875
0 0.66796875 0.8671875 0.17578125 0.158203125
0 0.380859375 0.865234375 0.12109375 0.091796875
0 0.1796875 0.896484375 0.095703125 0.087890625
0 0.537109375 0.939453125 0.138671875 0.111328125
0 0.310546875 0.943359375 0.107421875 0.091796875
