0 0.896484375 0.0703125 0.115234375 0.13671875
0 0.767578125 0.1796875 0.193359375 0.26171875
0 0.958984375 0.19140625 0.07421875 0.181640625
0 0.697265625 0.322265625 0.111328125 0.185546875
0 0.943359375 0.380859375 0.10546875 0.1796875
0 0.806640625 0.42578125 0.111328125 0.17578125
0 0.66015625 0.515625 0.11328125 0.1640625
0 0.986328125 0.53515625 0.017578125 0.158203125
0 0.91796875 0.57421875 0.109375 0.177734375
0 0.779296875 0.61328125 0.10546875 0.17578125
0 0.5859375 0.68359375 0.1015625 0.173828125
0 0.962890625 0.71484375 0.0625 0.17578125
0 0.869140625 0.765625 0.115234375 0.173828125
0 0.712890625 0.794921875 0.107421875 0.177734375
0 0.556640625 0.87890625 0.115234375 0.173828125
0 0.935546875 0.880859375 0.10546875 0.12109375
0 0.806640625 0.896484375 0.111328125 0.087890625
0 0.673828125 0.9140625 0.099609375 0.048828125
