1 0.4296875 0.18359375 0.109375 0.16796875
1 0.302734375 0.19921875 0.087890625 0.1640625
1 0.189453125 0.19921875 0.07421875 0.14453125
1 0.107421875 0.205078125 0.0703125 0.130859375
1 0.017578125 0.2109375 0.033203125 0.134765625
1 0.0234375 0.36328125 0.04296875 0.13671875
1 0.11328125 0.375 0.064453125 0.1328125
1 0.205078125 0.37890625 0.0703125 0.140625
1 0.322265625 0.390625 0.091796875 0.158203125
1 0.447265625 0.3984375 0.109375 0.171875
1 0.005859375 0.51953125 0.0078125 0.123046875
1 0.05859375 0.537109375 0.060546875 0.13671875
1 0.166015625 0.552734375 0.0703125 0.1484375
1 0.265625 0.576171875 0.08203125 0.162109375
1 0.404296875 0.603515625 0.095703125 0.1796875
1 0.546875 0.634765625 0.123046875 0.19921875
1 0.0078125 0.673828125 0.01171875 0.126953125
1 0.05859375 0.6953125 0.060546875 0.140625
1 0.173828125 0.724609375 0.068359375 0.150390625
1 0.275390625 0.76171875 0.087890625 0.16796875
1 0.41015625 0.8046875 0.09765625 0.185546875
1 0.5546875 0.8515625 0.1171875 0.20703125
