0 0.603515625 0.1875 0.095703125 0.337890625
0 0.921875 0.19140625 0.083984375 0.306640625
0 0.494140625 0.19921875 0.095703125 0.314453125
0 0.716796875 0.19921875 0.08984375 0.3125
0 0.8203125 0.1953125 0.087890625 0.306640625
0 0.98828125 0.185546875 0.015625 0.2421875
0 0.658203125 0.486328125 0.091796875 0.310546875
0 0.771484375 0.49609375 0.0859375 0.32421875
0 0.439453125 0.51171875 0.09765625 0.33203125
0 0.962890625 0.501953125 0.064453125 0.3125
0 0.87109375 0.505859375 0.080078125 0.3046875
0 0.552734375 0.515625 0.08984375 0.314453125
0 0.61328125 0.794921875 0.095703125 0.32421875
0 0.720703125 0.794921875 0.08203125 0.30859375
0 0.82421875 0.796875 0.087890625 0.3046875
0 0.923828125 0.798828125 0.083984375 0.298828125
0 0.49609375 0.8203125 0.09375 0.314453125
0 0.990234375 0.79296875 0.01171875 0.240234375
0 0.994140625 0.919921875 -0.001953125 -0.00390625
0 0.87890625 0.962890625 0.064453125 0.05078125
0 0.7734375 0.962890625 0.064453125 0.048828125
0 0.5703125 0.966796875 0.048828125 0.044921875
0 0.669921875 0.966796875 0.056640625 0.04296875
0 0.97265625 0.966796875 0.046875 0.044921875
0 0.439453125 0.974609375 0.046875 0.02734375
