0 0.876953125 0.05078125 0.15625 0.087890625
0 0.681640625 0.068359375 0.169921875 0.1171875
0 0.982421875 0.044921875 0.02734375 0.0703125
0 0.41796875 0.109375 0.181640625 0.1953125
0 0.30078125 0.28125 0.345703125 0.4609375
0 0.744140625 0.2265625 0.142578125 0.228515625
0 0.900390625 0.22265625 0.14453125 0.212890625
0 0.5703125 0.240234375 0.1640625 0.232421875
0 0.9609375 0.408203125 0.0703125 0.208984375
0 0.8203125 0.390625 0.134765625 0.1328125
0 0.66796875 0.369140625 0.134765625 0.080078125
0 0.138671875 0.6953125 0.2734375 0.4921875
0 0.8359375 0.685546875 0.3046875 0.447265625
0 0.482421875 0.740234375 0.37109375 0.4921875
