0 0.4140625 0.400390625 0.119140625 0.15625
0 0.919921875 0.404296875 0.115234375 0.138671875
0 0.677734375 0.416015625 0.123046875 0.146484375
0 0.15234375 0.439453125 0.126953125 0.146484375
0 0.06640625 0.43359375 0.0625 0.12890625
0 0.96875 0.45703125 0.0546875 0.125
0 0.30078125 0.482421875 0.111328125 0.13671875
0 0.78515625 0.490234375 0.11328125 0.134765625
0 0.544921875 0.513671875 0.12109375 0.146484375
0 0.423828125 0.54296875 0.099609375 0.109375
0 0.654296875 0.548828125 0.107421875 0.115234375
0 0.880859375 0.5546875 0.103515625 0.119140625
0 0.193359375 0.552734375 0.10546875 0.107421875
0 0.0859375 0.587890625 0.095703125 0.11328125
0 0.31640625 0.603515625 0.103515625 0.099609375
0 0.755859375 0.626953125 0.103515625 0.11328125
0 0.95703125 0.6328125 0.078125 0.111328125
0 0.5390625 0.634765625 0.10546875 0.09765625
0 0.009765625 0.64453125 0.015625 0.076171875
0 0.42578125 0.666015625 0.095703125 0.099609375
0 0.20703125 0.685546875 0.095703125 0.107421875
0 0.84765625 0.689453125 0.103515625 0.109375
0 0.642578125 0.69140625 0.09765625 0.109375
0 0.125 0.693359375 0.07421875 0.091796875
0 0.3203125 0.728515625 0.08984375 0.09375
0 0.529296875 0.73046875 0.08984375 0.09375
0 0.736328125 0.75 0.09765625 0.1015625
0 0.427734375 0.783203125 0.08984375 0.09375
0 0.13671875 0.806640625 0.078125 0.091796875
0 0.951171875 0.810546875 0.087890625 0.099609375
0 0.234375 0.810546875 0.087890625 0.091796875
0 0.021484375 0.81640625 0.037109375 0.087890625
0 0.826171875 0.83203125 0.091796875 0.09765625
0 0.6328125 0.8515625 0.095703125 0.095703125
0 0.5234375 0.875 0.087890625 0.08984375
0 0.423828125 0.890625 0.076171875 0.0859375
0 0.318359375 0.896484375 0.0859375 0.0859375
0 0.7265625 0.90234375 0.08984375 0.09375
0 0.62109375 0.912109375 0.08203125 0.041015625
0 0.5234375 0.9453125 0.080078125 0.048828125
0 0.193359375 0.9765625 0.087890625 0.033203125
0 0.375 0.984375 0.076171875 0.0234375
