0 0.48046875 0.115234375 0.0703125 0.076171875
0 0.39453125 0.1171875 0.06640625 0.07421875
0 0.310546875 0.1171875 0.0703125 0.072265625
0 0.56640625 0.130859375 0.072265625 0.07421875
0 0.234375 0.134765625 0.0703125 0.068359375
0 0.673828125 0.173828125 0.076171875 0.068359375
0 0.154296875 0.1796875 0.0703125 0.072265625
0 0.388671875 0.205078125 0.0703125 0.068359375
0 0.4765625 0.20703125 0.0703125 0.06640625
0 0.30078125 0.2109375 0.072265625 0.0703125
0 0.556640625 0.216796875 0.06640625 0.072265625
0 0.087890625 0.224609375 0.064453125 0.068359375
0 0.2265625 0.224609375 0.064453125 0.068359375
0 0.6328125 0.248046875 0.0703125 0.068359375
0 0.716796875 0.25390625 0.07421875 0.078125
0 0.802734375 0.255859375 0.0703125 0.07421875
0 0.16015625 0.265625 0.064453125 0.0703125
0 0.046875 0.28515625 0.064453125 0.06640625
0 0.4296875 0.28515625 0.064453125 0.06640625
0 0.513671875 0.283203125 0.060546875 0.064453125
0 0.341796875 0.28515625 0.060546875 0.064453125
0 0.25390625 0.306640625 0.0625 0.06640625
0 0.5859375 0.31640625 0.064453125 0.06640625
0 0.6640625 0.3203125 0.0703125 0.064453125
0 0.115234375 0.328125 0.060546875 0.064453125
0 0.748046875 0.330078125 0.068359375 0.068359375
0 0.8359375 0.3359375 0.0703125 0.0703125
0 0.91796875 0.341796875 0.068359375 0.0703125
0 0.185546875 0.34765625 0.056640625 0.064453125
0 0.474609375 0.3515625 0.060546875 0.064453125
0 0.037109375 0.36328125 0.05859375 0.0625
0 0.380859375 0.3671875 0.068359375 0.064453125
0 0.62109375 0.3828125 0.0625 0.05859375
0 0.541015625 0.388671875 0.060546875 0.060546875
0 0.251953125 0.400390625 0.060546875 0.064453125
0 0.6953125 0.40234375 0.0703125 0.06640625
0 0.109375 0.40234375 0.0546875 0.0625
0 0.779296875 0.40234375 0.0703125 0.064453125
0 0.341796875 0.404296875 0.05859375 0.05859375
0 0.86328125 0.408203125 0.072265625 0.064453125
0 0.943359375 0.419921875 0.068359375 0.0703125
0 0.181640625 0.421875 0.060546875 0.0546875
0 0.419921875 0.427734375 0.05859375 0.05859375
0 0.056640625 0.439453125 0.0625 0.0625
0 0.4921875 0.443359375 0.05859375 0.05859375
0 0.58203125 0.451171875 0.064453125 0.056640625
0 0.1484375 0.466796875 0.05859375 0.056640625
0 0.65625 0.46875 0.068359375 0.05859375
0 0.251953125 0.466796875 0.060546875 0.052734375
0 0.73828125 0.474609375 0.06640625 0.05859375
0 0.328125 0.474609375 0.05859375 0.0546875
0 0.404296875 0.490234375 0.0546875 0.056640625
0 0.833984375 0.49609375 0.072265625 0.06640625
0 0.916015625 0.494140625 0.064453125 0.064453125
0 0.10546875 0.49609375 0.048828125 0.056640625
0 0.546875 0.51171875 0.056640625 0.056640625
0 0.474609375 0.513671875 0.056640625 0.0546875
0 0.205078125 0.51953125 0.052734375 0.0546875
0 0.6171875 0.529296875 0.05859375 0.056640625
0 0.283203125 0.53125 0.060546875 0.0546875
0 0.693359375 0.53125 0.0625 0.056640625
0 0.76953125 0.533203125 0.0625 0.052734375
0 0.166015625 0.5390625 0.052734375 0.0546875
0 0.359375 0.541015625 0.048828125 0.05078125
0 0.861328125 0.5546875 0.0625 0.0546875
0 0.427734375 0.5625 0.056640625 0.0546875
0 0.2421875 0.57421875 0.0546875 0.05078125
0 0.505859375 0.572265625 0.0546875 0.048828125
0 0.57421875 0.58203125 0.0625 0.056640625
0 0.72265625 0.591796875 0.0625 0.056640625
0 0.798828125 0.591796875 0.052734375 0.056640625
0 0.646484375 0.59375 0.060546875 0.0546875
0 0.30859375 0.595703125 0.056640625 0.05078125
0 0.3828125 0.60546875 0.05859375 0.048828125
0 0.4609375 0.619140625 0.056640625 0.05078125
