0 0.107421875 0.072265625 0.0078125 0.005859375
0 0.12890625 0.072265625 0.009765625 0.00390625
0 0.17578125 0.07421875 0.0078125 0.00390625
0 0.197265625 0.07421875 0.005859375 0.00390625
0 0.2421875 0.07421875 0.009765625 0.005859375
0 0.26953125 0.076171875 0.009765625 0.0078125
0 0.314453125 0.078125 0.005859375 0.0078125
0 0.337890625 0.076171875 0.005859375 0.005859375
0 0.095703125 0.091796875 0.005859375 0.005859375
0 0.119140625 0.09375 0.005859375 0.0078125
0 0.140625 0.09375 0.0078125 0.0078125
0 0.1640625 0.09375 0.009765625 0.0078125
0 0.1875 0.09375 0.009765625 0.0078125
0 0.212890625 0.095703125 0.0078125 0.005859375
0 0.234375 0.095703125 0.0078125 0.005859375
0 0.2578125 0.095703125 0.0078125 0.005859375
0 0.28125 0.095703125 0.0078125 0.005859375
0 0.3046875 0.095703125 0.0078125 0.005859375
0 0.34765625 0.095703125 0.009765625 0.005859375
0 0.326171875 0.09765625 0.009765625 0.00390625
0 0.177734375 0.111328125 0.0078125 0.005859375
0 0.201171875 0.111328125 0.0078125 0.005859375
0 0.109375 0.115234375 0.0078125 0.0078125
0 0.1328125 0.115234375 0.0078125 0.0078125
0 0.25 0.1171875 0.0078125 0.0078125
0 0.271484375 0.1171875 0.0078125 0.0078125
0 0.318359375 0.119140625 0.0078125 0.00390625
0 0.337890625 0.119140625 0.005859375 0.005859375
0 0.103515625 0.630859375 0.0625 0.0546875
0 0.177734375 0.630859375 0.060546875 0.0546875
0 0.251953125 0.630859375 0.0625 0.0546875
0 0.474609375 0.626953125 0.0546875 0.046875
0 0.548828125 0.62890625 0.052734375 0.046875
0 0.619140625 0.62890625 0.052734375 0.046875
0 0.830078125 0.62890625 0.052734375 0.046875
0 0.904296875 0.62890625 0.0546875 0.048828125
0 0.974609375 0.634765625 0.04296875 0.048828125
0 0.294921875 0.681640625 0.056640625 0.048828125
0 0.21875 0.68359375 0.056640625 0.048828125
0 0.4375 0.68359375 0.0546875 0.046875
0 0.509765625 0.68359375 0.05078125 0.046875
0 0.072265625 0.6875 0.052734375 0.048828125
0 0.146484375 0.685546875 0.056640625 0.044921875
0 0.580078125 0.685546875 0.052734375 0.044921875
0 0.65234375 0.689453125 0.05078125 0.046875
0 0.791015625 0.689453125 0.05078125 0.046875
0 0.861328125 0.689453125 0.05078125 0.046875
0 0.93359375 0.69140625 0.05078125 0.046875
0 0.986328125 0.693359375 0.017578125 0.044921875
0 0.33203125 0.73828125 0.056640625 0.048828125
0 0.404296875 0.73828125 0.052734375 0.046875
0 0.474609375 0.73828125 0.0546875 0.046875
0 0.54296875 0.73828125 0.05078125 0.048828125
0 0.1875 0.7421875 0.056640625 0.048828125
0 0.2578125 0.7421875 0.056640625 0.048828125
0 0.04296875 0.744140625 0.056640625 0.048828125
0 0.115234375 0.744140625 0.056640625 0.048828125
0 0.611328125 0.744140625 0.052734375 0.046875
0 0.681640625 0.744140625 0.05078125 0.048828125
0 0.751953125 0.744140625 0.05078125 0.044921875
0 0.822265625 0.744140625 0.05078125 0.044921875
0 0.888671875 0.74609375 0.052734375 0.046875
0 0.962890625 0.75 0.05078125 0.04296875
0 0.50390625 0.794921875 0.048828125 0.04296875
0 0.158203125 0.798828125 0.05078125 0.046875
0 0.23046875 0.798828125 0.05078125 0.046875
0 0.43359375 0.796875 0.048828125 0.04296875
0 0.57421875 0.796875 0.05078125 0.04296875
0 0.306640625 0.80078125 0.05078125 0.046875
0 0.64453125 0.798828125 0.048828125 0.044921875
0 0.84765625 0.80078125 0.05078125 0.046875
0 0.91796875 0.798828125 0.05078125 0.044921875
0 0.080078125 0.802734375 0.05078125 0.044921875
0 0.77734375 0.802734375 0.05078125 0.04296875
0 0.978515625 0.802734375 0.033203125 0.044921875
0 0.125 0.849609375 0.048828125 0.041015625
0 0.197265625 0.8515625 0.046875 0.04296875
0 0.267578125 0.849609375 0.046875 0.041015625
0 0.53515625 0.849609375 0.046875 0.041015625
0 0.603515625 0.849609375 0.046875 0.041015625
0 0.80859375 0.853515625 0.05078125 0.046875
0 0.873046875 0.853515625 0.052734375 0.046875
0 0.94140625 0.8515625 0.05078125 0.04296875
0 0.466796875 0.8515625 0.044921875 0.041015625
