0 0.396484375 0.033203125 0.0234375 0.044921875
0 0.583984375 0.025390625 0.005859375 0.005859375
0 0.638671875 0.03125 0.0078125 0.013671875
0 0.443359375 0.056640625 0.02734375 0.03125
0 0.904296875 0.0703125 0.0078125 0.0078125
0 0.91796875 0.072265625 0.001953125 0.005859375
0 0.93359375 0.076171875 0.00390625 0.0078125
0 0.94921875 0.07421875 0.001953125 0.00390625
0 0.966796875 0.078125 0.0078125 0.009765625
0 0.767578125 0.091796875 0.021484375 0.0234375
0 0.8125 0.091796875 0.02734375 0.0234375
0 0.982421875 0.083984375 0.005859375 0.009765625
0 0.853515625 0.09375 0.033203125 0.0234375
0 0.896484375 0.09765625 0.037109375 0.025390625
0 0.943359375 0.103515625 0.037109375 0.033203125
0 0.07421875 0.318359375 0.142578125 0.431640625
0 0.25 0.375 0.212890625 0.517578125
0 0.533203125 0.423828125 0.30078125 0.609375
0 0.02734375 0.677734375 0.05078125 0.37109375
0 0.1640625 0.75 0.158203125 0.4296875
0 0.353515625 0.822265625 0.248046875 0.34765625
0 0.6640625 0.86328125 0.306640625 0.265625
