0 0.52734375 0.119140625 0.056640625 0.076171875
0 0.748046875 0.138671875 0.060546875 0.068359375
0 0.423828125 0.212890625 0.046875 0.052734375
0 0.056640625 0.232421875 0.03515625 0.0546875
0 0.837890625 0.29296875 0.06640625 0.072265625
0 0.478515625 0.302734375 0.052734375 0.060546875
0 0.71875 0.32421875 0.0546875 0.056640625
0 0.2890625 0.34765625 0.048828125 0.056640625
0 0.189453125 0.37890625 0.03515625 0.046875
0 0.904296875 0.458984375 0.08984375 0.0859375
0 0.4609375 0.451171875 0.048828125 0.0546875
0 0.66796875 0.453125 0.05078125 0.048828125
0 0.771484375 0.462890625 0.041015625 0.060546875
0 0.328125 0.484375 0.041015625 0.048828125
0 0.19921875 0.5 0.033203125 0.04296875
0 0.5859375 0.57421875 0.04296875 0.048828125
0 0.740234375 0.57421875 0.04296875 0.046875
0 0.34765625 0.595703125 0.046875 0.05078125
0 0.21484375 0.611328125 0.03515625 0.044921875
0 0.05859375 0.619140625 0.033203125 0.046875
0 0.828125 0.62890625 0.064453125 0.064453125
0 0.115234375 0.732421875 0.037109375 0.044921875
0 0.421875 0.736328125 0.048828125 0.05078125
0 0.755859375 0.763671875 0.060546875 0.05859375
0 0.048828125 0.765625 0.01953125 0.02734375
0 0.33984375 0.771484375 0.033203125 0.041015625
0 0.533203125 0.779296875 0.0546875 0.056640625
0 0.220703125 0.818359375 0.01953125 0.025390625
0 0.16015625 0.82421875 0.017578125 0.025390625
0 0.470703125 0.8515625 0.029296875 0.025390625
0 0.072265625 0.861328125 0.017578125 0.01953125
0 0.91015625 0.869140625 0.041015625 0.033203125
0 0.783203125 0.880859375 0.033203125 0.037109375
0 0.16015625 0.880859375 0.01953125 0.025390625
0 0.23046875 0.880859375 0.017578125 0.025390625
0 0.27734375 0.884765625 0.025390625 0.029296875
0 0.634765625 0.923828125 0.060546875 0.060546875
0 0.04296875 0.91015625 0.015625 0.01953125
0 0.53515625 0.92578125 0.03125 0.025390625
0 0.11328125 0.9296875 0.017578125 0.0234375
0 0.279296875 0.951171875 0.021484375 0.0234375
0 0.337890625 0.94921875 0.01953125 0.01953125
0 0.1953125 0.951171875 0.017578125 0.015625
0 0.044921875 0.96875 0.01171875 0.017578125
0 0.1171875 0.98046875 0.017578125 0.017578125
0 0.166015625 0.98828125 0.017578125 0.015625
0 0.349609375 0.99609375 0.01171875 0.0
