1 0.30078125 0.201171875 0.109375 0.15625
1 0.37109375 0.28515625 0.12890625 0.197265625
1 0.537109375 0.33203125 0.140625 0.212890625
1 0.7578125 0.37890625 0.154296875 0.20703125
1 0.248046875 0.380859375 0.12109375 0.189453125
1 0.388671875 0.443359375 0.1328125 0.185546875
1 0.552734375 0.498046875 0.142578125 0.197265625
1 0.755859375 0.544921875 0.150390625 0.212890625
1 0.267578125 0.5390625 0.1171875 0.181640625
1 0.400390625 0.599609375 0.12890625 0.1796875
1 0.609375 0.666015625 0.138671875 0.16796875
1 0.798828125 0.703125 0.154296875 0.1796875
1 0.34765625 0.701171875 0.1171875 0.140625
1 0.48046875 0.76953125 0.12890625 0.15625
1 0.642578125 0.818359375 0.1484375 0.201171875
1 0.8203125 0.880859375 0.154296875 0.21875
1 0.896484375 0.890625 0.1171875 0.16796875
