1 0.244140625 0.005859375 0.0078125 0.009765625
1 0.26953125 0.0078125 0.009765625 0.013671875
1 0.287109375 0.005859375 0.005859375 0.009765625
1 0.314453125 0.009765625 0.01171875 0.015625
1 0.333984375 0.005859375 0.009765625 0.009765625
1 0.158203125 0.013671875 0.013671875 0.013671875
1 0.1796875 0.013671875 0.009765625 0.013671875
1 0.375 0.01171875 0.01171875 0.009765625
1 0.19921875 0.01953125 0.0078125 0.015625
1 0.15625 0.04296875 0.009765625 0.009765625
1 0.1796875 0.046875 0.009765625 0.015625
1 0.19921875 0.046875 0.0078125 0.015625
1 0.6171875 0.40234375 0.16015625 0.44140625
1 0.439453125 0.40625 0.154296875 0.44140625
1 0.265625 0.40625 0.1640625 0.431640625
1 0.787109375 0.412109375 0.181640625 0.4296875
1 0.9453125 0.490234375 0.033203125 0.052734375
1 0.876953125 0.529296875 0.017578125 0.025390625
1 0.927734375 0.541015625 0.03125 0.046875
1 0.248046875 0.80078125 0.14453125 0.337890625
1 0.404296875 0.806640625 0.140625 0.326171875
1 0.556640625 0.806640625 0.138671875 0.326171875
1 0.705078125 0.8046875 0.15234375 0.3203125
1 0.859375 0.8125 0.16796875 0.3359375
1 0.08203125 0.828125 0.16015625 0.3359375
