1 0.1796875 0.3515625 0.033203125 0.056640625
1 0.1171875 0.357421875 0.033203125 0.060546875
1 0.021484375 0.36328125 0.025390625 0.0625
1 0.0625 0.36328125 0.033203125 0.0625
1 0.21875 0.4296875 0.033203125 0.05859375
1 0.177734375 0.4296875 0.02734375 0.056640625
1 0.021484375 0.435546875 0.029296875 0.056640625
1 0.11328125 0.4375 0.033203125 0.05859375
1 0.064453125 0.4375 0.029296875 0.0546875
1 0.005859375 0.501953125 0.005859375 0.046875
1 0.03125 0.505859375 0.02734375 0.056640625
1 0.177734375 0.5078125 0.029296875 0.05859375
1 0.072265625 0.5078125 0.029296875 0.0546875
1 0.123046875 0.509765625 0.029296875 0.060546875
1 0.216796875 0.505859375 0.005859375 0.044921875
1 0.2421875 0.51953125 0.02734375 0.0625
1 0.28515625 0.52734375 0.03515625 0.0625
1 0.015625 0.564453125 0.0234375 0.052734375
1 0.048828125 0.572265625 0.021484375 0.044921875
1 0.12890625 0.578125 0.03125 0.056640625
1 0.228515625 0.576171875 0.015625 0.052734375
1 0.1953125 0.576171875 0.0234375 0.044921875
1 0.08984375 0.580078125 0.01953125 0.044921875
1 0.259765625 0.591796875 0.03125 0.05859375
1 0.306640625 0.59375 0.03125 0.05859375
1 0.05078125 0.638671875 0.025390625 0.0546875
1 0.08984375 0.64453125 0.025390625 0.05078125
1 0.236328125 0.646484375 0.029296875 0.056640625
1 0.12890625 0.654296875 0.03125 0.05859375
1 0.18359375 0.65234375 0.03515625 0.056640625
1 0.32421875 0.65625 0.033203125 0.05859375
1 0.27734375 0.658203125 0.033203125 0.044921875
1 0.087890625 0.716796875 0.01953125 0.052734375
1 0.279296875 0.7265625 0.029296875 0.05859375
1 0.84765625 0.71875 0.025390625 0.041015625
1 0.123046875 0.728515625 0.02734375 0.052734375
1 0.326171875 0.73046875 0.0390625 0.056640625
1 0.162109375 0.740234375 0.037109375 0.05859375
1 0.212890625 0.740234375 0.03515625 0.060546875
1 0.728515625 0.763671875 0.029296875 0.044921875
1 0.89453125 0.751953125 0.017578125 0.017578125
1 0.416015625 0.775390625 0.037109375 0.0546875
1 0.05078125 0.779296875 0.025390625 0.052734375
1 0.08984375 0.7890625 0.025390625 0.056640625
1 0.28515625 0.798828125 0.03515625 0.0625
1 0.330078125 0.80078125 0.03515625 0.064453125
1 0.232421875 0.8046875 0.029296875 0.056640625
1 0.171875 0.810546875 0.033203125 0.056640625
1 0.703125 0.8203125 0.05859375 0.04296875
