0 0.59765625 0.203125 0.021484375 0.046875
0 0.640625 0.22265625 0.015625 0.052734375
0 0.6640625 0.23828125 0.0078125 0.037109375
0 0.595703125 0.255859375 0.025390625 0.056640625
0 0.685546875 0.25390625 0.0078125 0.033203125
0 0.626953125 0.2734375 0.017578125 0.048828125
0 0.703125 0.267578125 0.0078125 0.03515625
0 0.662109375 0.291015625 0.01171875 0.04296875
0 0.720703125 0.28125 0.0078125 0.0234375
0 0.58203125 0.310546875 0.025390625 0.060546875
0 0.68359375 0.302734375 0.01171875 0.04296875
0 0.736328125 0.291015625 0.00390625 0.021484375
0 0.62109375 0.32421875 0.01953125 0.060546875
0 0.703125 0.314453125 0.0078125 0.0390625
0 0.751953125 0.3046875 0.0078125 0.021484375
0 0.724609375 0.32421875 0.005859375 0.033203125
0 0.650390625 0.341796875 0.015625 0.0546875
0 0.748046875 0.3359375 0.0078125 0.037109375
0 0.6875 0.353515625 0.029296875 0.056640625
0 0.767578125 0.3515625 0.00390625 0.033203125
0 0.572265625 0.37109375 0.03125 0.064453125
0 0.607421875 0.380859375 0.021484375 0.056640625
0 0.72265625 0.37109375 0.021484375 0.037109375
0 0.63671875 0.390625 0.015625 0.046875
0 0.751953125 0.3828125 0.0078125 0.025390625
0 0.66015625 0.396484375 0.009765625 0.03515625
0 0.5078125 0.42578125 0.04296875 0.08203125
0 0.5546875 0.439453125 0.03125 0.07421875
0 0.591796875 0.447265625 0.025390625 0.064453125
0 0.638671875 0.453125 0.01953125 0.060546875
0 0.666015625 0.4609375 0.01171875 0.056640625
0 0.474609375 0.505859375 0.046875 0.08203125
0 0.52734375 0.513671875 0.0390625 0.072265625
0 0.568359375 0.513671875 0.025390625 0.056640625
0 0.60546875 0.51953125 0.025390625 0.046875
0 0.4453125 0.595703125 0.05078125 0.095703125
0 0.50390625 0.59375 0.04296875 0.083984375
0 0.556640625 0.591796875 0.025390625 0.0703125
0 0.58984375 0.591796875 0.01953125 0.060546875
0 0.529296875 0.673828125 0.04296875 0.083984375
0 0.474609375 0.6875 0.046875 0.091796875
0 0.41015625 0.701171875 0.0625 0.1015625
0 0.32421875 0.71484375 0.087890625 0.1171875
0 0.501953125 0.765625 0.046875 0.0859375
0 0.544921875 0.75390625 0.01953125 0.064453125
0 0.3984375 0.8046875 0.13671875 0.130859375
