0 0.619140625 0.177734375 0.060546875 0.107421875
0 0.69140625 0.208984375 0.056640625 0.10546875
0 0.751953125 0.23046875 0.048828125 0.095703125
0 0.587890625 0.271484375 0.076171875 0.1171875
0 0.80859375 0.263671875 0.041015625 0.087890625
0 0.66015625 0.298828125 0.05078125 0.111328125
0 0.72265625 0.3203125 0.048828125 0.1015625
0 0.78125 0.345703125 0.04296875 0.09375
0 0.55078125 0.37109375 0.072265625 0.119140625
0 0.8359375 0.365234375 0.0390625 0.087890625
0 0.626953125 0.392578125 0.0625 0.111328125
0 0.6953125 0.412109375 0.0546875 0.103515625
0 0.7578125 0.4296875 0.048828125 0.095703125
0 0.814453125 0.44921875 0.046875 0.09375
0 0.8671875 0.46484375 0.041015625 0.08984375
0 0.517578125 0.482421875 0.076171875 0.12109375
0 0.59765625 0.494140625 0.064453125 0.109375
0 0.66796875 0.509765625 0.056640625 0.111328125
0 0.732421875 0.5234375 0.0546875 0.1015625
0 0.791015625 0.53515625 0.048828125 0.09765625
0 0.84375 0.552734375 0.041015625 0.08984375
0 0.890625 0.560546875 0.033203125 0.083984375
0 0.548828125 0.6171875 0.076171875 0.12109375
0 0.640625 0.6171875 0.064453125 0.119140625
0 0.7109375 0.623046875 0.0546875 0.107421875
0 0.76953125 0.630859375 0.048828125 0.103515625
0 0.826171875 0.64453125 0.044921875 0.09375
0 0.880859375 0.658203125 0.0390625 0.091796875
0 0.591796875 0.73828125 0.072265625 0.125
0 0.673828125 0.73046875 0.064453125 0.111328125
0 0.7421875 0.734375 0.048828125 0.10546875
0 0.798828125 0.736328125 0.044921875 0.09765625
0 0.85546875 0.744140625 0.041015625 0.091796875
0 0.640625 0.84375 0.064453125 0.1171875
0 0.708984375 0.845703125 0.056640625 0.111328125
0 0.7734375 0.83984375 0.04296875 0.095703125
0 0.828125 0.83984375 0.04296875 0.095703125
