0 0.265625 0.05859375 0.0859375 0.06640625
0 0.548828125 0.09765625 0.09375 0.142578125
0 0.373046875 0.162109375 0.166015625 0.2265625
0 0.6875 0.14453125 0.05859375 0.142578125
0 0.755859375 0.1875 0.041015625 0.1171875
0 0.53515625 0.228515625 0.103515625 0.173828125
0 0.8515625 0.248046875 0.0234375 0.076171875
0 0.783203125 0.234375 -0.001953125 -0.00390625
0 0.884765625 0.26953125 0.015625 0.0625
0 0.72265625 0.298828125 0.048828125 0.11328125
0 0.783203125 0.240234375 -0.001953125 -0.001953125
0 0.7734375 0.26171875 0.021484375 0.029296875
0 0.595703125 0.291015625 0.013671875 0.044921875
0 0.9375 0.302734375 0.0078125 0.044921875
0 0.955078125 0.296875 -0.001953125 -0.00390625
0 0.462890625 0.392578125 0.126953125 0.185546875
0 0.95703125 0.318359375 0.0 0.033203125
0 0.869140625 0.349609375 0.015625 0.0703125
0 0.595703125 0.408203125 0.08203125 0.146484375
0 0.9453125 0.380859375 0.0078125 0.0390625
0 0.75 0.42578125 0.041015625 0.11328125
0 0.84765625 0.439453125 0.025390625 0.068359375
0 0.880859375 0.4453125 0.013671875 0.064453125
0 0.912109375 0.447265625 0.0078125 0.05078125
0 0.533203125 0.5703125 0.107421875 0.166015625
0 0.720703125 0.546875 0.048828125 0.111328125
0 0.779296875 0.541015625 0.037109375 0.095703125
0 0.94140625 0.51171875 0.00390625 0.033203125
0 0.609375 0.560546875 0.041015625 0.12109375
0 0.86328125 0.525390625 0.015625 0.052734375
0 0.962890625 0.515625 0.0 0.025390625
0 0.951171875 0.580078125 0.005859375 0.037109375
0 0.9296875 0.587890625 0.0078125 0.046875
0 0.87890625 0.611328125 0.015625 0.064453125
0 0.845703125 0.62109375 0.021484375 0.072265625
0 0.765625 0.63671875 0.02734375 0.078125
0 0.68359375 0.6875 0.0625 0.126953125
0 0.939453125 0.65234375 0.005859375 0.0390625
0 0.2890625 0.7109375 0.12109375 0.142578125
0 0.59375 0.720703125 0.080078125 0.154296875
0 0.916015625 0.66796875 0.005859375 0.048828125
0 0.89453125 0.68359375 0.015625 0.06640625
0 0.861328125 0.703125 0.017578125 0.072265625
0 0.779296875 0.755859375 0.037109375 0.091796875
0 0.640625 0.84375 0.064453125 0.134765625
0 0.53515625 0.912109375 0.103515625 0.16796875
