0 0.037109375 0.095703125 0.0703125 0.146484375
0 0.236328125 0.185546875 0.13671875 0.138671875
0 0.98046875 0.234375 0.021484375 0.091796875
0 0.90625 0.25 0.080078125 0.115234375
0 0.748046875 0.29296875 0.091796875 0.111328125
0 0.05078125 0.337890625 0.09765625 0.12890625
0 0.498046875 0.3671875 0.111328125 0.11328125
0 0.298828125 0.408203125 0.123046875 0.119140625
0 0.95703125 0.41015625 0.0703125 0.087890625
0 0.845703125 0.427734375 0.083984375 0.1015625
0 0.640625 0.46484375 0.091796875 0.10546875
0 0.97265625 0.529296875 0.0390625 0.091796875
0 0.119140625 0.560546875 0.154296875 0.126953125
0 0.423828125 0.55859375 0.115234375 0.115234375
0 0.712890625 0.56640625 0.091796875 0.1015625
0 0.880859375 0.5625 0.0703125 0.087890625
0 0.580078125 0.6328125 0.1015625 0.1015625
0 0.263671875 0.703125 0.130859375 0.119140625
0 0.978515625 0.68359375 0.025390625 0.0703125
0 0.775390625 0.7109375 0.08203125 0.087890625
0 0.91015625 0.716796875 0.07421875 0.083984375
0 0.66796875 0.736328125 0.083984375 0.087890625
0 0.0546875 0.78515625 0.10546875 0.12890625
0 0.556640625 0.79296875 0.091796875 0.091796875
0 0.98828125 0.791015625 0.015625 0.060546875
0 0.916015625 0.8125 0.078125 0.080078125
0 0.806640625 0.818359375 0.07421875 0.078125
0 0.421875 0.83984375 0.091796875 0.095703125
0 0.6953125 0.845703125 0.07421875 0.091796875
0 0.279296875 0.875 0.111328125 0.095703125
0 0.587890625 0.896484375 0.083984375 0.08203125
0 0.119140625 0.919921875 0.12890625 0.107421875
0 0.361328125 0.962890625 0.1015625 0.06640625
0 0.216796875 0.982421875 0.111328125 0.025390625
