1 0.330078125 0.357421875 0.076171875 0.0703125
1 0.52734375 0.357421875 0.076171875 0.0703125
1 0.171875 0.36328125 0.080078125 0.076171875
1 0.75 0.36328125 0.080078125 0.076171875
1 0.048828125 0.36328125 0.078125 0.068359375
1 0.935546875 0.37109375 0.09375 0.08203125
1 0.7421875 0.46484375 0.072265625 0.06640625
1 0.958984375 0.462890625 0.072265625 0.0625
1 0.345703125 0.4609375 0.072265625 0.052734375
1 0.63671875 0.46875 0.072265625 0.068359375
1 0.8515625 0.46875 0.08203125 0.068359375
1 0.439453125 0.470703125 0.068359375 0.064453125
1 0.533203125 0.470703125 0.072265625 0.064453125
1 0.0390625 0.447265625 -0.001953125 -0.001953125
1 0.0859375 0.484375 0.08203125 0.064453125
1 0.009765625 0.490234375 0.015625 0.0625
1 0.205078125 0.494140625 0.076171875 0.0625
1 0.396484375 0.546875 0.05859375 0.05859375
1 0.5 0.556640625 0.060546875 0.05859375
1 0.03125 0.546875 0.05859375 0.03125
1 0.142578125 0.552734375 0.0625 0.044921875
1 0.685546875 0.564453125 0.0625 0.056640625
1 0.25 0.5625 0.064453125 0.03515625
1 0.595703125 0.568359375 0.068359375 0.048828125
1 0.76953125 0.572265625 0.068359375 0.0546875
1 0.94140625 0.576171875 0.080078125 0.0625
1 0.435546875 0.61328125 0.05078125 0.04296875
1 0.033203125 0.6171875 0.064453125 0.044921875
1 0.169921875 0.6328125 0.068359375 0.048828125
1 0.537109375 0.630859375 0.056640625 0.044921875
1 0.638671875 0.634765625 0.0546875 0.044921875
1 0.2890625 0.64453125 0.064453125 0.052734375
1 0.720703125 0.66015625 0.0703125 0.048828125
1 0.8125 0.66015625 0.068359375 0.048828125
1 0.939453125 0.671875 0.068359375 0.052734375
1 0.0625 0.693359375 0.05859375 0.0390625
1 0.166015625 0.70703125 0.05859375 0.0390625
1 0.41796875 0.708984375 0.048828125 0.04296875
1 0.529296875 0.716796875 0.0546875 0.052734375
1 0.26171875 0.716796875 0.05859375 0.044921875
1 0.634765625 0.71484375 0.060546875 0.041015625
1 0.71484375 0.73046875 0.05859375 0.052734375
1 0.80859375 0.736328125 0.0546875 0.04296875
1 0.91796875 0.736328125 0.068359375 0.04296875
1 0.078125 0.74609375 0.0546875 0.03515625
1 0.36328125 0.755859375 0.056640625 0.041015625
1 0.17578125 0.759765625 0.05078125 0.03515625
1 0.45703125 0.765625 0.05078125 0.0390625
1 0.2734375 0.7734375 0.046875 0.03515625
1 0.55078125 0.78125 0.0546875 0.03515625
1 0.646484375 0.779296875 0.0546875 0.03125
1 0.783203125 0.783203125 0.05859375 0.041015625
1 0.90625 0.791015625 0.05859375 0.03515625
1 0.32421875 0.806640625 0.037109375 0.0390625
1 0.119140625 0.810546875 0.05078125 0.041015625
1 0.478515625 0.810546875 0.041015625 0.029296875
1 0.408203125 0.818359375 0.046875 0.03515625
1 0.1875 0.822265625 0.041015625 0.037109375
1 0.537109375 0.818359375 0.037109375 0.02734375
1 0.6015625 0.8203125 0.04296875 0.03125
1 0.244140625 0.828125 0.05078125 0.03515625
1 0.658203125 0.8359375 0.05078125 0.037109375
1 0.1328125 0.85546875 0.044921875 0.02734375
1 0.794921875 0.865234375 0.0546875 0.048828125
1 0.724609375 0.869140625 0.0546875 0.04296875
1 0.865234375 0.87109375 0.060546875 0.0390625
1 0.197265625 0.861328125 0.037109375 0.013671875
1 0.259765625 0.861328125 0.0390625 0.013671875
1 0.470703125 0.87890625 0.04296875 0.03515625
1 0.40234375 0.880859375 0.044921875 0.03125
1 0.80078125 0.9453125 0.05859375 0.044921875
1 0.658203125 0.943359375 0.05078125 0.029296875
1 0.7265625 0.94921875 0.05078125 0.0390625
1 0.880859375 0.9609375 0.064453125 0.03515625
