1 0.46875 0.087890625 0.0859375 0.15234375
1 0.5625 0.103515625 0.06640625 0.1328125
1 0.986328125 0.099609375 0.017578125 0.126953125
1 0.625 0.115234375 0.0390625 0.12890625
1 0.5078125 0.267578125 0.07421875 0.146484375
1 0.802734375 0.24609375 0.03515625 0.103515625
1 0.8515625 0.240234375 0.021484375 0.091796875
1 0.580078125 0.263671875 0.052734375 0.12890625
1 0.650390625 0.2578125 0.048828125 0.119140625
1 0.716796875 0.25390625 0.0390625 0.109375
1 0.990234375 0.228515625 0.009765625 0.05859375
1 0.888671875 0.234375 0.021484375 0.06640625
1 0.296875 0.27734375 0.1015625 0.146484375
1 0.9609375 0.236328125 0.013671875 0.0625
1 0.15234375 0.33984375 0.134765625 0.171875
1 0.986328125 0.302734375 0.009765625 0.05859375
1 0.955078125 0.310546875 0.01953125 0.0625
1 0.8515625 0.318359375 0.021484375 0.06640625
1 0.884765625 0.3203125 0.021484375 0.052734375
1 0.759765625 0.33984375 0.029296875 0.0625
1 0.677734375 0.376953125 0.033203125 0.099609375
1 0.7109375 0.35546875 0.001953125 0.0546875
1 0.634765625 0.392578125 0.03515625 0.1171875
1 0.576171875 0.4140625 0.060546875 0.1328125
1 0.978515625 0.376953125 0.009765625 0.056640625
1 0.955078125 0.384765625 0.01171875 0.0625
1 0.4296875 0.41796875 0.0625 0.123046875
1 0.927734375 0.392578125 0.013671875 0.05859375
1 0.84765625 0.400390625 0.021484375 0.0625
1 0.81640625 0.384765625 0.021484375 0.0234375
1 0.35546875 0.455078125 0.09765625 0.15234375
1 0.9765625 0.439453125 0.013671875 0.052734375
1 0.810546875 0.4609375 0.025390625 0.087890625
1 0.953125 0.453125 0.015625 0.052734375
1 0.21484375 0.525390625 0.12109375 0.185546875
1 0.751953125 0.482421875 0.029296875 0.09765625
1 0.705078125 0.49609375 0.0390625 0.1171875
1 0.919921875 0.470703125 0.013671875 0.056640625
1 0.8515625 0.501953125 0.021484375 0.078125
1 0.890625 0.4921875 0.017578125 0.05859375
1 0.98046875 0.4921875 0.013671875 0.0390625
1 0.578125 0.552734375 0.056640625 0.142578125
1 0.96484375 0.48046875 -0.00390625 -0.001953125
1 0.95703125 0.50390625 0.0078125 0.03515625
1 0.478515625 0.580078125 0.08203125 0.158203125
1 0.908203125 0.552734375 0.021484375 0.052734375
1 0.94921875 0.525390625 -0.00390625 -0.001953125
1 0.34375 0.609375 0.08984375 0.158203125
1 0.7578125 0.587890625 0.033203125 0.1015625
1 0.8515625 0.55859375 0.013671875 0.0234375
1 0.70703125 0.611328125 0.04296875 0.1171875
1 0.880859375 0.59765625 0.005859375 0.04296875
1 0.646484375 0.64453125 0.05078125 0.126953125
1 0.849609375 0.615234375 0.025390625 0.06640625
1 0.787109375 0.65234375 0.02734375 0.09375
1 0.814453125 0.625 0.009765625 0.0390625
1 0.572265625 0.681640625 0.0625 0.1328125
1 0.482421875 0.720703125 0.06640625 0.142578125
1 0.716796875 0.689453125 0.0390625 0.068359375
1 0.658203125 0.73046875 0.048828125 0.072265625
1 0.38671875 0.7890625 0.08984375 0.181640625
1 0.7421875 0.74609375 0.025390625 0.052734375
1 0.59765625 0.7734375 0.041015625 0.09765625
1 0.697265625 0.775390625 0.03125 0.083984375
1 0.537109375 0.8203125 0.0625 0.123046875
1 0.65625 0.8125 0.029296875 0.107421875
1 0.462890625 0.86328125 0.08203125 0.12890625
1 0.599609375 0.869140625 0.05078125 0.103515625
1 0.369140625 0.900390625 0.0859375 0.0546875
