0 0.09375 0.04296875 0.1640625 0.08203125
0 0.482421875 0.025390625 0.150390625 0.048828125
0 0.66796875 0.033203125 0.16015625 0.0625
0 0.853515625 0.029296875 0.154296875 0.056640625
0 0.4453125 0.259765625 0.173828125 0.25390625
0 0.634765625 0.263671875 0.173828125 0.248046875
0 0.822265625 0.26953125 0.171875 0.23828125
0 0.95703125 0.279296875 0.078125 0.2421875
0 0.044921875 0.283203125 0.0859375 0.236328125
0 0.353515625 0.484375 0.173828125 0.251953125
0 0.541015625 0.490234375 0.17578125 0.240234375
0 0.912109375 0.494140625 0.166015625 0.248046875
0 0.732421875 0.490234375 0.16796875 0.232421875
0 0.08203125 0.5 0.16015625 0.244140625
0 0.447265625 0.708984375 0.17578125 0.24609375
0 0.6328125 0.70703125 0.1640625 0.236328125
0 0.95703125 0.7109375 0.078125 0.234375
0 0.818359375 0.71484375 0.166015625 0.236328125
0 0.037109375 0.724609375 0.072265625 0.23046875
0 0.353515625 0.900390625 0.162109375 0.19140625
0 0.537109375 0.90234375 0.162109375 0.1875
0 0.71875 0.900390625 0.166015625 0.185546875
0 0.904296875 0.900390625 0.1640625 0.185546875
0 0.0859375 0.90625 0.16796875 0.1796875
