0 0.22265625 0.029296875 0.091796875 0.056640625
0 0.34375 0.037109375 0.138671875 0.072265625
0 0.62109375 0.013671875 0.044921875 0.025390625
0 0.75390625 0.029296875 0.0703125 0.056640625
0 0.861328125 0.005859375 0.017578125 0.009765625
0 0.884765625 0.021484375 0.033203125 0.041015625
0 0.48046875 0.05078125 0.11328125 0.06640625
0 0.90234375 0.041015625 0.029296875 0.041015625
0 0.80859375 0.044921875 0.03515625 0.041015625
0 0.83984375 0.05859375 0.03515625 0.037109375
0 0.15234375 0.091796875 0.087890625 0.078125
0 0.6953125 0.078125 0.03515625 0.05078125
0 0.248046875 0.09765625 0.080078125 0.07421875
0 0.748046875 0.08984375 0.060546875 0.04296875
0 0.91796875 0.08203125 0.029296875 0.02734375
0 0.333984375 0.109375 0.06640625 0.06640625
0 0.40625 0.115234375 0.0546875 0.060546875
0 0.806640625 0.103515625 0.05078125 0.037109375
0 0.45703125 0.1171875 0.044921875 0.056640625
0 0.513671875 0.1171875 0.044921875 0.056640625
0 0.857421875 0.1171875 0.03125 0.033203125
0 0.66796875 0.12890625 0.076171875 0.048828125
0 0.880859375 0.12109375 0.0234375 0.033203125
0 0.900390625 0.123046875 0.013671875 0.021484375
0 0.75390625 0.138671875 0.080078125 0.044921875
0 0.09765625 0.171875 0.0859375 0.080078125
0 0.8125 0.15234375 0.025390625 0.041015625
0 0.19921875 0.171875 0.076171875 0.072265625
0 0.28125 0.173828125 0.064453125 0.068359375
0 0.359375 0.23828125 0.16796875 0.1875
0 0.84375 0.1640625 0.0234375 0.033203125
0 0.52734375 0.166015625 0.02734375 0.029296875
0 0.8671875 0.166015625 0.01953125 0.029296875
0 0.890625 0.1640625 0.01171875 0.025390625
0 0.9140625 0.162109375 0.01953125 0.021484375
0 0.48046875 0.16796875 0.0390625 0.025390625
0 0.630859375 0.171875 0.0703125 0.025390625
0 0.6875 0.173828125 0.01953125 0.021484375
0 0.75390625 0.1796875 0.01953125 0.017578125
0 0.72265625 0.1796875 0.017578125 0.009765625
0 0.787109375 0.181640625 0.0234375 0.013671875
0 0.15625 0.2734375 0.11328125 0.1171875
0 0.228515625 0.2421875 0.0703125 0.0546875
0 0.5234375 0.32421875 0.146484375 0.15625
0 0.279296875 0.345703125 0.1015625 0.119140625
0 0.69921875 0.3984375 0.201171875 0.17578125
0 0.21484375 0.392578125 0.087890625 0.1484375
0 0.40234375 0.40625 0.123046875 0.12890625
0 0.552734375 0.482421875 0.142578125 0.1328125
0 0.314453125 0.4765625 0.091796875 0.103515625
0 0.24609375 0.53125 0.0859375 0.095703125
0 0.43359375 0.544921875 0.123046875 0.11328125
0 0.720703125 0.57421875 0.19921875 0.1484375
0 0.345703125 0.59375 0.091796875 0.1015625
0 0.572265625 0.62890625 0.142578125 0.125
0 0.279296875 0.6328125 0.0703125 0.083984375
0 0.45703125 0.671875 0.126953125 0.107421875
0 0.74609375 0.72265625 0.1796875 0.13671875
0 0.373046875 0.708984375 0.1015625 0.09375
0 0.6015625 0.76953125 0.138671875 0.12109375
0 0.490234375 0.791015625 0.111328125 0.1015625
