0 0.111328125 0.0546875 0.068359375 0.10546875
0 0.201171875 0.029296875 0.044921875 0.056640625
0 0.26171875 0.025390625 0.046875 0.046875
0 0.31640625 0.01953125 0.046875 0.03515625
0 0.376953125 0.013671875 0.052734375 0.025390625
0 0.5 0.013671875 0.048828125 0.0234375
0 0.564453125 0.009765625 0.046875 0.015625
0 0.671875 0.03515625 0.05859375 0.06640625
0 0.7421875 0.033203125 0.0546875 0.0625
0 0.599609375 0.041015625 0.056640625 0.064453125
0 0.044921875 0.0390625 0.041015625 0.048828125
0 0.5390625 0.109375 0.181640625 0.18359375
0 0.41015625 0.052734375 0.046875 0.060546875
0 0.0078125 0.052734375 0.009765625 0.048828125
0 0.3515625 0.0625 0.04296875 0.056640625
0 0.294921875 0.076171875 0.044921875 0.05859375
0 0.240234375 0.083984375 0.04296875 0.056640625
0 0.076171875 0.091796875 0.0390625 0.0546875
0 0.181640625 0.09375 0.044921875 0.056640625
0 0.705078125 0.09765625 0.060546875 0.064453125
0 0.634765625 0.103515625 0.05078125 0.0625
0 0.025390625 0.1015625 0.037109375 0.056640625
0 0.50390625 0.119140625 0.056640625 0.0625
0 0.388671875 0.12109375 0.0546875 0.0625
0 0.328125 0.12890625 0.048828125 0.064453125
0 0.271484375 0.138671875 0.0390625 0.0546875
0 0.107421875 0.14453125 0.041015625 0.056640625
0 0.208984375 0.154296875 0.044921875 0.0546875
0 0.0546875 0.154296875 0.041015625 0.052734375
0 0.669921875 0.16796875 0.060546875 0.06640625
0 0.013671875 0.166015625 0.025390625 0.052734375
0 0.5390625 0.17578125 0.0546875 0.064453125
0 0.365234375 0.185546875 0.052734375 0.056640625
0 0.302734375 0.1953125 0.044921875 0.056640625
0 0.244140625 0.203125 0.052734375 0.05859375
0 0.08984375 0.205078125 0.041015625 0.052734375
0 0.037109375 0.216796875 0.041015625 0.0546875
0 0.892578125 0.25390625 0.08203125 0.064453125
0 0.845703125 0.30859375 0.021484375 0.05078125
0 0.87890625 0.31640625 0.025390625 0.046875
0 0.91015625 0.322265625 0.01953125 0.05078125
0 0.935546875 0.32421875 0.013671875 0.048828125
0 0.98046875 0.3359375 0.015625 0.041015625
0 0.8828125 0.376953125 0.10546875 0.068359375
0 0.953125 0.388671875 0.017578125 0.052734375
0 0.974609375 0.39453125 0.013671875 0.048828125
0 0.994140625 0.396484375 0.00390625 0.04296875
0 0.85546875 0.443359375 0.01953125 0.0546875
0 0.88671875 0.439453125 0.017578125 0.048828125
0 0.9140625 0.44140625 0.017578125 0.046875
0 0.94140625 0.447265625 0.01953125 0.046875
0 0.986328125 0.453125 0.015625 0.0546875
0 0.884765625 0.501953125 0.01953125 0.052734375
0 0.908203125 0.505859375 0.017578125 0.05859375
0 0.935546875 0.505859375 0.01953125 0.056640625
0 0.705078125 0.578125 0.05078125 0.064453125
0 0.310546875 0.576171875 0.041015625 0.056640625
0 0.37109375 0.578125 0.048828125 0.05859375
0 0.634765625 0.580078125 0.052734375 0.0625
0 0.251953125 0.578125 0.046875 0.0546875
0 0.56640625 0.578125 0.056640625 0.056640625
0 0.033203125 0.578125 0.046875 0.052734375
0 0.087890625 0.580078125 0.037109375 0.05078125
0 0.220703125 0.634765625 0.05078125 0.0625
0 0.40234375 0.63671875 0.05078125 0.0625
0 0.015625 0.634765625 0.02734375 0.05078125
0 0.064453125 0.634765625 0.044921875 0.05078125
0 0.53515625 0.638671875 0.05078125 0.060546875
0 0.689453125 0.673828125 0.095703125 0.12890625
0 0.7421875 0.642578125 0.056640625 0.06640625
0 0.1171875 0.63671875 0.033203125 0.05078125
0 0.28125 0.638671875 0.048828125 0.056640625
0 0.33984375 0.638671875 0.048828125 0.056640625
0 0.6015625 0.642578125 0.0546875 0.0625
0 0.037109375 0.689453125 0.04296875 0.052734375
0 0.1171875 0.693359375 0.08984375 0.056640625
0 0.22265625 0.697265625 0.09765625 0.060546875
0 0.310546875 0.69921875 0.044921875 0.056640625
0 0.37109375 0.701171875 0.05078125 0.060546875
0 0.537109375 0.703125 0.119140625 0.064453125
0 0.431640625 0.703125 0.046875 0.05859375
0 0.638671875 0.705078125 0.0546875 0.064453125
0 0.77734375 0.708984375 0.056640625 0.05859375
0 0.017578125 0.74609375 0.033203125 0.05078125
0 0.06640625 0.748046875 0.041015625 0.0546875
0 0.115234375 0.75 0.041015625 0.056640625
0 0.220703125 0.759765625 0.048828125 0.0625
0 0.283203125 0.7578125 0.046875 0.05859375
0 0.337890625 0.759765625 0.048828125 0.060546875
0 0.40234375 0.76171875 0.05078125 0.0625
0 0.607421875 0.765625 0.052734375 0.064453125
0 0.5390625 0.765625 0.056640625 0.056640625
0 0.671875 0.771484375 0.056640625 0.05859375
0 0.744140625 0.775390625 0.060546875 0.0625
0 0.0390625 0.802734375 0.0390625 0.056640625
0 0.005859375 0.80078125 0.009765625 0.048828125
0 0.091796875 0.8046875 0.041015625 0.056640625
0 0.25 0.81640625 0.048828125 0.064453125
0 0.30859375 0.8203125 0.048828125 0.05859375
0 0.3671875 0.822265625 0.0546875 0.0625
0 0.57421875 0.828125 0.05078125 0.05859375
0 0.638671875 0.83203125 0.056640625 0.06640625
0 0.708984375 0.833984375 0.05859375 0.05859375
0 0.947265625 0.87890625 0.017578125 0.064453125
0 0.90625 0.900390625 0.0546875 0.0703125
0 0.962890625 0.935546875 0.01953125 0.05859375
0 0.935546875 0.947265625 0.013671875 0.052734375
0 0.89453125 0.96484375 0.05078125 0.0625
