1 0.25 0.326171875 0.001953125 0.021484375
1 0.236328125 0.330078125 0.0 0.015625
1 0.166015625 0.404296875 0.0234375 0.0546875
1 0.125 0.40625 0.02734375 0.048828125
1 0.744140625 0.40625 0.025390625 0.048828125
1 0.822265625 0.400390625 0.02734375 0.037109375
1 0.783203125 0.40625 0.0234375 0.037109375
1 0.861328125 0.40625 0.01953125 0.037109375
1 0.08984375 0.447265625 0.0078125 0.04296875
1 0.908203125 0.45703125 0.0234375 0.052734375
1 0.787109375 0.4609375 0.0234375 0.0390625
1 0.865234375 0.462890625 0.01953125 0.04296875
1 0.337890625 0.470703125 0.03125 0.048828125
1 0.748046875 0.462890625 0.025390625 0.033203125
1 0.830078125 0.46484375 0.02734375 0.037109375
1 0.125 0.48046875 0.02734375 0.04296875
1 0.16796875 0.48046875 0.02734375 0.04296875
1 0.83203125 0.513671875 0.0234375 0.037109375
1 0.90625 0.517578125 0.01953125 0.04296875
1 0.8671875 0.515625 0.0234375 0.03515625
1 0.75 0.5234375 0.0234375 0.04296875
1 0.791015625 0.5234375 0.0234375 0.03125
1 0.125 0.55078125 0.02734375 0.0546875
1 0.17578125 0.546875 0.02734375 0.048828125
1 0.341796875 0.55078125 0.03125 0.04296875
1 0.935546875 0.62109375 0.060546875 0.0859375
1 0.86328125 0.623046875 0.060546875 0.080078125
1 0.79296875 0.62890625 0.0625 0.080078125
1 0.724609375 0.630859375 0.052734375 0.076171875
1 0.3046875 0.703125 0.060546875 0.09765625
1 0.099609375 0.703125 0.052734375 0.0859375
1 0.1640625 0.705078125 0.056640625 0.091796875
1 0.236328125 0.7109375 0.05078125 0.1015625
1 0.380859375 0.708984375 0.060546875 0.09765625
1 0.875 0.732421875 0.05859375 0.091796875
1 0.9453125 0.7265625 0.064453125 0.080078125
1 0.7265625 0.734375 0.056640625 0.087890625
1 0.796875 0.732421875 0.060546875 0.08203125
1 0.10546875 0.810546875 0.048828125 0.087890625
1 0.171875 0.814453125 0.048828125 0.08984375
1 0.2421875 0.818359375 0.060546875 0.091796875
1 0.318359375 0.818359375 0.0625 0.091796875
1 0.38671875 0.828125 0.056640625 0.09765625
1 0.46484375 0.828125 0.0625 0.09765625
1 0.115234375 0.921875 0.044921875 0.080078125
1 0.18359375 0.92578125 0.052734375 0.0859375
1 0.255859375 0.93359375 0.056640625 0.091796875
1 0.32421875 0.935546875 0.056640625 0.095703125
1 0.400390625 0.943359375 0.05859375 0.103515625
1 0.4765625 0.947265625 0.06640625 0.09765625
