1 0.958984375 0.0390625 0.07421875 0.076171875
1 0.96484375 0.154296875 0.060546875 0.1171875
1 0.880859375 0.1640625 0.08203125 0.1171875
1 0.78125 0.173828125 0.08984375 0.12890625
1 0.6796875 0.181640625 0.083984375 0.123046875
1 0.58203125 0.189453125 0.078125 0.126953125
1 0.390625 0.205078125 0.08984375 0.12890625
1 0.48828125 0.201171875 0.087890625 0.123046875
1 0.296875 0.212890625 0.0859375 0.11328125
1 0.20703125 0.220703125 0.0859375 0.109375
1 0.12109375 0.232421875 0.08203125 0.103515625
1 0.041015625 0.244140625 0.078125 0.11328125
1 0.962890625 0.28125 0.064453125 0.107421875
1 0.87890625 0.291015625 0.078125 0.107421875
1 0.787109375 0.296875 0.078125 0.107421875
1 0.681640625 0.310546875 0.080078125 0.11328125
1 0.591796875 0.3203125 0.07421875 0.103515625
1 0.40625 0.333984375 0.08203125 0.107421875
1 0.49609375 0.33203125 0.087890625 0.1015625
1 0.3125 0.337890625 0.083984375 0.107421875
1 0.21875 0.345703125 0.0859375 0.103515625
1 0.048828125 0.36328125 0.0859375 0.107421875
1 0.130859375 0.359375 0.0859375 0.09765625
1 0.9609375 0.41015625 0.068359375 0.107421875
1 0.87109375 0.41796875 0.078125 0.111328125
1 0.78125 0.41796875 0.08203125 0.103515625
1 0.6796875 0.4296875 0.083984375 0.1015625
1 0.00390625 0.400390625 0.005859375 0.03515625
1 0.591796875 0.435546875 0.07421875 0.107421875
1 0.501953125 0.4453125 0.076171875 0.1015625
1 0.416015625 0.44921875 0.078125 0.091796875
1 0.326171875 0.45703125 0.080078125 0.09765625
1 0.2421875 0.46484375 0.0859375 0.091796875
1 0.146484375 0.470703125 0.083984375 0.09375
1 0.06640625 0.478515625 0.08203125 0.09765625
1 0.0078125 0.494140625 0.013671875 0.0859375
1 0.955078125 0.529296875 0.08203125 0.107421875
1 0.771484375 0.529296875 0.078125 0.09765625
1 0.67578125 0.5390625 0.076171875 0.107421875
1 0.86328125 0.53125 0.080078125 0.091796875
1 0.58984375 0.544921875 0.0703125 0.09765625
1 0.509765625 0.552734375 0.068359375 0.091796875
1 0.423828125 0.5546875 0.0703125 0.087890625
1 0.341796875 0.560546875 0.080078125 0.0859375
1 0.25390625 0.568359375 0.078125 0.091796875
1 0.166015625 0.578125 0.083984375 0.091796875
1 0.08984375 0.583984375 0.07421875 0.08203125
1 0.017578125 0.59375 0.033203125 0.08203125
1 0.763671875 0.640625 0.078125 0.091796875
1 0.8515625 0.638671875 0.080078125 0.0859375
1 0.947265625 0.642578125 0.08203125 0.095703125
1 0.58984375 0.6484375 0.0625 0.0859375
1 0.671875 0.6484375 0.068359375 0.0859375
1 0.43359375 0.65234375 0.06640625 0.087890625
1 0.5078125 0.65234375 0.0703125 0.087890625
1 0.349609375 0.66015625 0.072265625 0.091796875
1 0.267578125 0.66796875 0.06640625 0.087890625
1 0.1796875 0.673828125 0.072265625 0.076171875
1 0.10546875 0.677734375 0.07421875 0.076171875
1 0.033203125 0.689453125 0.064453125 0.076171875
1 0.85546875 0.73828125 0.072265625 0.08984375
1 0.6015625 0.74609375 0.0625 0.0859375
1 0.681640625 0.748046875 0.072265625 0.091796875
1 0.955078125 0.748046875 0.07421875 0.091796875
1 0.5234375 0.75 0.064453125 0.076171875
1 0.771484375 0.755859375 0.0703125 0.087890625
1 0.44140625 0.755859375 0.06640625 0.076171875
1 0.361328125 0.763671875 0.072265625 0.08203125
1 0.28515625 0.765625 0.0703125 0.076171875
1 0.16796875 0.77734375 0.138671875 0.0859375
1 0.046875 0.79296875 0.06640625 0.078125
1 0.470703125 0.939453125 0.060546875 0.0703125
1 0.626953125 0.9453125 0.064453125 0.08203125
1 0.39453125 0.943359375 0.05859375 0.072265625
1 0.55078125 0.943359375 0.0625 0.072265625
1 0.9609375 0.951171875 0.068359375 0.087890625
1 0.322265625 0.951171875 0.064453125 0.076171875
1 0.708984375 0.951171875 0.0703125 0.076171875
1 0.794921875 0.951171875 0.076171875 0.076171875
1 0.876953125 0.955078125 0.06640625 0.08203125
1 0.025390625 0.962890625 0.048828125 0.06640625
1 0.23828125 0.962890625 0.0625 0.06640625
1 0.162109375 0.96484375 0.060546875 0.060546875
1 0.091796875 0.966796875 0.0703125 0.056640625
1 0.40625 0.990234375 0.05859375 0.009765625
1 0.48046875 0.990234375 0.064453125 0.009765625
1 0.33203125 0.99609375 0.052734375 0.0
