0 0.173828125 0.060546875 0.037109375 0.119140625
0 0.1953125 0.025390625 0.025390625 0.048828125
0 0.123046875 0.041015625 0.0234375 0.06640625
0 0.099609375 0.076171875 0.0234375 0.068359375
0 0.21484375 0.078125 0.03125 0.072265625
0 0.1484375 0.095703125 0.0234375 0.06640625
0 0.119140625 0.115234375 0.01953125 0.060546875
0 0.056640625 0.126953125 0.017578125 0.044921875
0 0.033203125 0.134765625 0.017578125 0.048828125
0 0.091796875 0.146484375 0.021484375 0.056640625
0 0.197265625 0.158203125 0.029296875 0.06640625
0 0.1640625 0.162109375 0.0234375 0.068359375
0 0.140625 0.162109375 0.01171875 0.052734375
0 0.068359375 0.177734375 0.013671875 0.052734375
0 0.048828125 0.185546875 0.015625 0.056640625
0 0.103515625 0.189453125 0.021484375 0.0625
0 0.025390625 0.189453125 0.015625 0.048828125
0 0.060546875 0.236328125 0.013671875 0.048828125
0 0.125 0.228515625 0.01171875 0.029296875
0 0.03515625 0.2421875 0.01953125 0.048828125
0 0.103515625 0.23828125 0.015625 0.025390625
0 0.423828125 0.279296875 0.03125 0.068359375
0 0.384765625 0.28515625 0.029296875 0.064453125
0 0.283203125 0.296875 0.05078125 0.064453125
0 0.212890625 0.310546875 0.01953125 0.056640625
0 0.18359375 0.314453125 0.017578125 0.052734375
0 0.15234375 0.32421875 0.015625 0.046875
0 0.134765625 0.353515625 0.03125 0.099609375
0 0.4453125 0.341796875 0.033203125 0.068359375
0 0.09375 0.333984375 0.01171875 0.041015625
0 0.40625 0.34765625 0.02734375 0.064453125
0 0.06640625 0.33984375 0.017578125 0.041015625
0 0.369140625 0.353515625 0.029296875 0.06640625
0 0.318359375 0.357421875 0.025390625 0.05859375
0 0.28515625 0.359375 0.025390625 0.056640625
0 0.23828125 0.3671875 0.048828125 0.05859375
0 0.197265625 0.369140625 0.017578125 0.052734375
0 0.171875 0.376953125 0.017578125 0.05078125
0 0.1171875 0.380859375 0.01171875 0.041015625
0 0.1015625 0.3828125 0.0078125 0.041015625
0 0.072265625 0.388671875 0.03515625 0.04296875
0 0.42578125 0.4140625 0.03125 0.064453125
0 0.388671875 0.416015625 0.025390625 0.064453125
0 0.271484375 0.42578125 0.0234375 0.0625
0 0.302734375 0.423828125 0.0234375 0.060546875
0 0.21484375 0.4296875 0.01953125 0.0546875
0 0.185546875 0.431640625 0.021484375 0.052734375
0 0.15234375 0.431640625 0.017578125 0.048828125
0 0.12890625 0.431640625 0.015625 0.044921875
0 0.095703125 0.435546875 0.013671875 0.041015625
0 0.072265625 0.4375 0.013671875 0.033203125
0 0.427734375 0.525390625 0.02734375 0.060546875
0 0.466796875 0.52734375 0.02734375 0.060546875
0 0.31640625 0.525390625 0.025390625 0.052734375
0 0.349609375 0.52734375 0.0234375 0.056640625
0 0.103515625 0.521484375 0.015625 0.041015625
0 0.169921875 0.52734375 0.021484375 0.05078125
0 0.232421875 0.525390625 0.021484375 0.046875
0 0.080078125 0.5234375 0.015625 0.0390625
0 0.146484375 0.52734375 0.013671875 0.048828125
0 0.263671875 0.52734375 0.0234375 0.048828125
0 0.07421875 0.576171875 0.015625 0.044921875
0 0.09375 0.57421875 0.009765625 0.041015625
0 0.115234375 0.57421875 0.01171875 0.041015625
0 0.185546875 0.580078125 0.021484375 0.05078125
0 0.21875 0.580078125 0.017578125 0.05078125
0 0.24609375 0.58203125 0.01953125 0.05078125
0 0.1484375 0.58203125 0.0390625 0.046875
0 0.2890625 0.5859375 0.048828125 0.056640625
0 0.333984375 0.5859375 0.025390625 0.056640625
0 0.3671875 0.58984375 0.02734375 0.0625
0 0.41015625 0.58984375 0.025390625 0.0625
0 0.447265625 0.591796875 0.021484375 0.05859375
0 0.482421875 0.59375 0.029296875 0.05859375
0 0.095703125 0.626953125 0.03515625 0.044921875
0 0.15234375 0.6328125 0.015625 0.04296875
0 0.17578125 0.6328125 0.017578125 0.04296875
0 0.23046875 0.63671875 0.017578125 0.05078125
0 0.26171875 0.642578125 0.01953125 0.048828125
0 0.318359375 0.650390625 0.0234375 0.060546875
0 0.349609375 0.654296875 0.025390625 0.05859375
0 0.427734375 0.658203125 0.029296875 0.0625
0 0.466796875 0.658203125 0.02734375 0.0625
0 0.1015625 0.705078125 0.017578125 0.044921875
0 0.078125 0.708984375 0.009765625 0.0390625
0 0.15234375 0.712890625 0.017578125 0.044921875
0 0.181640625 0.720703125 0.015625 0.048828125
0 0.24609375 0.724609375 0.01953125 0.044921875
0 0.275390625 0.728515625 0.01953125 0.048828125
0 0.322265625 0.744140625 0.01953125 0.05078125
0 0.3515625 0.74609375 0.025390625 0.048828125
0 0.419921875 0.759765625 0.02734375 0.060546875
0 0.115234375 0.755859375 0.021484375 0.044921875
0 0.453125 0.763671875 0.025390625 0.060546875
0 0.091796875 0.7578125 0.009765625 0.04296875
0 0.0703125 0.763671875 0.013671875 0.04296875
0 0.14453125 0.767578125 0.015625 0.044921875
0 0.16796875 0.7734375 0.015625 0.04296875
0 0.19140625 0.77734375 0.017578125 0.048828125
0 0.236328125 0.78125 0.01953125 0.048828125
0 0.26171875 0.78515625 0.017578125 0.048828125
0 0.287109375 0.791015625 0.013671875 0.05078125
0 0.32421875 0.80078125 0.046875 0.056640625
0 0.3671875 0.8125 0.0234375 0.056640625
0 0.111328125 0.80859375 0.015625 0.041015625
0 0.40234375 0.8203125 0.0234375 0.05859375
0 0.0859375 0.8125 0.01171875 0.0390625
0 0.435546875 0.826171875 0.025390625 0.060546875
0 0.15625 0.82421875 0.017578125 0.048828125
0 0.47265625 0.830078125 0.03125 0.060546875
0 0.181640625 0.83203125 0.015625 0.046875
0 0.24609375 0.83984375 0.017578125 0.05078125
0 0.275390625 0.845703125 0.01953125 0.052734375
0 0.322265625 0.865234375 0.021484375 0.05859375
0 0.353515625 0.87109375 0.029296875 0.056640625
0 0.419921875 0.888671875 0.02734375 0.060546875
0 0.458984375 0.89453125 0.02734375 0.056640625
