1 0.517578125 0.205078125 0.056640625 0.078125
1 0.58984375 0.208984375 0.046875 0.080078125
1 0.64453125 0.212890625 0.052734375 0.07421875
1 0.69921875 0.21484375 0.05078125 0.078125
1 0.75 0.216796875 0.046875 0.07421875
1 0.107421875 0.2734375 0.078125 0.099609375
1 0.212890625 0.27734375 0.07421875 0.091796875
1 0.28515625 0.275390625 0.0703125 0.087890625
1 0.353515625 0.279296875 0.056640625 0.08203125
1 0.41015625 0.287109375 0.0625 0.083984375
1 0.50390625 0.298828125 0.05078125 0.078125
1 0.578125 0.30078125 0.052734375 0.07421875
1 0.634765625 0.302734375 0.046875 0.068359375
1 0.6875 0.302734375 0.046875 0.068359375
1 0.73828125 0.30078125 0.04296875 0.064453125
1 0.265625 0.376953125 0.06640625 0.08203125
1 0.333984375 0.376953125 0.060546875 0.08203125
1 0.09765625 0.384765625 0.07421875 0.083984375
1 0.1875 0.384765625 0.0703125 0.083984375
1 0.396484375 0.384765625 0.060546875 0.07421875
1 0.716796875 0.380859375 0.04296875 0.06640625
1 0.6171875 0.384765625 0.046875 0.072265625
1 0.490234375 0.392578125 0.05078125 0.078125
1 0.6640625 0.38671875 0.04296875 0.068359375
1 0.5625 0.392578125 0.056640625 0.0703125
1 0.6484375 0.462890625 0.046875 0.060546875
1 0.701171875 0.46484375 0.046875 0.064453125
1 0.251953125 0.478515625 0.07421875 0.083984375
1 0.32421875 0.478515625 0.060546875 0.083984375
1 0.537109375 0.478515625 0.046875 0.07421875
1 0.59375 0.474609375 0.048828125 0.06640625
1 0.076171875 0.4921875 0.078125 0.091796875
1 0.162109375 0.490234375 0.064453125 0.0859375
1 0.390625 0.486328125 0.060546875 0.078125
1 0.46875 0.482421875 0.056640625 0.072265625
1 0.7109375 0.5078125 -0.001953125 -0.001953125
1 0.685546875 0.544921875 0.04296875 0.064453125
1 0.578125 0.556640625 0.04296875 0.0703125
1 0.630859375 0.556640625 0.033203125 0.0703125
1 0.5234375 0.5625 0.046875 0.072265625
1 0.458984375 0.5703125 0.05859375 0.078125
1 0.23046875 0.580078125 0.06640625 0.083984375
1 0.3046875 0.578125 0.064453125 0.080078125
1 0.375 0.576171875 0.0703125 0.07421875
1 0.0625 0.59765625 0.080078125 0.091796875
1 0.154296875 0.59375 0.07421875 0.083984375
1 0.90625 0.587890625 -0.001953125 0.0
1 0.884765625 0.625 0.033203125 0.064453125
1 0.55078125 0.595703125 -0.001953125 -0.001953125
1 0.845703125 0.634765625 0.03515625 0.06640625
1 0.802734375 0.642578125 0.029296875 0.056640625
1 0.333984375 0.6171875 -0.001953125 -0.001953125
1 0.759765625 0.654296875 0.033203125 0.060546875
1 0.28515625 0.666015625 0.052734375 0.07421875
1 0.353515625 0.66796875 0.056640625 0.078125
1 0.216796875 0.67578125 0.06640625 0.080078125
1 0.720703125 0.6484375 0.025390625 0.025390625
1 0.12890625 0.693359375 0.068359375 0.087890625
1 0.048828125 0.701171875 0.068359375 0.091796875
1 0.8984375 0.701171875 0.033203125 0.0546875
1 0.83984375 0.705078125 0.033203125 0.056640625
1 0.7265625 0.71484375 0.029296875 0.06640625
1 0.791015625 0.720703125 0.033203125 0.060546875
1 0.685546875 0.732421875 0.03515625 0.06640625
1 0.755859375 0.724609375 0.017578125 0.052734375
1 0.634765625 0.748046875 0.046875 0.078125
1 0.578125 0.7578125 0.052734375 0.083984375
1 0.521484375 0.767578125 0.05078125 0.08203125
1 0.89453125 0.763671875 0.0234375 0.0390625
1 0.822265625 0.771484375 0.025390625 0.048828125
1 0.435546875 0.798828125 0.060546875 0.08203125
1 0.779296875 0.7890625 0.03515625 0.056640625
1 0.728515625 0.802734375 0.0390625 0.064453125
1 0.369140625 0.81640625 0.052734375 0.08203125
1 0.67578125 0.81640625 0.052734375 0.07421875
1 0.3046875 0.830078125 0.064453125 0.09375
1 0.623046875 0.828125 0.04296875 0.0703125
1 0.234375 0.841796875 0.06640625 0.091796875
1 0.56640625 0.845703125 0.04296875 0.078125
1 0.85546875 0.828125 0.029296875 0.04296875
1 0.1484375 0.857421875 0.078125 0.095703125
1 0.806640625 0.8359375 0.029296875 0.052734375
1 0.5 0.861328125 0.056640625 0.08984375
1 0.76171875 0.8515625 0.029296875 0.056640625
1 0.423828125 0.888671875 0.05078125 0.08203125
1 0.73828125 0.845703125 -0.001953125 -0.00390625
1 0.71484375 0.88671875 0.0390625 0.072265625
1 0.83984375 0.88671875 0.033203125 0.056640625
1 0.36328125 0.904296875 0.0546875 0.083984375
1 0.66796875 0.900390625 0.04296875 0.07421875
1 0.611328125 0.9140625 0.056640625 0.083984375
1 0.283203125 0.92578125 0.06640625 0.09765625
1 0.791015625 0.90625 0.033203125 0.060546875
1 0.21484375 0.939453125 0.0703125 0.091796875
1 0.552734375 0.9296875 0.04296875 0.0703125
1 0.748046875 0.919921875 0.0234375 0.052734375
1 0.130859375 0.951171875 0.078125 0.087890625
1 0.490234375 0.9453125 0.04296875 0.07421875
1 0.70703125 0.9609375 0.033203125 0.060546875
1 0.44140625 0.93359375 -0.00390625 -0.001953125
1 0.40625 0.966796875 0.056640625 0.056640625
1 0.654296875 0.96875 0.04296875 0.052734375
1 0.34375 0.9765625 0.05078125 0.0390625
1 0.599609375 0.978515625 0.0390625 0.033203125
1 0.525390625 0.96875 -0.001953125 -0.001953125
1 0.2734375 0.984375 0.056640625 0.021484375
1 0.544921875 0.98828125 0.037109375 0.015625
1 0.208984375 0.990234375 0.046875 0.01171875
1 0.462890625 0.986328125 -0.001953125 -0.001953125
1 0.490234375 0.994140625 0.0234375 0.00390625
