1 0.904296875 0.330078125 0.03125 0.0546875
1 0.865234375 0.337890625 0.02734375 0.052734375
1 0.822265625 0.34765625 0.029296875 0.052734375
1 0.779296875 0.359375 0.033203125 0.0625
1 0.734375 0.369140625 0.03125 0.0625
1 0.689453125 0.3828125 0.0390625 0.068359375
1 0.904296875 0.38671875 0.03125 0.056640625
1 0.630859375 0.3984375 0.03515625 0.06640625
1 0.576171875 0.408203125 0.0390625 0.068359375
1 0.865234375 0.400390625 0.02734375 0.052734375
1 0.5234375 0.421875 0.046875 0.072265625
1 0.46484375 0.435546875 0.04296875 0.078125
1 0.81640625 0.419921875 0.02734375 0.046875
1 0.775390625 0.4296875 0.033203125 0.056640625
1 0.734375 0.435546875 0.03125 0.05859375
1 0.685546875 0.458984375 0.03125 0.0625
1 0.900390625 0.4609375 0.0234375 0.056640625
1 0.630859375 0.47265625 0.04296875 0.06640625
1 0.86328125 0.47265625 0.0234375 0.056640625
1 0.576171875 0.482421875 0.0390625 0.06640625
1 0.8203125 0.48828125 0.02734375 0.05859375
1 0.521484375 0.498046875 0.04296875 0.068359375
1 0.77734375 0.498046875 0.029296875 0.056640625
1 0.462890625 0.513671875 0.046875 0.068359375
1 0.73046875 0.509765625 0.03125 0.05859375
1 0.68359375 0.5234375 0.03515625 0.0625
1 0.634765625 0.541015625 0.04296875 0.06640625
1 0.900390625 0.529296875 0.0234375 0.044921875
1 0.86328125 0.541015625 0.03125 0.046875
1 0.8203125 0.55078125 0.03515625 0.056640625
1 0.580078125 0.560546875 0.0390625 0.068359375
1 0.76953125 0.5625 0.037109375 0.05859375
1 0.525390625 0.58203125 0.04296875 0.068359375
1 0.724609375 0.58203125 0.037109375 0.056640625
1 0.46875 0.59375 0.04296875 0.06640625
1 0.6796875 0.595703125 0.03515625 0.0625
1 0.41015625 0.611328125 0.046875 0.072265625
1 0.6328125 0.61328125 0.03125 0.056640625
1 0.583984375 0.6328125 0.0390625 0.0625
1 0.529296875 0.650390625 0.04296875 0.068359375
1 0.4765625 0.671875 0.04296875 0.076171875
1 0.404296875 0.685546875 0.05078125 0.072265625
