1 0.20703125 0.484375 0.111328125 0.111328125
1 0.3515625 0.486328125 0.111328125 0.109375
1 0.64453125 0.572265625 0.064453125 0.0625
1 0.73828125 0.572265625 0.064453125 0.064453125
1 0.833984375 0.572265625 0.068359375 0.0625
1 0.931640625 0.572265625 0.06640625 0.060546875
1 0.142578125 0.599609375 0.11328125 0.10546875
1 0.419921875 0.599609375 0.115234375 0.107421875
1 0.28125 0.603515625 0.1171875 0.109375
1 0.64453125 0.65625 0.064453125 0.05859375
1 0.73828125 0.65625 0.064453125 0.05859375
1 0.83203125 0.65625 0.064453125 0.05859375
1 0.92578125 0.658203125 0.064453125 0.0625
1 0.078125 0.712890625 0.10546875 0.109375
1 0.212890625 0.712890625 0.11328125 0.107421875
1 0.349609375 0.7109375 0.107421875 0.103515625
1 0.48828125 0.71484375 0.111328125 0.109375
1 0.64453125 0.73828125 0.0625 0.0625
1 0.73828125 0.73828125 0.0625 0.064453125
1 0.830078125 0.740234375 0.0625 0.060546875
1 0.923828125 0.740234375 0.0625 0.05859375
