1 0.751953125 0.07421875 0.021484375 0.01953125
1 0.880859375 0.064453125 -0.00390625 -0.001953125
1 0.857421875 0.125 0.037109375 0.109375
1 0.97265625 0.125 0.03515625 0.10546875
1 0.802734375 0.140625 0.029296875 0.025390625
1 0.7890625 0.25390625 0.0546875 0.146484375
1 0.689453125 0.28125 0.060546875 0.15234375
1 0.5859375 0.255859375 0.0546875 0.05859375
1 0.970703125 0.302734375 0.037109375 0.115234375
1 0.880859375 0.267578125 0.02734375 0.03125
1 0.33984375 0.345703125 0.080078125 0.14453125
1 0.564453125 0.40234375 0.078125 0.181640625
1 0.896484375 0.341796875 0.029296875 0.037109375
1 0.080078125 0.470703125 0.130859375 0.20703125
1 0.283203125 0.484375 0.111328125 0.2109375
1 0.9296875 0.5 0.0546875 0.15234375
1 0.822265625 0.505859375 0.048828125 0.123046875
1 0.998046875 0.453125 -0.00390625 -0.00390625
1 0.9765625 0.5078125 0.033203125 0.099609375
1 0.5546875 0.552734375 0.064453125 0.138671875
1 0.77734375 0.619140625 0.06640625 0.177734375
1 0.498046875 0.68359375 0.0859375 0.197265625
1 0.3671875 0.7578125 0.1015625 0.21484375
1 0.9140625 0.654296875 -0.00390625 -0.00390625
1 0.87890625 0.740234375 0.0625 0.166015625
1 0.984375 0.732421875 0.0234375 0.12109375
1 0.72265625 0.7578125 0.0625 0.140625
1 0.197265625 0.814453125 0.126953125 0.228515625
1 0.64453125 0.810546875 0.0625 0.154296875
1 0.568359375 0.91796875 0.083984375 0.150390625
1 0.767578125 0.923828125 0.0625 0.14453125
1 0.642578125 0.939453125 0.044921875 0.111328125
1 0.427734375 0.951171875 0.091796875 0.08984375
1 0.78515625 0.9921875 0.00390625 0.0078125
