1 0.19921875 0.10546875 0.103515625 0.208984375
1 0.33203125 0.095703125 0.119140625 0.1875
1 0.4765625 0.08203125 0.13671875 0.16015625
1 0.8359375 0.25 0.1796875 0.49609375
1 0.833984375 0.044921875 0.125 0.087890625
1 0.080078125 0.0546875 0.09375 0.1015625
1 0.63671875 0.158203125 0.158203125 0.310546875
1 0.013671875 0.1484375 0.0234375 0.275390625
1 0.087890625 0.234375 0.099609375 0.376953125
1 0.193359375 0.322265625 0.07421875 0.31640625
1 0.640625 0.46484375 0.15234375 0.478515625
1 0.01953125 0.4453125 0.033203125 0.30859375
1 0.2734375 0.5390625 0.13671875 0.478515625
1 0.103515625 0.556640625 0.109375 0.38671875
1 0.828125 0.65625 0.173828125 0.515625
1 0.228515625 0.6953125 0.11328125 0.416015625
1 0.49609375 0.71875 0.140625 0.337890625
1 0.029296875 0.7421875 0.0546875 0.3203125
1 0.662109375 0.791015625 0.162109375 0.408203125
1 0.11328125 0.828125 0.109375 0.333984375
1 0.361328125 0.869140625 0.123046875 0.25390625
1 0.505859375 0.892578125 0.138671875 0.205078125
1 0.83984375 0.89453125 0.173828125 0.197265625
1 0.236328125 0.90234375 0.111328125 0.1875
1 0.029296875 0.931640625 0.0546875 0.12890625
1 0.630859375 0.970703125 0.0546875 0.048828125
