0 0.0703125 0.037109375 0.07421875 0.0703125
0 0.228515625 0.033203125 0.048828125 0.064453125
0 0.43359375 0.087890625 0.119140625 0.173828125
0 0.64453125 0.0703125 0.203125 0.138671875
0 0.87109375 0.103515625 0.21875 0.205078125
0 0.216796875 0.158203125 0.119140625 0.189453125
0 0.068359375 0.125 0.083984375 0.10546875
0 0.564453125 0.181640625 0.140625 0.19140625
0 0.3125 0.234375 0.16796875 0.236328125
0 0.708984375 0.26953125 0.107421875 0.142578125
0 0.0625 0.35546875 0.1171875 0.234375
0 0.6328125 0.349609375 0.1328125 0.181640625
0 0.494140625 0.34375 0.109375 0.15234375
0 0.251953125 0.439453125 0.15625 0.20703125
0 0.94921875 0.451171875 0.09375 0.212890625
0 0.728515625 0.462890625 0.125 0.162109375
0 0.421875 0.525390625 0.13671875 0.1875
0 0.615234375 0.5546875 0.138671875 0.18359375
0 0.12890625 0.595703125 0.142578125 0.189453125
0 0.87109375 0.623046875 0.142578125 0.177734375
0 0.283203125 0.646484375 0.140625 0.181640625
0 0.5078125 0.67578125 0.134765625 0.173828125
0 0.7734375 0.783203125 0.1640625 0.205078125
0 0.923828125 0.771484375 0.123046875 0.16796875
0 0.392578125 0.787109375 0.125 0.16796875
0 0.611328125 0.796875 0.125 0.1640625
0 0.224609375 0.841796875 0.1484375 0.185546875
0 0.068359375 0.861328125 0.1328125 0.193359375
0 0.814453125 0.908203125 0.138671875 0.166015625
0 0.671875 0.9296875 0.119140625 0.1328125
0 0.53515625 0.966796875 0.134765625 0.05859375
0 0.23828125 0.970703125 0.134765625 0.05078125
