0 0.65625 0.48046875 0.1796875 0.111328125
0 0.048828125 0.470703125 0.05078125 0.0546875
0 0.890625 0.517578125 0.1640625 0.09765625
0 0.12109375 0.53515625 0.166015625 0.09765625
0 0.04296875 0.564453125 0.080078125 0.06640625
0 0.50390625 0.587890625 0.171875 0.091796875
0 0.2890625 0.615234375 0.166015625 0.087890625
0 0.720703125 0.6171875 0.171875 0.08984375
0 0.037109375 0.623046875 0.072265625 0.052734375
0 0.869140625 0.638671875 0.154296875 0.07421875
0 0.14453125 0.64453125 0.12890625 0.0625
0 0.02734375 0.673828125 0.05078125 0.029296875
0 0.396484375 0.712890625 0.115234375 0.060546875
0 0.09375 0.712890625 0.111328125 0.048828125
0 0.9765625 0.71875 0.0390625 0.056640625
0 0.1796875 0.716796875 0.0234375 0.0390625
0 0.861328125 0.732421875 0.138671875 0.060546875
0 0.271484375 0.74609375 0.150390625 0.072265625
0 0.509765625 0.736328125 0.03515625 0.05078125
0 0.470703125 0.755859375 0.083984375 0.0546875
0 0.626953125 0.765625 0.17578125 0.0703125
