1 0.01171875 0.033203125 0.01953125 0.0625
1 0.083984375 0.0625 0.103515625 0.123046875
1 0.171875 0.06640625 0.05859375 0.130859375
1 0.240234375 0.0703125 0.05859375 0.13671875
1 0.361328125 0.01171875 0.064453125 0.01953125
1 0.439453125 0.01171875 0.0703125 0.01953125
1 0.51953125 0.013671875 0.0703125 0.025390625
1 0.6015625 0.013671875 0.07421875 0.025390625
1 0.298828125 0.078125 0.041015625 0.130859375
1 0.361328125 0.103515625 0.064453125 0.142578125
1 0.4375 0.11328125 0.068359375 0.1484375
1 0.515625 0.11328125 0.072265625 0.1484375
1 0.6015625 0.119140625 0.07421875 0.16015625
1 0.083984375 0.283203125 0.048828125 0.1171875
1 0.0078125 0.28515625 0.013671875 0.111328125
1 0.146484375 0.291015625 0.052734375 0.123046875
1 0.20703125 0.369140625 0.052734375 0.25390625
1 0.265625 0.267578125 0.0390625 0.0234375
1 0.2734375 0.365234375 0.0625 0.146484375
1 0.345703125 0.380859375 0.064453125 0.142578125
1 0.416015625 0.392578125 0.064453125 0.142578125
1 0.4921875 0.41015625 0.068359375 0.1484375
1 0.08984375 0.412109375 0.048828125 0.12890625
1 0.1484375 0.421875 0.048828125 0.13671875
1 0.015625 0.41796875 0.029296875 0.119140625
1 0.27734375 0.509765625 0.0546875 0.142578125
1 0.34765625 0.6015625 0.0625 0.296875
1 0.41796875 0.619140625 0.060546875 0.296875
1 0.091796875 0.53515625 0.044921875 0.119140625
1 0.4921875 0.630859375 0.068359375 0.294921875
1 0.01953125 0.603515625 0.03515625 0.228515625
1 0.150390625 0.5546875 0.046875 0.1171875
1 0.20703125 0.5625 0.052734375 0.123046875
1 0.279296875 0.6484375 0.05859375 0.146484375
1 0.09375 0.66015625 0.048828125 0.1171875
1 0.15234375 0.693359375 0.052734375 0.16015625
1 0.21484375 0.7109375 0.056640625 0.162109375
1 0.046875 0.8359375 0.0390625 0.234375
1 0.08984375 0.84375 0.0390625 0.251953125
1 0.009765625 0.7421875 0.017578125 0.037109375
1 0.279296875 0.7890625 0.056640625 0.12890625
1 0.6484375 0.779296875 0.046875 0.099609375
1 0.34765625 0.8125 0.0625 0.142578125
1 0.201171875 0.763671875 0.033203125 0.03125
1 0.607421875 0.78515625 0.01953125 0.048828125
1 0.009765625 0.806640625 0.017578125 0.080078125
1 0.41796875 0.8359375 0.060546875 0.13671875
1 0.158203125 0.818359375 0.03125 0.080078125
1 0.201171875 0.828125 0.0390625 0.087890625
1 0.4921875 0.85546875 0.0625 0.142578125
1 0.2421875 0.84765625 0.025390625 0.0859375
1 0.59375 0.869140625 0.046875 0.09375
1 0.642578125 0.916015625 0.048828125 0.16015625
1 0.01171875 0.896484375 0.01953125 0.07421875
1 0.28515625 0.88671875 0.03125 0.056640625
1 0.1640625 0.908203125 0.029296875 0.087890625
1 0.55859375 0.884765625 0.0078125 0.0234375
1 0.203125 0.923828125 0.033203125 0.091796875
1 0.33203125 0.90625 0.03515625 0.0546875
1 0.37890625 0.91796875 0.0390625 0.056640625
1 0.244140625 0.939453125 0.029296875 0.087890625
1 0.427734375 0.93359375 0.04296875 0.0625
1 0.53515625 0.94921875 0.0390625 0.09375
1 0.5859375 0.955078125 0.04296875 0.080078125
1 0.2890625 0.9609375 0.037109375 0.068359375
1 0.486328125 0.953125 0.03515625 0.05078125
1 0.333984375 0.96484375 0.037109375 0.060546875
1 0.380859375 0.974609375 0.0390625 0.04296875
1 0.427734375 0.984375 0.04296875 0.0234375
1 0.484375 0.990234375 0.0390625 0.01171875
