0 0.431640625 0.224609375 0.05078125 0.123046875
0 0.380859375 0.314453125 0.068359375 0.138671875
0 0.48828125 0.314453125 0.041015625 0.11328125
0 0.43359375 0.375 0.05078125 0.126953125
0 0.484375 0.44921875 0.04296875 0.11328125
0 0.365234375 0.478515625 0.068359375 0.12890625
0 0.427734375 0.5234375 0.056640625 0.12109375
0 0.447265625 0.6171875 0.048828125 0.103515625
0 0.359375 0.64453125 0.05859375 0.126953125
0 0.189453125 0.65234375 0.078125 0.126953125
0 0.57421875 0.6484375 0.03515625 0.087890625
0 0.2734375 0.77734375 0.0703125 0.119140625
0 0.17578125 0.8203125 0.072265625 0.126953125
0 0.408203125 0.9453125 0.05078125 0.095703125
