0 0.4453125 0.375 0.0703125 0.150390625
0 0.205078125 0.373046875 0.037109375 0.107421875
0 0.708984375 0.43359375 0.10546875 0.181640625
0 0.37109375 0.41796875 0.056640625 0.134765625
0 0.15625 0.41015625 0.033203125 0.109375
0 0.111328125 0.435546875 0.033203125 0.1015625
0 0.30859375 0.455078125 0.046875 0.12890625
0 0.599609375 0.474609375 0.087890625 0.16796875
0 0.25390625 0.48828125 0.041015625 0.11328125
0 0.513671875 0.51171875 0.072265625 0.150390625
0 0.203125 0.509765625 0.0390625 0.109375
0 0.021484375 0.494140625 0.025390625 0.076171875
0 0.431640625 0.537109375 0.0625 0.138671875
0 0.158203125 0.53125 0.03125 0.08984375
0 0.365234375 0.5703125 0.0546875 0.1328125
0 0.11328125 0.5546875 0.03125 0.08984375
0 0.30078125 0.591796875 0.048828125 0.119140625
0 0.052734375 0.583984375 0.025390625 0.0859375
0 0.01953125 0.59765625 0.025390625 0.078125
0 0.248046875 0.61328125 0.037109375 0.109375
0 0.197265625 0.62890625 0.03515625 0.103515625
0 0.15234375 0.6484375 0.033203125 0.095703125
0 0.111328125 0.662109375 0.029296875 0.08984375
0 0.0859375 0.673828125 0.02734375 0.08203125
0 0.05078125 0.68359375 0.025390625 0.08203125
0 0.01953125 0.693359375 0.025390625 0.076171875
