0 0.04296875 0.37890625 0.08203125 0.126953125
0 0.158203125 0.392578125 0.123046875 0.126953125
0 0.8359375 0.4140625 0.1171875 0.1328125
0 0.701171875 0.423828125 0.146484375 0.146484375
0 0.947265625 0.4140625 0.09765625 0.126953125
0 0.537109375 0.439453125 0.16796875 0.158203125
0 0.083984375 0.498046875 0.119140625 0.119140625
0 0.224609375 0.513671875 0.130859375 0.1171875
0 0.44140625 0.521484375 0.12890625 0.1328125
0 0.58984375 0.525390625 0.12890625 0.099609375
0 0.74609375 0.544921875 0.134765625 0.138671875
0 0.9296875 0.607421875 0.1328125 0.146484375
0 0.03515625 0.603515625 0.06640625 0.11328125
0 0.1640625 0.62109375 0.119140625 0.11328125
0 0.50390625 0.62890625 0.126953125 0.11328125
0 0.34765625 0.669921875 0.14453125 0.146484375
0 0.8203125 0.7109375 0.1484375 0.138671875
0 0.4296875 0.716796875 0.103515625 0.10546875
0 0.951171875 0.720703125 0.08984375 0.11328125
0 0.09375 0.720703125 0.111328125 0.111328125
0 0.701171875 0.765625 0.123046875 0.12109375
0 0.5625 0.771484375 0.1328125 0.12109375
0 0.033203125 0.802734375 0.0625 0.10546875
0 0.982421875 0.845703125 0.02734375 0.099609375
0 0.88671875 0.87890625 0.119140625 0.103515625
0 0.482421875 0.8984375 0.130859375 0.12109375
0 0.775390625 0.935546875 0.146484375 0.119140625
0 0.642578125 0.96875 0.15625 0.0546875
