0 0.103515625 0.041015625 0.14453125 0.078125
0 0.59375 0.09375 0.18359375 0.18359375
0 0.912109375 0.041015625 0.166015625 0.078125
0 0.341796875 0.1953125 0.134765625 0.189453125
0 0.978515625 0.236328125 0.03515625 0.173828125
0 0.783203125 0.3203125 0.138671875 0.18359375
0 0.548828125 0.3984375 0.126953125 0.166015625
0 0.095703125 0.49609375 0.154296875 0.1875
0 0.283203125 0.701171875 0.123046875 0.1484375
0 0.80859375 0.7109375 0.140625 0.16796875
0 0.568359375 0.787109375 0.134765625 0.154296875
0 0.162109375 0.783203125 0.103515625 0.126953125
0 0.412109375 0.908203125 0.10546875 0.125
