0 0.923828125 0.2265625 0.109375 0.21484375
0 0.802734375 0.255859375 0.119140625 0.228515625
0 0.66015625 0.291015625 0.142578125 0.240234375
0 0.494140625 0.328125 0.162109375 0.267578125
0 0.962890625 0.40625 0.06640625 0.1953125
0 0.861328125 0.443359375 0.109375 0.2109375
0 0.73046875 0.484375 0.119140625 0.220703125
0 0.583984375 0.54296875 0.138671875 0.244140625
0 0.408203125 0.591796875 0.173828125 0.259765625
0 0.982421875 0.580078125 0.025390625 0.15625
0 0.91015625 0.611328125 0.103515625 0.193359375
0 0.791015625 0.658203125 0.111328125 0.208984375
0 0.65234375 0.71484375 0.125 0.21875
0 0.4921875 0.783203125 0.150390625 0.240234375
0 0.314453125 0.861328125 0.17578125 0.251953125
0 0.111328125 0.890625 0.208984375 0.1953125
