1 0.75390625 0.033203125 0.068359375 0.064453125
1 0.8359375 0.01953125 0.0703125 0.03515625
1 0.91015625 0.03125 0.0625 0.05859375
1 0.8359375 0.05859375 0.06640625 0.06640625
1 0.744140625 0.087890625 0.078125 0.076171875
1 0.90625 0.087890625 0.05859375 0.0625
1 0.97265625 0.099609375 0.046875 0.0546875
1 0.826171875 0.115234375 0.068359375 0.072265625
1 0.90234375 0.142578125 0.064453125 0.064453125
1 0.755859375 0.15625 0.076171875 0.07421875
1 0.970703125 0.162109375 0.048828125 0.05859375
1 0.8359375 0.18359375 0.064453125 0.064453125
1 0.91015625 0.20703125 0.0625 0.06640625
1 0.75390625 0.216796875 0.072265625 0.07421875
1 0.123046875 0.2265625 0.1015625 0.080078125
1 0.970703125 0.2109375 0.044921875 0.044921875
1 0.234375 0.251953125 0.1015625 0.080078125
1 0.833984375 0.244140625 0.068359375 0.064453125
1 0.33203125 0.3046875 0.09765625 0.138671875
1 0.90625 0.265625 0.05859375 0.056640625
1 0.97265625 0.267578125 0.046875 0.060546875
1 0.11328125 0.294921875 0.11328125 0.083984375
1 0.466796875 0.291015625 0.076171875 0.068359375
1 0.224609375 0.3203125 0.103515625 0.080078125
1 0.55859375 0.314453125 0.072265625 0.06640625
1 0.958984375 0.326171875 0.060546875 0.05859375
1 0.640625 0.33203125 0.072265625 0.064453125
1 0.109375 0.365234375 0.111328125 0.083984375
1 0.462890625 0.359375 0.083984375 0.0703125
1 0.908203125 0.3671875 0.0625 0.064453125
1 0.556640625 0.37890625 0.078125 0.06640625
1 0.22265625 0.38671875 0.103515625 0.078125
1 0.974609375 0.3828125 0.04296875 0.056640625
1 0.640625 0.39453125 0.072265625 0.0625
1 0.322265625 0.404296875 0.083984375 0.072265625
1 0.46484375 0.416015625 0.09375 0.05078125
1 0.10546875 0.439453125 0.109375 0.08203125
1 0.912109375 0.4296875 0.068359375 0.064453125
1 0.5625 0.43359375 0.0859375 0.05078125
1 0.26171875 0.462890625 0.19140625 0.091796875
1 0.9765625 0.4453125 0.0390625 0.056640625
1 0.6484375 0.45703125 0.072265625 0.05859375
1 0.525390625 0.482421875 0.08203125 0.068359375
1 0.9140625 0.490234375 0.064453125 0.060546875
1 0.61328125 0.49609375 0.072265625 0.064453125
1 0.099609375 0.509765625 0.107421875 0.076171875
1 0.974609375 0.505859375 0.041015625 0.0546875
1 0.2109375 0.52734375 0.103515625 0.072265625
1 0.63671875 0.521484375 0.072265625 0.0546875
1 0.314453125 0.541015625 0.091796875 0.068359375
1 0.451171875 0.552734375 0.087890625 0.068359375
1 0.91796875 0.548828125 0.06640625 0.060546875
1 0.546875 0.56640625 0.080078125 0.06640625
1 0.978515625 0.560546875 0.03515625 0.056640625
1 0.630859375 0.58203125 0.0703125 0.0625
1 0.919921875 0.611328125 0.0703125 0.0625
1 0.19140625 0.626953125 0.111328125 0.08203125
1 0.98046875 0.623046875 0.03125 0.0546875
1 0.310546875 0.6328125 0.1015625 0.072265625
1 0.4140625 0.646484375 0.087890625 0.072265625
1 0.51953125 0.65625 0.087890625 0.064453125
1 0.61328125 0.66796875 0.078125 0.064453125
1 0.697265625 0.6796875 0.076171875 0.05859375
1 0.189453125 0.701171875 0.111328125 0.076171875
1 0.87890625 0.703125 0.064453125 0.064453125
1 0.3046875 0.712890625 0.1015625 0.06640625
1 0.412109375 0.720703125 0.091796875 0.06640625
1 0.955078125 0.71484375 0.0625 0.0546875
1 0.517578125 0.73046875 0.091796875 0.06640625
1 0.61328125 0.73828125 0.08203125 0.0625
1 0.697265625 0.74609375 0.076171875 0.0625
1 0.884765625 0.765625 0.0625 0.056640625
1 0.185546875 0.779296875 0.115234375 0.07421875
1 0.95703125 0.77734375 0.064453125 0.056640625
1 0.3046875 0.78515625 0.1015625 0.06640625
1 0.41015625 0.79296875 0.095703125 0.06640625
1 0.517578125 0.80078125 0.09375 0.06640625
1 0.61328125 0.806640625 0.08203125 0.064453125
1 0.701171875 0.814453125 0.07421875 0.0625
1 0.88671875 0.828125 0.06640625 0.056640625
1 0.962890625 0.83984375 0.0625 0.056640625
1 0.1796875 0.859375 0.119140625 0.0703125
1 0.30078125 0.86328125 0.09765625 0.064453125
1 0.408203125 0.865234375 0.095703125 0.068359375
1 0.513671875 0.87109375 0.099609375 0.0625
1 0.611328125 0.876953125 0.080078125 0.060546875
1 0.701171875 0.880859375 0.076171875 0.060546875
1 0.890625 0.896484375 0.064453125 0.05859375
1 0.962890625 0.900390625 0.060546875 0.052734375
1 0.177734375 0.94140625 0.12109375 0.06640625
1 0.294921875 0.94140625 0.103515625 0.064453125
1 0.40625 0.94140625 0.095703125 0.064453125
1 0.51171875 0.943359375 0.09375 0.060546875
1 0.611328125 0.947265625 0.083984375 0.0625
1 0.701171875 0.951171875 0.07421875 0.05859375
1 0.8984375 0.958984375 0.0703125 0.0546875
1 0.966796875 0.966796875 0.056640625 0.0546875
