0 0.626953125 0.10546875 0.095703125 0.208984375
0 0.70703125 0.150390625 0.087890625 0.298828125
0 0.8125 0.044921875 0.05859375 0.0859375
0 0.859375 0.08203125 0.06640625 0.16015625
0 0.5 0.28515625 0.1171875 0.37890625
0 0.783203125 0.248046875 0.068359375 0.294921875
0 0.904296875 0.189453125 0.056640625 0.162109375
0 0.96875 0.251953125 0.0546875 0.25
0 0.82421875 0.330078125 0.06640625 0.251953125
0 0.60546875 0.396484375 0.103515625 0.3359375
0 0.896484375 0.421875 0.05078125 0.2265625
0 0.693359375 0.486328125 0.083984375 0.302734375
0 0.38671875 0.59765625 0.142578125 0.408203125
0 0.9609375 0.517578125 0.05859375 0.21875
0 0.759765625 0.55859375 0.078125 0.28125
0 0.837890625 0.61328125 0.076171875 0.25390625
0 0.5 0.669921875 0.1171875 0.3515625
0 0.8828125 0.677734375 0.048828125 0.234375
0 0.603515625 0.740234375 0.099609375 0.333984375
0 0.94921875 0.751953125 0.0625 0.220703125
0 0.666015625 0.806640625 0.083984375 0.28515625
0 0.72265625 0.83984375 0.06640625 0.244140625
0 0.3984375 0.90234375 0.1328125 0.181640625
0 0.859375 0.90625 0.064453125 0.1796875
0 0.521484375 0.927734375 0.0859375 0.134765625
0 0.923828125 0.9453125 0.052734375 0.1015625
0 0.6015625 0.9609375 0.048828125 0.0703125
