0 0.51171875 0.205078125 0.048828125 0.068359375
0 0.7421875 0.2421875 0.04296875 0.064453125
0 0.837890625 0.23828125 0.03515625 0.056640625
0 0.478515625 0.27734375 0.048828125 0.072265625
0 0.6015625 0.27734375 0.04296875 0.06640625
0 0.697265625 0.279296875 0.037109375 0.0703125
0 0.533203125 0.28125 0.037109375 0.064453125
0 0.802734375 0.279296875 0.04296875 0.060546875
0 0.650390625 0.283203125 0.037109375 0.064453125
0 0.759765625 0.30859375 0.037109375 0.0625
0 0.830078125 0.2890625 -0.001953125 -0.00390625
0 0.826171875 0.3203125 0.021484375 0.05078125
0 0.4453125 0.34765625 0.041015625 0.072265625
0 0.505859375 0.34765625 0.04296875 0.06640625
0 0.724609375 0.345703125 0.0390625 0.064453125
0 0.5625 0.349609375 0.041015625 0.068359375
0 0.6171875 0.3515625 0.04296875 0.064453125
0 0.802734375 0.353515625 0.037109375 0.064453125
0 0.67578125 0.35546875 0.04296875 0.064453125
0 0.771484375 0.3828125 0.0390625 0.064453125
0 0.849609375 0.384765625 0.041015625 0.0625
0 0.36328125 0.412109375 0.05078125 0.07421875
0 0.423828125 0.4140625 0.046875 0.0703125
0 0.484375 0.4140625 0.041015625 0.0703125
0 0.537109375 0.41796875 0.0390625 0.06640625
0 0.5859375 0.419921875 0.0390625 0.05859375
0 0.62890625 0.455078125 0.05078125 0.12890625
0 0.7265625 0.421875 0.04296875 0.064453125
0 0.806640625 0.4296875 0.03515625 0.05859375
0 0.318359375 0.4609375 0.052734375 0.07421875
0 0.849609375 0.458984375 0.037109375 0.068359375
0 0.76953125 0.458984375 0.03515625 0.060546875
0 0.6875 0.46484375 0.041015625 0.064453125
0 0.458984375 0.484375 0.04296875 0.0703125
0 0.400390625 0.484375 0.05078125 0.064453125
0 0.572265625 0.486328125 0.046875 0.0625
0 0.4921875 0.490234375 0.0234375 0.056640625
0 0.818359375 0.50390625 0.037109375 0.06640625
0 0.357421875 0.53125 0.0546875 0.072265625
0 0.29296875 0.533203125 0.05078125 0.068359375
0 0.689453125 0.53515625 0.083984375 0.06640625
0 0.759765625 0.533203125 0.037109375 0.0625
0 0.8515625 0.533203125 0.037109375 0.0625
0 0.59765625 0.552734375 0.046875 0.068359375
0 0.466796875 0.5546875 0.052734375 0.05859375
0 0.408203125 0.55859375 0.044921875 0.064453125
0 0.814453125 0.599609375 0.080078125 0.072265625
0 0.693359375 0.6015625 0.0390625 0.064453125
0 0.638671875 0.60546875 0.044921875 0.06640625
0 0.244140625 0.609375 0.048828125 0.0703125
0 0.365234375 0.607421875 0.0546875 0.068359375
0 0.296875 0.609375 0.04296875 0.05859375
0 0.544921875 0.62109375 0.041015625 0.06640625
0 0.4375 0.625 0.04296875 0.0703125
0 0.4765625 0.66015625 0.064453125 0.134765625
0 0.85546875 0.6640625 0.03125 0.064453125
0 0.083984375 0.67578125 0.0546875 0.072265625
0 0.33984375 0.67578125 0.048828125 0.072265625
0 0.40234375 0.67578125 0.048828125 0.072265625
0 0.814453125 0.66796875 0.037109375 0.056640625
0 0.1640625 0.681640625 0.056640625 0.078125
0 0.587890625 0.673828125 0.037109375 0.0625
0 0.69921875 0.669921875 0.041015625 0.0546875
0 0.740234375 0.66796875 0.02734375 0.05078125
0 0.283203125 0.681640625 0.05078125 0.068359375
0 0.640625 0.673828125 0.041015625 0.05078125
0 0.52734375 0.69140625 0.046875 0.06640625
0 0.7421875 0.7265625 0.041015625 0.048828125
0 0.677734375 0.736328125 0.0390625 0.060546875
0 0.35546875 0.744140625 0.048828125 0.064453125
0 0.248046875 0.751953125 0.052734375 0.076171875
0 0.30078125 0.748046875 0.041015625 0.0625
0 0.115234375 0.751953125 0.056640625 0.068359375
0 0.1796875 0.751953125 0.0546875 0.06640625
0 0.966796875 0.751953125 0.041015625 0.068359375
0 0.498046875 0.763671875 0.04296875 0.0703125
0 0.810546875 0.78125 0.041015625 0.0546875
0 0.765625 0.787109375 0.025390625 0.060546875
0 0.578125 0.798828125 0.04296875 0.068359375
0 0.728515625 0.791015625 0.03515625 0.052734375
0 0.630859375 0.798828125 0.0390625 0.0625
0 0.43359375 0.8046875 0.041015625 0.064453125
0 0.681640625 0.798828125 0.037109375 0.052734375
0 0.51953125 0.8046875 0.041015625 0.05859375
0 0.361328125 0.81640625 0.095703125 0.072265625
0 0.083984375 0.82421875 0.0546875 0.072265625
0 0.154296875 0.826171875 0.0546875 0.07421875
0 0.2109375 0.822265625 0.04296875 0.068359375
0 0.287109375 0.826171875 0.052734375 0.076171875
