1 0.89453125 0.310546875 0.064453125 0.103515625
1 0.705078125 0.35546875 0.09375 0.103515625
1 0.853515625 0.302734375 -0.001953125 -0.00390625
1 0.806640625 0.361328125 0.083984375 0.111328125
1 0.951171875 0.4296875 0.072265625 0.10546875
1 0.845703125 0.43359375 0.033203125 0.080078125
1 0.619140625 0.48828125 0.08203125 0.11328125
1 0.765625 0.51171875 0.095703125 0.125
1 0.50390625 0.53515625 0.109375 0.142578125
1 0.91796875 0.541015625 0.06640625 0.091796875
1 0.833984375 0.572265625 0.076171875 0.107421875
1 0.755859375 0.615234375 0.052734375 0.060546875
1 0.642578125 0.65625 0.09375 0.119140625
1 0.978515625 0.650390625 0.033203125 0.095703125
1 0.91015625 0.671875 0.0703125 0.1171875
1 0.52734375 0.71484375 0.109375 0.150390625
1 0.775390625 0.69921875 0.078125 0.109375
1 0.68359375 0.767578125 0.095703125 0.126953125
1 0.591796875 0.787109375 0.05859375 0.1015625
1 0.943359375 0.830078125 0.068359375 0.115234375
1 0.486328125 0.890625 0.111328125 0.150390625
1 0.861328125 0.892578125 0.08203125 0.12890625
1 0.62890625 0.87109375 0.072265625 0.05078125
1 0.533203125 0.919921875 0.095703125 0.115234375
1 0.380859375 0.978515625 0.052734375 0.033203125
1 0.873046875 0.98046875 0.05859375 0.03125
