0 0.09765625 0.041015625 0.041015625 0.078125
0 0.15234375 0.041015625 0.041015625 0.078125
0 0.208984375 0.04296875 0.0546875 0.083984375
0 0.16015625 0.220703125 0.044921875 0.130859375
0 0.111328125 0.21875 0.041015625 0.11328125
0 0.234375 0.2421875 0.05859375 0.16015625
0 0.298828125 0.25390625 0.060546875 0.173828125
0 0.37890625 0.259765625 0.0703125 0.173828125
0 0.490234375 0.271484375 0.07421875 0.185546875
0 0.583984375 0.287109375 0.087890625 0.203125
0 0.123046875 0.35546875 0.037109375 0.11328125
0 0.177734375 0.3671875 0.04296875 0.125
0 0.248046875 0.41015625 0.05078125 0.1484375
0 0.30859375 0.4296875 0.05859375 0.154296875
0 0.38671875 0.4453125 0.060546875 0.171875
0 0.4921875 0.458984375 0.0703125 0.166015625
0 0.578125 0.48046875 0.083984375 0.185546875
0 0.146484375 0.41796875 -0.001953125 -0.001953125
0 0.173828125 0.529296875 0.037109375 0.1015625
0 0.220703125 0.546875 0.037109375 0.11328125
0 0.265625 0.56640625 0.033203125 0.119140625
0 0.314453125 0.595703125 0.044921875 0.130859375
0 0.373046875 0.623046875 0.046875 0.13671875
0 0.435546875 0.654296875 0.05859375 0.1484375
0 0.1796875 0.64453125 0.037109375 0.107421875
0 0.505859375 0.6796875 0.05859375 0.154296875
0 0.2265625 0.671875 0.03515625 0.11328125
0 0.591796875 0.708984375 0.07421875 0.166015625
0 0.271484375 0.6953125 0.03125 0.11328125
0 0.31640625 0.7265625 0.041015625 0.119140625
0 0.37890625 0.7578125 0.04296875 0.12890625
0 0.439453125 0.7890625 0.052734375 0.134765625
0 0.5078125 0.826171875 0.056640625 0.13671875
0 0.5859375 0.8671875 0.0703125 0.162109375
