0 0.15625 0.349609375 0.064453125 0.044921875
0 0.302734375 0.4375 0.072265625 0.048828125
0 0.4921875 0.435546875 0.064453125 0.04296875
0 0.19921875 0.44921875 0.072265625 0.05078125
0 0.09765625 0.453125 0.064453125 0.04296875
0 0.01953125 0.466796875 0.03515625 0.04296875
0 0.572265625 0.501953125 0.06640625 0.044921875
0 0.376953125 0.51171875 0.068359375 0.048828125
0 0.318359375 0.513671875 0.037109375 0.0390625
0 0.25 0.513671875 0.05859375 0.037109375
0 0.451171875 0.521484375 0.04296875 0.037109375
0 0.1328125 0.5234375 0.05859375 0.033203125
0 0.73046875 0.525390625 0.033203125 0.033203125
0 0.025390625 0.552734375 0.048828125 0.037109375
0 0.517578125 0.556640625 0.064453125 0.033203125
0 0.662109375 0.576171875 0.072265625 0.04296875
0 0.08984375 0.57421875 0.048828125 0.03125
0 0.513671875 0.599609375 0.0546875 0.025390625
0 0.44140625 0.607421875 0.041015625 0.0234375
0 0.16796875 0.638671875 0.0625 0.037109375
0 0.3671875 0.646484375 0.056640625 0.02734375
0 0.56640625 0.646484375 0.025390625 0.025390625
0 0.421875 0.654296875 0.017578125 0.021484375
0 0.681640625 0.654296875 0.015625 0.021484375
0 0.322265625 0.662109375 0.037109375 0.021484375
0 0.470703125 0.71875 0.052734375 0.02734375
0 0.021484375 0.720703125 0.0390625 0.021484375
0 0.927734375 0.734375 0.083984375 0.0390625
0 0.09375 0.7578125 0.05859375 0.0234375
0 0.15625 0.75390625 0.017578125 0.017578125
0 0.615234375 0.78125 0.072265625 0.033203125
0 0.4296875 0.78125 0.041015625 0.025390625
0 0.34375 0.783203125 0.04296875 0.017578125
0 0.048828125 0.79296875 0.03515625 0.01953125
0 0.2109375 0.818359375 0.064453125 0.037109375
0 0.3046875 0.814453125 0.025390625 0.013671875
0 0.40234375 0.82421875 0.03515625 0.015625
0 0.82421875 0.84375 0.080078125 0.033203125
0 0.658203125 0.86328125 0.05078125 0.01953125
0 0.080078125 0.86328125 0.033203125 0.015625
0 0.498046875 0.875 0.041015625 0.017578125
0 0.244140625 0.880859375 0.021484375 0.009765625
0 0.8828125 0.890625 0.0546875 0.0234375
0 0.791015625 0.91015625 0.0625 0.025390625
0 0.96875 0.9296875 0.052734375 0.025390625
0 0.45703125 0.94140625 0.048828125 0.01953125
0 0.6796875 0.943359375 0.025390625 0.013671875
