1 0.892578125 0.38671875 0.154296875 0.470703125
1 0.72265625 0.33984375 0.095703125 0.25
1 0.767578125 0.560546875 0.083984375 0.24609375
1 0.662109375 0.59375 0.08984375 0.2578125
1 0.490234375 0.525390625 0.041015625 0.109375
1 0.568359375 0.609375 0.04296875 0.1015625
1 0.515625 0.625 0.0390625 0.103515625
1 0.458984375 0.646484375 0.044921875 0.107421875
1 0.587890625 0.703125 0.037109375 0.103515625
1 0.537109375 0.724609375 0.041015625 0.103515625
1 0.484375 0.75 0.041015625 0.107421875
1 0.4296875 0.76953125 0.048828125 0.111328125
1 0.37109375 0.79296875 0.05078125 0.11328125
