0 0.142578125 0.583984375 0.044921875 0.08984375
0 0.1953125 0.6171875 0.041015625 0.087890625
0 0.12109375 0.65234375 0.041015625 0.087890625
0 0.173828125 0.6875 0.044921875 0.08984375
0 0.103515625 0.7109375 0.03515625 0.080078125
0 0.23046875 0.724609375 0.041015625 0.087890625
0 0.15625 0.748046875 0.0390625 0.076171875
0 0.08984375 0.771484375 0.03515625 0.07421875
0 0.208984375 0.787109375 0.041015625 0.083984375
0 0.138671875 0.80859375 0.0390625 0.078125
0 0.265625 0.828125 0.041015625 0.087890625
0 0.1875 0.84765625 0.0390625 0.078125
0 0.2421875 0.88671875 0.041015625 0.080078125
0 0.298828125 0.931640625 0.044921875 0.091796875
