0 0.3125 0.1328125 0.02734375 0.0546875
0 0.384765625 0.185546875 0.046875 0.080078125
0 0.328125 0.2265625 0.044921875 0.09765625
0 0.373046875 0.2890625 0.04296875 0.080078125
0 0.666015625 0.33203125 0.056640625 0.103515625
0 0.732421875 0.33203125 0.056640625 0.103515625
0 0.208984375 0.3203125 0.0234375 0.0546875
0 0.2578125 0.341796875 0.048828125 0.09765625
0 0.16796875 0.328125 0.0234375 0.048828125
0 0.1015625 0.404296875 0.076171875 0.138671875
0 0.626953125 0.416015625 0.056640625 0.103515625
0 0.912109375 0.4375 0.08203125 0.134765625
0 0.763671875 0.427734375 0.056640625 0.091796875
0 0.697265625 0.44140625 0.060546875 0.1015625
0 0.177734375 0.4765625 0.08203125 0.138671875
0 0.271484375 0.4765625 0.056640625 0.1015625
0 0.9921875 0.5078125 0.0078125 0.078125
0 0.658203125 0.525390625 0.060546875 0.103515625
0 0.7265625 0.53515625 0.060546875 0.09765625
0 0.140625 0.578125 0.076171875 0.1328125
0 0.228515625 0.6171875 0.083984375 0.140625
0 0.958984375 0.61328125 0.072265625 0.134765625
0 0.869140625 0.625 0.08203125 0.134765625
0 0.650390625 0.646484375 0.04296875 0.080078125
0 0.544921875 0.65234375 0.046875 0.080078125
0 0.59765625 0.65234375 0.0390625 0.080078125
0 0.75 0.7109375 0.138671875 0.1328125
0 0.025390625 0.734375 0.0390625 0.134765625
0 0.595703125 0.740234375 0.041015625 0.060546875
0 0.541015625 0.767578125 0.046875 0.091796875
0 0.650390625 0.77734375 0.04296875 0.0859375
0 0.826171875 0.8203125 0.037109375 0.109375
0 0.1640625 0.84765625 0.091796875 0.140625
0 0.06640625 0.85546875 0.08984375 0.146484375
0 0.595703125 0.828125 0.041015625 0.080078125
0 0.779296875 0.84375 0.041015625 0.109375
0 0.935546875 0.865234375 0.080078125 0.126953125
0 0.716796875 0.84765625 0.0625 0.06640625
0 0.24609375 0.84765625 0.03125 0.0546875
0 0.544921875 0.87109375 0.046875 0.06640625
0 0.6484375 0.87109375 0.044921875 0.06640625
0 0.8671875 0.90234375 0.041015625 0.04296875
0 0.271484375 0.904296875 0.029296875 0.037109375
0 0.59765625 0.91015625 0.0390625 0.037109375
0 0.822265625 0.91015625 0.0390625 0.037109375
