1 0.90234375 0.501953125 0.056640625 0.234375
1 0.650390625 0.58984375 0.048828125 0.134765625
1 0.923828125 0.763671875 0.125 0.259765625
1 0.6796875 0.740234375 0.064453125 0.134765625
1 0.69921875 0.875 0.140625 0.1484375
1 0.501953125 0.8671875 0.037109375 0.0546875
1 0.306640625 0.8984375 0.015625 0.033203125
1 0.408203125 0.904296875 0.013671875 0.044921875
1 0.517578125 0.92578125 0.033203125 0.048828125
1 0.322265625 0.947265625 0.015625 0.033203125
1 0.421875 0.951171875 0.017578125 0.029296875
