1 0.728515625 0.197265625 0.173828125 0.31640625
1 0.8984375 0.189453125 0.15234375 0.283203125
1 0.58203125 0.458984375 0.154296875 0.291015625
1 0.912109375 0.435546875 0.13671875 0.2421875
1 0.189453125 0.494140625 0.205078125 0.333984375
1 0.41015625 0.486328125 0.1875 0.31640625
1 0.748046875 0.455078125 0.1484375 0.251953125
1 0.07421875 0.69921875 0.142578125 0.28125
1 0.453125 0.708984375 0.1640625 0.2578125
1 0.263671875 0.724609375 0.181640625 0.27734375
1 0.96484375 0.720703125 0.056640625 0.25390625
1 0.857421875 0.736328125 0.154296875 0.26953125
1 0.66796875 0.744140625 0.171875 0.283203125
1 0.33984375 0.900390625 0.166015625 0.185546875
1 0.5546875 0.923828125 0.1640625 0.142578125
1 0.7421875 0.931640625 0.158203125 0.12890625
1 0.92578125 0.935546875 0.140625 0.119140625
1 0.185546875 0.970703125 0.15234375 0.048828125
