1 0.173828125 0.130859375 0.193359375 0.259765625
1 0.41796875 0.2109375 0.34375 0.41796875
1 0.189453125 0.447265625 0.20703125 0.341796875
1 0.375 0.552734375 0.15234375 0.216796875
1 0.32421875 0.6875 0.123046875 0.16796875
1 0.51953125 0.751953125 0.1875 0.232421875
1 0.181640625 0.724609375 0.09375 0.146484375
1 0.083984375 0.748046875 0.072265625 0.1328125
1 0.296875 0.853515625 0.0703125 0.146484375
1 0.40234375 0.880859375 0.15625 0.1953125
1 0.201171875 0.86328125 0.083984375 0.109375
1 0.896484375 0.84765625 0.060546875 0.064453125
1 0.958984375 0.84765625 0.0703125 0.064453125
1 0.12109375 0.90234375 0.103515625 0.166015625
1 0.849609375 0.857421875 0.0546875 0.052734375
1 0.626953125 0.916015625 0.173828125 0.16015625
1 0.921875 0.900390625 0.0625 0.052734375
1 0.974609375 0.91015625 0.04296875 0.060546875
1 0.845703125 0.91796875 0.037109375 0.03515625
1 0.890625 0.935546875 0.033203125 0.041015625
1 0.845703125 0.951171875 0.033203125 0.0078125
1 0.955078125 0.97265625 0.064453125 0.046875
1 0.892578125 0.974609375 0.03515625 0.029296875
1 0.853515625 0.97265625 0.017578125 0.015625
