0 0.0263671875 0.279296875 0.048828125 0.1484375
0 0.1748046875 0.3935546875 0.087890625 0.103515625
0 0.5947265625 0.4716796875 0.236328125 0.255859375
0 0.095703125 0.4208984375 0.08984375 0.138671875
0 0.029296875 0.484375 0.0546875 0.08203125
0 0.8505859375 0.552734375 0.154296875 0.15234375
0 0.4921875 0.580078125 0.15234375 0.16796875
0 0.9609375 0.619140625 0.07421875 0.1953125
0 0.056640625 0.619140625 0.11328125 0.1640625
0 0.716796875 0.671875 0.13671875 0.13671875
0 0.22265625 0.66796875 0.1171875 0.1015625
0 0.4287109375 0.73828125 0.154296875 0.1796875
0 0.66796875 0.76171875 0.16015625 0.1796875
0 0.2021484375 0.7294921875 0.080078125 0.072265625
0 0.306640625 0.7646484375 0.1015625 0.119140625
0 0.873046875 0.8515625 0.25 0.29296875
0 0.015625 0.8154296875 0.03125 0.083984375
0 0.1015625 0.9033203125 0.13671875 0.154296875
0 0.779296875 0.935546875 0.1015625 0.109375
0 0.623046875 0.966796875 0.171875 0.0625
0 0.841796875 0.9921875 0.0 0.0
