0 0.876953125 0.0498046875 0.1484375 0.087890625
0 0.6826171875 0.0673828125 0.166015625 0.119140625
0 0.982421875 0.0419921875 0.03125 0.068359375
0 0.431640625 0.0947265625 0.16015625 0.169921875
0 0.3017578125 0.2802734375 0.349609375 0.462890625
0 0.7451171875 0.23046875 0.146484375 0.2265625
0 0.900390625 0.2236328125 0.1484375 0.208984375
0 0.5703125 0.2412109375 0.16796875 0.232421875
0 0.9609375 0.4072265625 0.07421875 0.205078125
0 0.82421875 0.3896484375 0.1328125 0.126953125
0 0.66796875 0.3671875 0.1328125 0.078125
0 0.138671875 0.6953125 0.27734375 0.49609375
0 0.8369140625 0.6875 0.306640625 0.44921875
0 0.4833984375 0.7412109375 0.373046875 0.494140625
