0 0.607421875 0.5439453125 0.0625 0.044921875
0 0.748046875 0.5419921875 0.0625 0.041015625
0 0.5341796875 0.5458984375 0.064453125 0.044921875
0 0.6767578125 0.5458984375 0.060546875 0.044921875
0 0.8232421875 0.5517578125 0.068359375 0.044921875
0 0.90234375 0.5498046875 0.06640625 0.048828125
0 0.357421875 0.5810546875 0.0625 0.048828125
0 0.4287109375 0.5830078125 0.060546875 0.048828125
0 0.2763671875 0.5908203125 0.068359375 0.052734375
0 0.19921875 0.59375 0.06640625 0.05078125
0 0.498046875 0.591796875 0.0625 0.046875
0 0.5693359375 0.5927734375 0.060546875 0.048828125
0 0.0439453125 0.59765625 0.060546875 0.05078125
0 0.119140625 0.5966796875 0.06640625 0.052734375
0 0.642578125 0.5966796875 0.0546875 0.052734375
0 0.7138671875 0.595703125 0.060546875 0.05078125
0 0.7802734375 0.5927734375 0.060546875 0.044921875
0 0.8525390625 0.5927734375 0.060546875 0.044921875
0 0.9326171875 0.5986328125 0.068359375 0.044921875
0 0.53515625 0.6298828125 0.0546875 0.044921875
0 0.3896484375 0.634765625 0.064453125 0.05078125
0 0.4609375 0.634765625 0.0625 0.05078125
0 0.60546875 0.634765625 0.05859375 0.0390625
0 0.67578125 0.6337890625 0.05859375 0.041015625
0 0.2431640625 0.634765625 0.060546875 0.04296875
0 0.3154296875 0.6357421875 0.064453125 0.048828125
0 0.744140625 0.6328125 0.0546875 0.04296875
0 0.8828125 0.6357421875 0.0625 0.041015625
0 0.8125 0.63671875 0.05859375 0.04296875
0 0.9560546875 0.6376953125 0.056640625 0.044921875
0 0.0830078125 0.6416015625 0.064453125 0.044921875
0 0.1572265625 0.6455078125 0.068359375 0.048828125
0 0.01953125 0.6455078125 0.0390625 0.044921875
