1 0.298828125 0.201171875 0.109375 0.15234375
1 0.37109375 0.2861328125 0.1328125 0.193359375
1 0.537109375 0.330078125 0.14453125 0.20703125
1 0.7607421875 0.3779296875 0.154296875 0.208984375
1 0.248046875 0.37890625 0.125 0.1875
1 0.3876953125 0.4453125 0.134765625 0.1875
1 0.5537109375 0.498046875 0.146484375 0.19921875
1 0.7568359375 0.546875 0.154296875 0.21484375
1 0.267578125 0.5400390625 0.12109375 0.185546875
1 0.400390625 0.59765625 0.1328125 0.1796875
1 0.611328125 0.669921875 0.140625 0.1640625
1 0.80078125 0.703125 0.15234375 0.171875
1 0.34765625 0.69921875 0.12109375 0.12890625
1 0.4814453125 0.767578125 0.130859375 0.15625
1 0.6416015625 0.8154296875 0.150390625 0.189453125
1 0.8203125 0.880859375 0.15625 0.203125
1 0.8974609375 0.888671875 0.119140625 0.16796875
