1 0.8115234375 0.1220703125 0.138671875 0.220703125
1 0.66015625 0.1435546875 0.12890625 0.212890625
1 0.1171875 0.255859375 0.09765625 0.18359375
1 0.576171875 0.24609375 0.0234375 0.05078125
1 0.8173828125 0.3408203125 0.142578125 0.220703125
1 0.6611328125 0.3623046875 0.134765625 0.212890625
1 0.51953125 0.3876953125 0.12890625 0.216796875
1 0.349609375 0.392578125 0.1171875 0.1953125
1 0.2373046875 0.419921875 0.103515625 0.18359375
1 0.1162109375 0.435546875 0.099609375 0.18359375
1 0.8203125 0.5673828125 0.1484375 0.216796875
1 0.6572265625 0.5703125 0.134765625 0.2109375
1 0.515625 0.58984375 0.12109375 0.1953125
1 0.34375 0.6025390625 0.11328125 0.201171875
1 0.2314453125 0.6201171875 0.099609375 0.189453125
1 0.1103515625 0.6298828125 0.103515625 0.189453125
1 0.64453125 0.802734375 0.140625 0.2265625
1 0.8056640625 0.8046875 0.158203125 0.22265625
1 0.4921875 0.8046875 0.1328125 0.2109375
1 0.330078125 0.810546875 0.11328125 0.19921875
1 0.2158203125 0.82421875 0.103515625 0.1953125
1 0.1005859375 0.830078125 0.107421875 0.18359375
