0 0.6201171875 0.1787109375 0.064453125 0.107421875
0 0.69140625 0.2080078125 0.05859375 0.107421875
0 0.75390625 0.232421875 0.05078125 0.09375
0 0.58984375 0.26953125 0.07421875 0.1171875
0 0.8095703125 0.2626953125 0.044921875 0.087890625
0 0.66015625 0.298828125 0.0546875 0.11328125
0 0.7236328125 0.3203125 0.052734375 0.10546875
0 0.78125 0.3466796875 0.046875 0.095703125
0 0.55078125 0.3701171875 0.07421875 0.119140625
0 0.8369140625 0.365234375 0.041015625 0.08984375
0 0.626953125 0.3935546875 0.06640625 0.115234375
0 0.6953125 0.4130859375 0.05859375 0.107421875
0 0.7578125 0.431640625 0.05078125 0.09765625
0 0.8154296875 0.44921875 0.048828125 0.09765625
0 0.8681640625 0.4638671875 0.044921875 0.087890625
0 0.517578125 0.4833984375 0.078125 0.123046875
0 0.5986328125 0.494140625 0.068359375 0.11328125
0 0.669921875 0.5078125 0.05859375 0.109375
0 0.7314453125 0.5234375 0.056640625 0.10546875
0 0.7919921875 0.5341796875 0.052734375 0.099609375
0 0.845703125 0.5517578125 0.04296875 0.091796875
0 0.8916015625 0.5625 0.037109375 0.0859375
0 0.548828125 0.6162109375 0.078125 0.123046875
0 0.640625 0.6171875 0.06640625 0.12109375
0 0.7109375 0.623046875 0.05859375 0.109375
0 0.771484375 0.6318359375 0.05078125 0.107421875
0 0.826171875 0.6455078125 0.046875 0.095703125
0 0.880859375 0.6591796875 0.04296875 0.095703125
0 0.5947265625 0.7392578125 0.072265625 0.126953125
0 0.673828125 0.7314453125 0.06640625 0.115234375
0 0.7431640625 0.734375 0.052734375 0.109375
0 0.7998046875 0.736328125 0.048828125 0.1015625
0 0.8564453125 0.7451171875 0.044921875 0.087890625
0 0.6416015625 0.8427734375 0.064453125 0.119140625
0 0.7109375 0.8466796875 0.05859375 0.115234375
0 0.7734375 0.8408203125 0.046875 0.099609375
0 0.828125 0.83984375 0.046875 0.09765625
