0 0.544921875 0.052734375 0.04296875 0.08984375
0 0.59375 0.078125 0.03515625 0.078125
0 0.6416015625 0.1005859375 0.033203125 0.072265625
0 0.5166015625 0.130859375 0.041015625 0.08203125
0 0.6806640625 0.1259765625 0.029296875 0.068359375
0 0.5703125 0.1533203125 0.04296875 0.083984375
0 0.6201171875 0.1728515625 0.037109375 0.080078125
0 0.666015625 0.1962890625 0.03515625 0.076171875
0 0.4873046875 0.21484375 0.052734375 0.09765625
0 0.7060546875 0.2119140625 0.033203125 0.072265625
0 0.5458984375 0.236328125 0.044921875 0.0859375
0 0.5966796875 0.2529296875 0.041015625 0.083984375
0 0.64453125 0.2685546875 0.03515625 0.072265625
0 0.689453125 0.2841796875 0.03515625 0.072265625
0 0.4609375 0.3115234375 0.05859375 0.103515625
0 0.7294921875 0.2939453125 0.025390625 0.068359375
0 0.521484375 0.326171875 0.046875 0.09375
0 0.5771484375 0.3359375 0.044921875 0.08984375
0 0.6259765625 0.34765625 0.037109375 0.08203125
0 0.671875 0.3583984375 0.03125 0.076171875
0 0.7109375 0.373046875 0.02734375 0.0703125
0 0.7490234375 0.3828125 0.029296875 0.06640625
0 0.4853515625 0.427734375 0.052734375 0.1015625
0 0.5546875 0.42578125 0.046875 0.0859375
0 0.60546875 0.43359375 0.0390625 0.08203125
0 0.65234375 0.439453125 0.0390625 0.07421875
0 0.6953125 0.4521484375 0.03125 0.072265625
0 0.7373046875 0.4638671875 0.025390625 0.068359375
0 0.5830078125 0.5263671875 0.044921875 0.083984375
0 0.5185546875 0.5322265625 0.048828125 0.091796875
0 0.6357421875 0.5302734375 0.037109375 0.080078125
0 0.677734375 0.5302734375 0.03515625 0.072265625
0 0.7197265625 0.5400390625 0.033203125 0.076171875
0 0.5556640625 0.6220703125 0.044921875 0.091796875
0 0.65625 0.6201171875 0.03125 0.072265625
0 0.6982421875 0.619140625 0.037109375 0.07421875
0 0.609375 0.6279296875 0.04296875 0.083984375
0 0.8603515625 0.734375 0.021484375 0.0625
0 0.8271484375 0.7421875 0.025390625 0.0625
0 0.7958984375 0.75390625 0.029296875 0.0703125
0 0.7578125 0.76953125 0.03125 0.078125
0 0.51171875 0.8115234375 0.0546875 0.103515625
0 0.4501953125 0.8251953125 0.060546875 0.107421875
0 0.875 0.8017578125 0.01953125 0.052734375
0 0.375 0.8447265625 0.06640625 0.115234375
0 0.845703125 0.8193359375 0.0234375 0.060546875
0 0.291015625 0.8564453125 0.08203125 0.123046875
0 0.8134765625 0.830078125 0.029296875 0.06640625
0 0.779296875 0.8505859375 0.03125 0.076171875
0 0.7333984375 0.8642578125 0.033203125 0.083984375
0 0.892578125 0.875 0.0234375 0.0625
0 0.548828125 0.908203125 0.05078125 0.1015625
0 0.8642578125 0.8916015625 0.021484375 0.068359375
0 0.4853515625 0.9287109375 0.060546875 0.107421875
0 0.83203125 0.9052734375 0.0234375 0.060546875
0 0.7998046875 0.9208984375 0.025390625 0.060546875
0 0.41796875 0.947265625 0.06640625 0.1015625
0 0.76171875 0.9404296875 0.03515625 0.068359375
0 0.3349609375 0.955078125 0.076171875 0.0859375
0 0.9072265625 0.94140625 0.021484375 0.05859375
0 0.7158203125 0.9599609375 0.037109375 0.064453125
0 0.248046875 0.96484375 0.078125 0.06640625
0 0.8798828125 0.962890625 0.021484375 0.0546875
0 0.8525390625 0.9716796875 0.021484375 0.048828125
0 0.5791015625 0.9755859375 0.044921875 0.044921875
0 0.8232421875 0.9775390625 0.025390625 0.037109375
0 0.5224609375 0.984375 0.044921875 0.02734375
0 0.7861328125 0.990234375 0.021484375 0.015625
