0 0.0361328125 0.0966796875 0.072265625 0.150390625
0 0.236328125 0.1865234375 0.140625 0.142578125
0 0.9814453125 0.2353515625 0.025390625 0.095703125
0 0.908203125 0.2529296875 0.08203125 0.115234375
0 0.7490234375 0.2939453125 0.095703125 0.115234375
0 0.0498046875 0.337890625 0.099609375 0.1328125
0 0.498046875 0.3681640625 0.11328125 0.115234375
0 0.302734375 0.4111328125 0.12109375 0.119140625
0 0.955078125 0.4111328125 0.0703125 0.091796875
0 0.8466796875 0.427734375 0.083984375 0.10546875
0 0.6435546875 0.46484375 0.091796875 0.109375
0 0.97265625 0.5302734375 0.04296875 0.095703125
0 0.1201171875 0.5615234375 0.158203125 0.130859375
0 0.42578125 0.5595703125 0.1171875 0.119140625
0 0.7109375 0.56640625 0.08984375 0.10546875
0 0.880859375 0.5634765625 0.07421875 0.091796875
0 0.5791015625 0.6328125 0.103515625 0.10546875
0 0.2646484375 0.7041015625 0.134765625 0.123046875
0 0.98046875 0.685546875 0.0234375 0.06640625
0 0.775390625 0.7109375 0.0859375 0.0859375
0 0.9111328125 0.7177734375 0.072265625 0.087890625
0 0.6689453125 0.7373046875 0.087890625 0.091796875
0 0.0546875 0.787109375 0.109375 0.12890625
0 0.556640625 0.7958984375 0.09375 0.091796875
0 0.98828125 0.791015625 0.01953125 0.0625
0 0.9150390625 0.8125 0.080078125 0.08203125
0 0.8076171875 0.818359375 0.068359375 0.08203125
0 0.423828125 0.8388671875 0.09375 0.095703125
0 0.6953125 0.8466796875 0.078125 0.095703125
0 0.2783203125 0.8759765625 0.107421875 0.099609375
0 0.5888671875 0.89453125 0.083984375 0.08203125
0 0.1201171875 0.9208984375 0.130859375 0.111328125
0 0.3603515625 0.9658203125 0.103515625 0.064453125
0 0.2177734375 0.9833984375 0.107421875 0.029296875
