1 0.2900390625 0.0576171875 0.212890625 0.111328125
1 0.529296875 0.03515625 0.203125 0.06640625
1 0.7548828125 0.01171875 0.166015625 0.01953125
1 0.9541015625 0.05859375 0.083984375 0.09765625
1 0.779296875 0.0869140625 0.19921875 0.119140625
1 0.5400390625 0.1328125 0.208984375 0.125
1 0.306640625 0.173828125 0.21484375 0.1171875
1 0.9619140625 0.1767578125 0.068359375 0.099609375
1 0.802734375 0.2041015625 0.21484375 0.123046875
1 0.5576171875 0.2490234375 0.208984375 0.123046875
1 0.3271484375 0.28515625 0.224609375 0.12890625
1 0.970703125 0.2958984375 0.0546875 0.095703125
1 0.8232421875 0.3212890625 0.205078125 0.123046875
1 0.5712890625 0.3701171875 0.205078125 0.119140625
1 0.345703125 0.408203125 0.2265625 0.12890625
1 0.853515625 0.4365234375 0.2109375 0.134765625
1 0.978515625 0.4140625 0.03515625 0.0859375
1 0.59765625 0.4853515625 0.2109375 0.130859375
1 0.3642578125 0.5283203125 0.224609375 0.130859375
1 0.98828125 0.5234375 0.01171875 0.06640625
1 0.8720703125 0.556640625 0.208984375 0.12890625
1 0.61328125 0.6005859375 0.21484375 0.134765625
1 0.380859375 0.6474609375 0.21484375 0.134765625
1 0.990234375 0.6279296875 0.015625 0.052734375
1 0.880859375 0.67578125 0.203125 0.125
1 0.6220703125 0.7138671875 0.201171875 0.126953125
1 0.9951171875 0.6708984375 0.001953125 0.001953125
1 0.39453125 0.7646484375 0.2109375 0.138671875
1 0.98828125 0.751953125 0.015625 0.0546875
1 0.87890625 0.7880859375 0.1953125 0.111328125
1 0.6396484375 0.828125 0.205078125 0.1171875
1 0.41796875 0.8779296875 0.2109375 0.138671875
1 0.8994140625 0.9013671875 0.197265625 0.119140625
1 0.67578125 0.943359375 0.20703125 0.109375
1 0.4501953125 0.966796875 0.208984375 0.05859375
