0 0.9453125 0.0205078125 0.07421875 0.041015625
0 0.0419921875 0.2626953125 0.083984375 0.068359375
0 0.978515625 0.3896484375 0.0390625 0.095703125
0 0.78515625 0.4013671875 0.16015625 0.115234375
0 0.919921875 0.4951171875 0.15625 0.115234375
0 0.333984375 0.501953125 0.16015625 0.11328125
0 0.5146484375 0.5390625 0.154296875 0.10546875
0 0.78515625 0.5986328125 0.1484375 0.099609375
0 0.07421875 0.6513671875 0.1484375 0.146484375
0 0.25 0.638671875 0.15625 0.10546875
0 0.6123046875 0.642578125 0.150390625 0.1015625
0 0.9404296875 0.6474609375 0.111328125 0.095703125
0 0.431640625 0.6513671875 0.1640625 0.099609375
0 0.8984375 0.732421875 0.15234375 0.0859375
0 0.1806640625 0.740234375 0.154296875 0.09375
0 0.70703125 0.7431640625 0.16015625 0.091796875
0 0.533203125 0.7470703125 0.1484375 0.099609375
0 0.322265625 0.791015625 0.2109375 0.1484375
0 0.79296875 0.8212890625 0.14453125 0.083984375
0 0.4609375 0.822265625 0.1328125 0.06640625
0 0.6240234375 0.84765625 0.138671875 0.09765625
0 0.9716796875 0.8505859375 0.052734375 0.080078125
0 0.1005859375 0.8564453125 0.146484375 0.083984375
0 0.8701171875 0.9248046875 0.130859375 0.083984375
0 0.70703125 0.9375 0.13671875 0.08984375
0 0.5419921875 0.939453125 0.142578125 0.08203125
0 0.05078125 0.9423828125 0.09765625 0.083984375
0 0.1962890625 0.94140625 0.138671875 0.08203125
0 0.97265625 0.9306640625 0.0390625 0.052734375
0 0.3779296875 0.9541015625 0.146484375 0.083984375
0 0.9541015625 0.9482421875 0.001953125 0.001953125
