0 0.751953125 0.0888671875 0.234375 0.177734375
0 0.84765625 0.2177734375 0.09765625 0.080078125
0 0.3779296875 0.2470703125 0.154296875 0.123046875
0 0.951171875 0.2724609375 0.09375 0.107421875
0 0.240234375 0.3388671875 0.140625 0.111328125
0 0.4716796875 0.3994140625 0.068359375 0.052734375
0 0.5654296875 0.41796875 0.072265625 0.0546875
0 0.3896484375 0.453125 0.064453125 0.046875
0 0.47265625 0.46875 0.06640625 0.046875
0 0.3212890625 0.4990234375 0.064453125 0.044921875
0 0.9716796875 0.732421875 0.052734375 0.203125
0 0.8095703125 0.77734375 0.158203125 0.1328125
0 0.1669921875 0.8896484375 0.333984375 0.216796875
