1 0.33203125 0.357421875 0.078125 0.07421875
1 0.529296875 0.357421875 0.07421875 0.07421875
1 0.1748046875 0.3642578125 0.080078125 0.080078125
1 0.75 0.3642578125 0.08203125 0.080078125
1 0.048828125 0.3642578125 0.08203125 0.072265625
1 0.93359375 0.37109375 0.09375 0.0859375
1 0.7431640625 0.462890625 0.076171875 0.06640625
1 0.9599609375 0.462890625 0.076171875 0.06640625
1 0.3466796875 0.4619140625 0.076171875 0.056640625
1 0.6396484375 0.4697265625 0.072265625 0.072265625
1 0.8544921875 0.4697265625 0.080078125 0.072265625
1 0.4404296875 0.4716796875 0.072265625 0.068359375
1 0.53515625 0.4716796875 0.07421875 0.068359375
1 0.041015625 0.4482421875 0.0 0.001953125
1 0.0830078125 0.4853515625 0.080078125 0.068359375
1 0.009765625 0.490234375 0.01953125 0.06640625
1 0.205078125 0.494140625 0.078125 0.06640625
1 0.396484375 0.546875 0.0625 0.0625
1 0.501953125 0.556640625 0.0625 0.0625
1 0.0322265625 0.5478515625 0.060546875 0.033203125
1 0.140625 0.5537109375 0.0625 0.048828125
1 0.685546875 0.564453125 0.06640625 0.05859375
1 0.251953125 0.5625 0.06640625 0.0390625
1 0.5966796875 0.5693359375 0.072265625 0.052734375
1 0.7734375 0.572265625 0.06640625 0.05859375
1 0.9423828125 0.576171875 0.083984375 0.06640625
1 0.435546875 0.61328125 0.0546875 0.046875
1 0.033203125 0.6181640625 0.05859375 0.048828125
1 0.169921875 0.6337890625 0.0703125 0.052734375
1 0.5380859375 0.6318359375 0.056640625 0.048828125
1 0.638671875 0.6357421875 0.05859375 0.048828125
1 0.291015625 0.6455078125 0.06640625 0.056640625
1 0.720703125 0.6591796875 0.07421875 0.048828125
1 0.8134765625 0.6611328125 0.072265625 0.052734375
1 0.9404296875 0.6728515625 0.072265625 0.056640625
1 0.0615234375 0.693359375 0.060546875 0.04296875
1 0.1640625 0.70703125 0.05859375 0.04296875
1 0.4189453125 0.708984375 0.052734375 0.046875
1 0.5283203125 0.7177734375 0.056640625 0.056640625
1 0.26171875 0.7177734375 0.0625 0.048828125
1 0.6357421875 0.7158203125 0.064453125 0.044921875
1 0.7158203125 0.7333984375 0.060546875 0.052734375
1 0.8076171875 0.734375 0.056640625 0.04296875
1 0.91796875 0.736328125 0.0703125 0.046875
1 0.078125 0.74609375 0.05859375 0.0390625
1 0.3623046875 0.7568359375 0.052734375 0.044921875
1 0.17578125 0.759765625 0.0546875 0.0390625
1 0.45703125 0.765625 0.0546875 0.04296875
1 0.2734375 0.7734375 0.05078125 0.0390625
1 0.55078125 0.78125 0.05859375 0.0390625
1 0.6474609375 0.779296875 0.056640625 0.03515625
1 0.783203125 0.7841796875 0.0625 0.044921875
1 0.90625 0.791015625 0.0625 0.0390625
1 0.326171875 0.806640625 0.0390625 0.04296875
1 0.1181640625 0.8125 0.052734375 0.04296875
1 0.4775390625 0.8125 0.041015625 0.03125
1 0.4072265625 0.818359375 0.048828125 0.0390625
1 0.1884765625 0.8232421875 0.044921875 0.041015625
1 0.5380859375 0.818359375 0.041015625 0.03125
1 0.603515625 0.8203125 0.0390625 0.03515625
1 0.2431640625 0.828125 0.048828125 0.0390625
1 0.6572265625 0.8369140625 0.052734375 0.041015625
1 0.1337890625 0.8564453125 0.048828125 0.029296875
1 0.794921875 0.8671875 0.05859375 0.04296875
1 0.7236328125 0.869140625 0.056640625 0.046875
1 0.8662109375 0.87109375 0.064453125 0.04296875
1 0.197265625 0.8623046875 0.0390625 0.017578125
1 0.2578125 0.8623046875 0.03515625 0.017578125
1 0.4697265625 0.87890625 0.044921875 0.0390625
1 0.4033203125 0.880859375 0.048828125 0.03515625
1 0.798828125 0.947265625 0.05859375 0.0390625
1 0.658203125 0.9443359375 0.0546875 0.033203125
1 0.7265625 0.9482421875 0.0546875 0.037109375
1 0.8828125 0.9609375 0.0625 0.0390625
