0 0.265625 0.1474609375 0.125 0.291015625
0 0.416015625 0.1689453125 0.140625 0.326171875
0 0.0498046875 0.4169921875 0.099609375 0.330078125
0 0.1904296875 0.451171875 0.115234375 0.33984375
0 0.337890625 0.470703125 0.12109375 0.3515625
0 0.5009765625 0.5302734375 0.150390625 0.373046875
0 0.66796875 0.556640625 0.1484375 0.375
0 0.1328125 0.734375 0.10546875 0.3125
0 0.2705078125 0.7744140625 0.107421875 0.322265625
0 0.376953125 0.8779296875 0.13671875 0.240234375
0 0.5498046875 0.908203125 0.150390625 0.1796875
0 0.734375 0.91015625 0.15234375 0.17578125
0 0.0498046875 0.9365234375 0.095703125 0.123046875
0 0.1904296875 0.96484375 0.083984375 0.06640625
