1 0.568359375 0.0537109375 0.03125 0.052734375
1 0.619140625 0.0576171875 0.03125 0.048828125
1 0.662109375 0.064453125 0.03125 0.04296875
1 0.701171875 0.083984375 0.02734375 0.046875
1 0.740234375 0.08984375 0.02734375 0.046875
1 0.7841796875 0.0888671875 0.025390625 0.044921875
1 0.568359375 0.1171875 0.03125 0.046875
1 0.611328125 0.1171875 0.03125 0.046875
1 0.6552734375 0.1201171875 0.029296875 0.052734375
1 0.85546875 0.1298828125 0.03125 0.044921875
1 0.693359375 0.1474609375 0.02734375 0.052734375
1 0.826171875 0.1494140625 0.03125 0.056640625
1 0.8955078125 0.146484375 0.029296875 0.05078125
1 0.73046875 0.1484375 0.02734375 0.046875
1 0.7724609375 0.1494140625 0.029296875 0.048828125
1 0.9423828125 0.1494140625 0.029296875 0.048828125
1 0.6103515625 0.1787109375 0.033203125 0.052734375
1 0.564453125 0.1845703125 0.03125 0.052734375
1 0.6552734375 0.181640625 0.029296875 0.046875
1 0.69140625 0.2060546875 0.03125 0.052734375
1 0.732421875 0.21875 0.03125 0.05078125
1 0.7783203125 0.220703125 0.029296875 0.046875
1 0.8642578125 0.2177734375 0.025390625 0.052734375
1 0.904296875 0.21484375 0.02734375 0.046875
1 0.9375 0.21875 0.01953125 0.05078125
1 0.556640625 0.2490234375 0.03125 0.048828125
1 0.6064453125 0.2490234375 0.041015625 0.052734375
1 0.6513671875 0.251953125 0.029296875 0.03515625
1 0.826171875 0.2734375 0.03125 0.0546875
1 0.9013671875 0.271484375 0.025390625 0.04296875
1 0.6865234375 0.2666015625 0.025390625 0.029296875
1 0.8642578125 0.2783203125 0.025390625 0.052734375
1 0.7275390625 0.27734375 0.029296875 0.04296875
1 0.771484375 0.279296875 0.03125 0.0390625
1 0.9404296875 0.2802734375 0.025390625 0.048828125
1 0.6572265625 0.3076171875 0.033203125 0.056640625
1 0.5615234375 0.30859375 0.033203125 0.05078125
1 0.6064453125 0.3076171875 0.033203125 0.048828125
1 0.703125 0.3193359375 0.03125 0.056640625
1 0.7392578125 0.3349609375 0.029296875 0.048828125
1 0.7783203125 0.3369140625 0.029296875 0.052734375
1 0.90234375 0.3369140625 0.03125 0.052734375
1 0.935546875 0.33984375 0.0234375 0.05859375
1 0.826171875 0.33984375 0.03125 0.046875
1 0.86328125 0.3427734375 0.0234375 0.052734375
1 0.6103515625 0.3701171875 0.033203125 0.052734375
1 0.5625 0.3701171875 0.03515625 0.052734375
1 0.6552734375 0.37890625 0.029296875 0.05859375
1 0.703125 0.3896484375 0.03125 0.056640625
1 0.74609375 0.3974609375 0.03125 0.052734375
1 0.7900390625 0.400390625 0.029296875 0.046875
1 0.8662109375 0.4033203125 0.029296875 0.052734375
1 0.904296875 0.400390625 0.02734375 0.046875
1 0.826171875 0.40625 0.03125 0.046875
1 0.94140625 0.40625 0.02734375 0.046875
1 0.560546875 0.4365234375 0.0390625 0.041015625
1 0.6083984375 0.4423828125 0.037109375 0.052734375
1 0.69140625 0.4599609375 0.03125 0.056640625
1 0.8583984375 0.46484375 0.029296875 0.05078125
1 0.904296875 0.4638671875 0.02734375 0.052734375
1 0.9482421875 0.4638671875 0.025390625 0.052734375
1 0.8173828125 0.4697265625 0.025390625 0.052734375
1 0.7666015625 0.4716796875 0.033203125 0.048828125
1 0.5751953125 0.4990234375 0.037109375 0.056640625
1 0.646484375 0.51171875 0.03515625 0.05078125
1 0.6875 0.529296875 0.03125 0.0625
1 0.943359375 0.521484375 0.0234375 0.046875
1 0.90625 0.5263671875 0.03125 0.048828125
1 0.7265625 0.537109375 0.03515625 0.046875
1 0.771484375 0.5390625 0.03125 0.05078125
1 0.810546875 0.5400390625 0.02734375 0.052734375
1 0.8515625 0.5390625 0.03125 0.05078125
1 0.6337890625 0.587890625 0.037109375 0.0625
1 0.9033203125 0.5888671875 0.029296875 0.052734375
1 0.9521484375 0.5908203125 0.033203125 0.056640625
1 0.5205078125 0.5947265625 0.037109375 0.052734375
1 0.7421875 0.6005859375 0.07421875 0.052734375
1 0.8134765625 0.603515625 0.033203125 0.05859375
1 0.8515625 0.6005859375 0.03125 0.052734375
1 0.611328125 0.626953125 0.03515625 0.06640625
1 0.541015625 0.658203125 0.0390625 0.05859375
1 0.701171875 0.66015625 0.03515625 0.0625
1 0.8984375 0.6552734375 0.03125 0.052734375
1 0.775390625 0.6650390625 0.03125 0.052734375
1 0.5888671875 0.708984375 0.041015625 0.07421875
1 0.642578125 0.72265625 0.03515625 0.06640625
1 0.9404296875 0.720703125 0.025390625 0.0625
1 0.6865234375 0.734375 0.033203125 0.05859375
1 0.822265625 0.7412109375 0.015625 0.056640625
1 0.7607421875 0.7451171875 0.037109375 0.056640625
1 0.853515625 0.7451171875 0.02734375 0.056640625
1 0.7138671875 0.748046875 0.013671875 0.0546875
1 0.796875 0.744140625 0.0234375 0.046875
