0 0.453125 0.181640625 0.109375 0.08203125
0 0.6044921875 0.1826171875 0.115234375 0.083984375
0 0.8056640625 0.1796875 0.107421875 0.078125
0 0.322265625 0.185546875 0.11328125 0.078125
0 0.0400390625 0.2099609375 0.080078125 0.091796875
0 0.1513671875 0.20703125 0.119140625 0.08203125
0 0.9228515625 0.232421875 0.107421875 0.078125
0 0.9921875 0.23046875 0.01171875 0.05859375
0 0.6943359375 0.2509765625 0.107421875 0.076171875
0 0.259765625 0.265625 0.11328125 0.078125
0 0.3896484375 0.2685546875 0.111328125 0.080078125
0 0.521484375 0.2724609375 0.109375 0.080078125
0 0.8076171875 0.279296875 0.103515625 0.078125
0 0.0927734375 0.29296875 0.111328125 0.08203125
0 0.953125 0.3125 0.08984375 0.07421875
0 0.5751953125 0.3310546875 0.107421875 0.072265625
0 0.2001953125 0.3359375 0.103515625 0.07421875
0 0.4541015625 0.337890625 0.103515625 0.0703125
0 0.703125 0.3408203125 0.109375 0.076171875
0 0.326171875 0.341796875 0.109375 0.07421875
0 0.8515625 0.3564453125 0.10546875 0.076171875
0 0.046875 0.36328125 0.08984375 0.07421875
0 0.9794921875 0.38671875 0.037109375 0.0625
0 0.513671875 0.4052734375 0.1015625 0.076171875
0 0.146484375 0.4130859375 0.109375 0.072265625
0 0.3974609375 0.412109375 0.103515625 0.07421875
0 0.6298828125 0.4140625 0.103515625 0.07421875
0 0.7509765625 0.4140625 0.099609375 0.06640625
0 0.8984375 0.4248046875 0.1015625 0.068359375
0 0.0205078125 0.421875 0.037109375 0.05859375
0 0.08984375 0.458984375 0.09765625 0.07421875
0 0.3349609375 0.4765625 0.103515625 0.0703125
0 0.5673828125 0.4736328125 0.095703125 0.068359375
0 0.7998046875 0.4736328125 0.099609375 0.068359375
0 0.4560546875 0.478515625 0.103515625 0.0703125
0 0.68359375 0.4755859375 0.09765625 0.060546875
0 0.9404296875 0.4912109375 0.091796875 0.072265625
0 0.044921875 0.533203125 0.08984375 0.0703125
0 0.6181640625 0.537109375 0.091796875 0.06640625
0 0.9873046875 0.53125 0.021484375 0.0546875
0 0.1484375 0.541015625 0.09765625 0.0703125
0 0.390625 0.54296875 0.1015625 0.06640625
0 0.732421875 0.5390625 0.09375 0.0625
0 0.8447265625 0.5400390625 0.095703125 0.060546875
0 0.5068359375 0.5458984375 0.099609375 0.064453125
0 0.2783203125 0.5478515625 0.103515625 0.068359375
0 0.1005859375 0.5908203125 0.095703125 0.052734375
0 0.0205078125 0.59765625 0.041015625 0.05859375
0 0.212890625 0.5966796875 0.09375 0.056640625
0 0.6708984375 0.599609375 0.091796875 0.05859375
0 0.78125 0.599609375 0.08984375 0.05859375
0 0.3369140625 0.6015625 0.091796875 0.05859375
0 0.560546875 0.60546875 0.09765625 0.06640625
0 0.89453125 0.60546875 0.09375 0.06640625
0 0.4482421875 0.6064453125 0.091796875 0.060546875
0 0.98828125 0.6025390625 0.01953125 0.044921875
0 0.056640625 0.64453125 0.09765625 0.0546875
0 0.1689453125 0.64453125 0.083984375 0.0546875
0 0.82421875 0.6484375 0.0859375 0.05859375
0 0.2724609375 0.65625 0.087890625 0.0625
0 0.5029296875 0.6513671875 0.087890625 0.056640625
0 0.611328125 0.650390625 0.0859375 0.0546875
0 0.7177734375 0.6572265625 0.087890625 0.056640625
0 0.9462890625 0.6611328125 0.091796875 0.060546875
0 0.392578125 0.6591796875 0.09765625 0.056640625
0 0.228515625 0.7041015625 0.0859375 0.052734375
0 0.1201171875 0.703125 0.087890625 0.05859375
0 0.0263671875 0.705078125 0.052734375 0.0546875
0 0.330078125 0.708984375 0.09375 0.05859375
0 0.5498046875 0.705078125 0.087890625 0.0546875
0 0.447265625 0.7099609375 0.0859375 0.060546875
0 0.66015625 0.7119140625 0.0859375 0.060546875
0 0.7646484375 0.70703125 0.087890625 0.0546875
0 0.8798828125 0.7109375 0.091796875 0.05859375
0 0.9599609375 0.71875 0.033203125 0.05859375
0 0.28125 0.75 0.08203125 0.046875
0 0.1787109375 0.7529296875 0.083984375 0.056640625
0 0.0712890625 0.7568359375 0.091796875 0.056640625
0 0.3857421875 0.7548828125 0.083984375 0.052734375
0 0.6015625 0.76171875 0.0859375 0.0546875
0 0.7041015625 0.76171875 0.083984375 0.05078125
0 0.81640625 0.765625 0.0859375 0.0546875
0 0.919921875 0.7705078125 0.0859375 0.056640625
0 0.4990234375 0.7685546875 0.083984375 0.052734375
0 0.234375 0.80078125 0.08203125 0.0546875
0 0.330078125 0.8056640625 0.08203125 0.052734375
0 0.435546875 0.8037109375 0.08203125 0.048828125
0 0.7578125 0.8076171875 0.08203125 0.048828125
0 0.130859375 0.8095703125 0.08203125 0.052734375
0 0.544921875 0.8056640625 0.08203125 0.044921875
0 0.6474609375 0.8095703125 0.087890625 0.052734375
0 0.037109375 0.814453125 0.07421875 0.0546875
0 0.958984375 0.822265625 0.078125 0.0546875
0 0.8623046875 0.8271484375 0.087890625 0.056640625
0 0.1884765625 0.849609375 0.083984375 0.046875
0 0.287109375 0.8515625 0.078125 0.046875
0 0.38671875 0.8505859375 0.08203125 0.044921875
0 0.4833984375 0.853515625 0.083984375 0.05078125
0 0.5927734375 0.8564453125 0.080078125 0.048828125
0 0.7958984375 0.85546875 0.072265625 0.05078125
0 0.08203125 0.8583984375 0.0859375 0.048828125
0 0.6982421875 0.8583984375 0.083984375 0.048828125
0 0.8984375 0.8720703125 0.08203125 0.048828125
0 0.240234375 0.896484375 0.078125 0.04296875
0 0.33984375 0.9013671875 0.078125 0.048828125
0 0.53125 0.9013671875 0.08203125 0.052734375
0 0.6435546875 0.8984375 0.083984375 0.04296875
0 0.7421875 0.9033203125 0.078125 0.052734375
0 0.04296875 0.904296875 0.08203125 0.046875
0 0.8359375 0.9052734375 0.078125 0.048828125
0 0.4345703125 0.90234375 0.080078125 0.0390625
0 0.9365234375 0.9130859375 0.080078125 0.044921875
