1 0.517578125 0.205078125 0.0546875 0.08203125
1 0.58984375 0.2099609375 0.04296875 0.083984375
1 0.6474609375 0.212890625 0.048828125 0.078125
1 0.69921875 0.2158203125 0.046875 0.080078125
1 0.75 0.216796875 0.05078125 0.078125
1 0.107421875 0.2744140625 0.08203125 0.103515625
1 0.2109375 0.2783203125 0.07421875 0.095703125
1 0.28515625 0.2763671875 0.06640625 0.091796875
1 0.3544921875 0.27734375 0.060546875 0.08203125
1 0.4091796875 0.2880859375 0.056640625 0.087890625
1 0.50390625 0.296875 0.0546875 0.078125
1 0.5810546875 0.30078125 0.052734375 0.078125
1 0.63671875 0.3017578125 0.046875 0.068359375
1 0.689453125 0.3037109375 0.046875 0.072265625
1 0.73828125 0.3017578125 0.046875 0.068359375
1 0.263671875 0.376953125 0.0625 0.0859375
1 0.3330078125 0.376953125 0.060546875 0.0859375
1 0.0966796875 0.3857421875 0.076171875 0.087890625
1 0.1865234375 0.3857421875 0.068359375 0.087890625
1 0.3974609375 0.384765625 0.064453125 0.078125
1 0.716796875 0.380859375 0.046875 0.0703125
1 0.6171875 0.3857421875 0.05078125 0.076171875
1 0.4892578125 0.392578125 0.052734375 0.08203125
1 0.6630859375 0.3857421875 0.037109375 0.068359375
1 0.5654296875 0.392578125 0.052734375 0.07421875
1 0.650390625 0.4638671875 0.046875 0.064453125
1 0.703125 0.4638671875 0.046875 0.064453125
1 0.2529296875 0.4794921875 0.076171875 0.087890625
1 0.32421875 0.4794921875 0.0625 0.087890625
1 0.5361328125 0.478515625 0.048828125 0.078125
1 0.5947265625 0.4736328125 0.048828125 0.068359375
1 0.076171875 0.4912109375 0.08203125 0.091796875
1 0.1650390625 0.4912109375 0.064453125 0.087890625
1 0.3896484375 0.484375 0.060546875 0.078125
1 0.46875 0.4814453125 0.0546875 0.072265625
1 0.7119140625 0.5078125 0.001953125 0.0
1 0.6865234375 0.5458984375 0.044921875 0.068359375
1 0.5791015625 0.5595703125 0.044921875 0.068359375
1 0.6318359375 0.5546875 0.037109375 0.0703125
1 0.5244140625 0.5634765625 0.048828125 0.076171875
1 0.4580078125 0.572265625 0.056640625 0.078125
1 0.23046875 0.5810546875 0.06640625 0.087890625
1 0.3056640625 0.576171875 0.060546875 0.078125
1 0.3720703125 0.576171875 0.068359375 0.078125
1 0.0625 0.5986328125 0.078125 0.095703125
1 0.1572265625 0.5927734375 0.072265625 0.083984375
1 0.9072265625 0.5869140625 0.001953125 0.001953125
1 0.8857421875 0.6259765625 0.037109375 0.068359375
1 0.552734375 0.5966796875 0.0 0.001953125
1 0.8466796875 0.634765625 0.037109375 0.0703125
1 0.8056640625 0.6435546875 0.029296875 0.060546875
1 0.3349609375 0.6181640625 0.001953125 0.001953125
1 0.7607421875 0.6552734375 0.037109375 0.064453125
1 0.2861328125 0.666015625 0.056640625 0.078125
1 0.353515625 0.666015625 0.05859375 0.078125
1 0.2158203125 0.67578125 0.064453125 0.08203125
1 0.7216796875 0.6513671875 0.029296875 0.021484375
1 0.1298828125 0.6943359375 0.072265625 0.091796875
1 0.0498046875 0.701171875 0.072265625 0.09375
1 0.9013671875 0.7001953125 0.033203125 0.056640625
1 0.8408203125 0.7060546875 0.037109375 0.060546875
1 0.7275390625 0.71484375 0.033203125 0.0703125
1 0.791015625 0.7197265625 0.03515625 0.060546875
1 0.685546875 0.732421875 0.0390625 0.0703125
1 0.7578125 0.7265625 0.01953125 0.05078125
1 0.63671875 0.748046875 0.046875 0.08203125
1 0.5771484375 0.7578125 0.052734375 0.0859375
1 0.521484375 0.767578125 0.0546875 0.0859375
1 0.89453125 0.763671875 0.02734375 0.04296875
1 0.8232421875 0.7734375 0.029296875 0.05078125
1 0.4365234375 0.798828125 0.056640625 0.0859375
1 0.78125 0.78515625 0.03125 0.05078125
1 0.728515625 0.8037109375 0.04296875 0.068359375
1 0.37109375 0.81640625 0.0546875 0.0859375
1 0.6767578125 0.81640625 0.052734375 0.0703125
1 0.306640625 0.828125 0.0625 0.09375
1 0.623046875 0.830078125 0.046875 0.0703125
1 0.2353515625 0.8408203125 0.068359375 0.091796875
1 0.5654296875 0.84765625 0.044921875 0.078125
1 0.85546875 0.826171875 0.03125 0.04296875
1 0.1494140625 0.8564453125 0.080078125 0.095703125
1 0.810546875 0.8359375 0.02734375 0.05078125
1 0.501953125 0.861328125 0.05859375 0.0859375
1 0.7626953125 0.8505859375 0.033203125 0.056640625
1 0.423828125 0.8896484375 0.0546875 0.083984375
1 0.7392578125 0.845703125 0.001953125 0.0
1 0.71484375 0.8857421875 0.04296875 0.072265625
1 0.8408203125 0.8896484375 0.037109375 0.056640625
1 0.361328125 0.9052734375 0.0546875 0.080078125
1 0.66796875 0.9033203125 0.046875 0.072265625
1 0.6123046875 0.9130859375 0.060546875 0.080078125
1 0.2861328125 0.923828125 0.064453125 0.09375
1 0.7919921875 0.9052734375 0.037109375 0.060546875
1 0.2119140625 0.94140625 0.068359375 0.0859375
1 0.552734375 0.931640625 0.046875 0.0703125
1 0.7490234375 0.9208984375 0.025390625 0.056640625
1 0.1298828125 0.9541015625 0.072265625 0.087890625
1 0.490234375 0.9453125 0.046875 0.0703125
1 0.7080078125 0.9619140625 0.037109375 0.064453125
1 0.44140625 0.9345703125 0.0 0.001953125
1 0.4072265625 0.9677734375 0.060546875 0.060546875
1 0.654296875 0.970703125 0.046875 0.0546875
1 0.34375 0.9775390625 0.0546875 0.041015625
1 0.5986328125 0.98046875 0.041015625 0.03515625
1 0.5263671875 0.9697265625 0.001953125 0.001953125
1 0.27734375 0.9853515625 0.0546875 0.025390625
1 0.5458984375 0.98828125 0.041015625 0.01953125
1 0.2099609375 0.990234375 0.044921875 0.015625
1 0.4638671875 0.9873046875 0.001953125 0.001953125
1 0.48828125 0.994140625 0.0234375 0.0078125
