1 0.7529296875 0.07421875 0.025390625 0.01953125
1 0.880859375 0.0654296875 0.0 0.001953125
1 0.8603515625 0.1220703125 0.037109375 0.099609375
1 0.9736328125 0.1259765625 0.037109375 0.103515625
1 0.8046875 0.142578125 0.03125 0.0234375
1 0.7890625 0.251953125 0.05859375 0.14453125
1 0.6904296875 0.28125 0.060546875 0.15625
1 0.5888671875 0.2529296875 0.052734375 0.052734375
1 0.9716796875 0.3017578125 0.041015625 0.107421875
1 0.8828125 0.267578125 0.02734375 0.03515625
1 0.345703125 0.34765625 0.07421875 0.14453125
1 0.5654296875 0.4013671875 0.080078125 0.177734375
1 0.8984375 0.341796875 0.03125 0.03125
1 0.0810546875 0.474609375 0.130859375 0.203125
1 0.2861328125 0.484375 0.111328125 0.203125
1 0.9306640625 0.50390625 0.052734375 0.140625
1 0.82421875 0.5126953125 0.046875 0.115234375
1 0.998046875 0.453125 0.0 0.0
1 0.9775390625 0.5068359375 0.037109375 0.095703125
1 0.5556640625 0.552734375 0.068359375 0.140625
1 0.77734375 0.6171875 0.0703125 0.171875
1 0.498046875 0.685546875 0.08984375 0.1875
1 0.3671875 0.7578125 0.10546875 0.2109375
1 0.9140625 0.654296875 0.0 0.0
1 0.880859375 0.740234375 0.0625 0.16796875
1 0.986328125 0.7294921875 0.0234375 0.119140625
1 0.7236328125 0.7568359375 0.060546875 0.142578125
1 0.1962890625 0.810546875 0.126953125 0.21875
1 0.6455078125 0.80859375 0.064453125 0.1484375
1 0.5693359375 0.9208984375 0.087890625 0.150390625
1 0.767578125 0.923828125 0.06640625 0.14453125
1 0.6435546875 0.9423828125 0.044921875 0.111328125
1 0.43359375 0.953125 0.0859375 0.0859375
1 0.7861328125 0.9921875 0.005859375 0.01171875
