1 0.654296875 0.0146484375 0.03515625 0.029296875
1 0.701171875 0.03125 0.03125 0.05859375
1 0.73046875 0.0146484375 0.015625 0.029296875
1 0.7587890625 0.0078125 0.013671875 0.015625
1 0.783203125 0.0185546875 0.015625 0.037109375
1 0.8046875 0.009765625 0.01171875 0.01953125
1 0.84375 0.013671875 0.01171875 0.02734375
1 0.857421875 0.005859375 0.01171875 0.01171875
1 0.7568359375 0.041015625 0.017578125 0.05078125
1 0.826171875 0.025390625 0.01171875 0.0234375
1 0.876953125 0.0244140625 0.0078125 0.025390625
1 0.654296875 0.09375 0.03515625 0.12890625
1 0.806640625 0.0517578125 0.015625 0.037109375
1 0.86328125 0.0419921875 0.0078125 0.017578125
1 0.7333984375 0.1181640625 0.021484375 0.146484375
1 0.84375 0.0537109375 0.01171875 0.021484375
1 0.8916015625 0.048828125 0.005859375 0.015625
1 0.7861328125 0.06640625 0.013671875 0.03125
1 0.701171875 0.0908203125 0.03125 0.072265625
1 0.828125 0.0703125 0.015625 0.03515625
1 0.8779296875 0.0625 0.005859375 0.01953125
1 0.759765625 0.1181640625 0.0234375 0.087890625
1 0.8916015625 0.0771484375 0.005859375 0.013671875
1 0.8642578125 0.08203125 0.005859375 0.01171875
1 0.810546875 0.09765625 0.015625 0.02734375
1 0.119140625 0.169921875 0.16015625 0.15625
1 0.783203125 0.1083984375 0.015625 0.037109375
1 0.845703125 0.099609375 0.0078125 0.0234375
1 0.87890625 0.1015625 0.0078125 0.01953125
1 0.828125 0.1142578125 0.0078125 0.025390625
1 0.865234375 0.12109375 0.0078125 0.0234375
1 0.8916015625 0.1171875 0.005859375 0.01171875
1 0.7001953125 0.15625 0.029296875 0.0703125
1 0.80859375 0.140625 0.01171875 0.03515625
1 0.845703125 0.140625 0.0078125 0.0234375
1 0.2705078125 0.189453125 0.111328125 0.109375
1 0.87890625 0.1396484375 0.0078125 0.013671875
1 0.5693359375 0.2373046875 0.115234375 0.197265625
1 0.787109375 0.1611328125 0.015625 0.037109375
1 0.8310546875 0.16015625 0.009765625 0.02734375
1 0.8916015625 0.1533203125 0.005859375 0.017578125
1 0.8642578125 0.162109375 0.005859375 0.015625
1 0.658203125 0.1923828125 0.03515625 0.076171875
1 0.9052734375 0.16796875 0.005859375 0.01171875
1 0.84765625 0.1806640625 0.0078125 0.017578125
1 0.87890625 0.17578125 0.0078125 0.01953125
1 0.763671875 0.1953125 0.01953125 0.046875
1 0.80859375 0.1865234375 0.01171875 0.025390625
1 0.89453125 0.1875 0.00390625 0.01953125
1 0.701171875 0.2236328125 0.03125 0.068359375
1 0.83203125 0.2041015625 0.0078125 0.029296875
1 0.90625 0.2001953125 0.0078125 0.017578125
1 0.7890625 0.2138671875 0.015625 0.037109375
1 0.865234375 0.201171875 0.0078125 0.015625
1 0.880859375 0.2109375 0.00390625 0.01953125
1 0.736328125 0.2373046875 0.0234375 0.052734375
1 0.849609375 0.2236328125 0.0078125 0.017578125
1 0.8125 0.2353515625 0.01171875 0.033203125
1 0.89453125 0.228515625 0.00390625 0.01171875
1 0.763671875 0.25 0.01953125 0.04296875
1 0.11328125 0.3076171875 0.1640625 0.146484375
1 0.83203125 0.2431640625 0.01171875 0.017578125
1 0.9052734375 0.236328125 0.005859375 0.01171875
1 0.865234375 0.244140625 0.0078125 0.01953125
1 0.880859375 0.25390625 0.00390625 0.0234375
1 0.9111328125 0.2470703125 0.001953125 0.001953125
1 0.7900390625 0.2724609375 0.013671875 0.037109375
1 0.8505859375 0.2626953125 0.009765625 0.021484375
1 0.8955078125 0.26171875 0.005859375 0.01953125
1 0.810546875 0.279296875 0.015625 0.03125
1 0.9091796875 0.26953125 0.005859375 0.01171875
1 0.869140625 0.283203125 0.0078125 0.0234375
1 0.83203125 0.29296875 0.01171875 0.03125
1 0.8828125 0.2900390625 0.0078125 0.021484375
1 0.896484375 0.294921875 0.0078125 0.01953125
1 0.9091796875 0.302734375 0.005859375 0.01953125
1 0.8525390625 0.3125 0.009765625 0.0234375
1 0.869140625 0.3203125 0.0078125 0.01953125
1 0.884765625 0.3291015625 0.00390625 0.017578125
1 0.8984375 0.3359375 0.00390625 0.01953125
1 0.71875 0.3818359375 0.046875 0.087890625
1 0.91015625 0.3408203125 0.0078125 0.017578125
1 0.7568359375 0.37890625 0.017578125 0.0390625
1 0.5615234375 0.447265625 0.119140625 0.1640625
1 0.109375 0.447265625 0.1640625 0.12890625
1 0.783203125 0.3994140625 0.015625 0.033203125
1 0.8203125 0.408203125 0.015625 0.02734375
1 0.841796875 0.408203125 0.0078125 0.02734375
1 0.859375 0.4130859375 0.0078125 0.021484375
1 0.873046875 0.4208984375 0.0078125 0.017578125
1 0.759765625 0.4287109375 0.01953125 0.021484375
1 0.88671875 0.4267578125 0.0078125 0.017578125
1 0.8984375 0.4326171875 0.00390625 0.017578125
1 0.7841796875 0.4443359375 0.017578125 0.033203125
1 0.7255859375 0.484375 0.044921875 0.08984375
1 0.822265625 0.451171875 0.01171875 0.03125
1 0.83984375 0.4541015625 0.00390625 0.025390625
1 0.857421875 0.453125 0.00390625 0.0234375
1 0.87109375 0.4599609375 0.00390625 0.025390625
1 0.8828125 0.4619140625 0.0078125 0.021484375
1 0.759765625 0.4814453125 0.01171875 0.037109375
1 0.7841796875 0.4912109375 0.017578125 0.033203125
1 0.822265625 0.4951171875 0.01171875 0.029296875
1 0.837890625 0.4931640625 0.0078125 0.025390625
1 0.857421875 0.4990234375 0.00390625 0.021484375
1 0.87109375 0.5009765625 0.00390625 0.017578125
1 0.888671875 0.5009765625 0.00390625 0.017578125
1 0.90234375 0.5068359375 0.00390625 0.017578125
1 0.763671875 0.5361328125 0.01171875 0.044921875
1 0.837890625 0.5380859375 0.0078125 0.029296875
1 0.857421875 0.5341796875 0.00390625 0.021484375
1 0.111328125 0.58984375 0.16796875 0.12890625
1 0.7841796875 0.5419921875 0.017578125 0.033203125
1 0.8203125 0.5439453125 0.0078125 0.029296875
1 0.873046875 0.533203125 0.0078125 0.015625
1 0.888671875 0.5390625 0.00390625 0.015625
1 0.728515625 0.5908203125 0.046875 0.095703125
1 0.5556640625 0.6416015625 0.123046875 0.173828125
1 0.85546875 0.5732421875 0.0078125 0.025390625
1 0.837890625 0.576171875 0.0078125 0.01953125
1 0.873046875 0.576171875 0.0078125 0.01953125
1 0.88671875 0.576171875 0.0078125 0.01953125
1 0.904296875 0.5771484375 0.0078125 0.017578125
1 0.767578125 0.5888671875 0.01171875 0.029296875
1 0.7880859375 0.5908203125 0.017578125 0.037109375
1 0.822265625 0.5849609375 0.01171875 0.025390625
1 0.85546875 0.6171875 0.0078125 0.03125
1 0.873046875 0.61328125 0.0078125 0.02734375
1 0.900390625 0.61328125 0.0078125 0.02734375
1 0.888671875 0.6142578125 0.00390625 0.021484375
1 0.83984375 0.6201171875 0.00390625 0.021484375
1 0.8203125 0.6259765625 0.0078125 0.025390625
1 0.763671875 0.6357421875 0.01953125 0.037109375
1 0.7890625 0.6357421875 0.015625 0.037109375
1 0.90234375 0.646484375 0.00390625 0.01953125
1 0.6826171875 0.6845703125 0.048828125 0.087890625
1 0.8818359375 0.65625 0.017578125 0.01953125
1 0.734375 0.6591796875 0.02734375 0.025390625
1 0.83984375 0.662109375 0.01171875 0.03125
1 0.85546875 0.662109375 0.0078125 0.03125
1 0.7919921875 0.685546875 0.017578125 0.046875
1 0.822265625 0.673828125 0.01171875 0.0234375
1 0.7626953125 0.693359375 0.021484375 0.05078125
1 0.1064453125 0.7412109375 0.169921875 0.134765625
1 0.8916015625 0.68359375 0.005859375 0.01953125
1 0.904296875 0.6845703125 0.0078125 0.021484375
1 0.7333984375 0.70703125 0.025390625 0.0546875
1 0.8759765625 0.697265625 0.009765625 0.0234375
1 0.853515625 0.7021484375 0.01171875 0.021484375
1 0.8388671875 0.7099609375 0.009765625 0.025390625
1 0.82421875 0.7197265625 0.0078125 0.029296875
1 0.90234375 0.7177734375 0.00390625 0.017578125
1 0.5732421875 0.7275390625 0.025390625 0.025390625
1 0.7919921875 0.7333984375 0.017578125 0.037109375
1 0.8916015625 0.7236328125 0.005859375 0.017578125
1 0.4931640625 0.8095703125 0.123046875 0.158203125
1 0.6962890625 0.736328125 0.021484375 0.01953125
1 0.765625 0.74609375 0.0234375 0.0390625
1 0.8603515625 0.7431640625 0.009765625 0.029296875
1 0.87890625 0.73828125 0.0078125 0.0234375
1 0.6689453125 0.7490234375 0.013671875 0.017578125
1 0.734375 0.759765625 0.01953125 0.046875
1 0.841796875 0.75 0.0078125 0.02734375
1 0.5751953125 0.7900390625 0.021484375 0.095703125
1 0.6259765625 0.7783203125 0.052734375 0.072265625
1 0.9052734375 0.75390625 0.005859375 0.01953125
1 0.826171875 0.763671875 0.01171875 0.0234375
1 0.7001953125 0.779296875 0.029296875 0.05078125
1 0.89453125 0.7666015625 0.0078125 0.021484375
1 0.7939453125 0.7802734375 0.021484375 0.041015625
1 0.87890625 0.7783203125 0.0078125 0.029296875
1 0.6650390625 0.796875 0.029296875 0.05859375
1 0.859375 0.7841796875 0.015625 0.037109375
1 0.7646484375 0.7939453125 0.021484375 0.037109375
1 0.84375 0.7978515625 0.01171875 0.029296875
1 0.7373046875 0.81640625 0.021484375 0.04296875
1 0.82421875 0.8115234375 0.015625 0.044921875
1 0.8955078125 0.8017578125 0.005859375 0.025390625
1 0.1044921875 0.8759765625 0.173828125 0.130859375
1 0.794921875 0.83203125 0.01953125 0.04296875
1 0.8818359375 0.8203125 0.009765625 0.02734375
1 0.703125 0.837890625 0.02734375 0.0546875
1 0.8544921875 0.8359375 0.025390625 0.04296875
1 0.638671875 0.82421875 0.00390625 0.0234375
1 0.611328125 0.8603515625 0.03125 0.068359375
1 0.7685546875 0.8486328125 0.021484375 0.044921875
1 0.9052734375 0.8330078125 0.005859375 0.021484375
1 0.6669921875 0.8662109375 0.033203125 0.056640625
1 0.8955078125 0.84375 0.005859375 0.01953125
1 0.73828125 0.8740234375 0.02734375 0.056640625
1 0.828125 0.861328125 0.015625 0.04296875
1 0.8828125 0.857421875 0.0078125 0.0234375
1 0.552734375 0.888671875 0.06640625 0.0703125
1 0.640625 0.87890625 0.0078125 0.0546875
1 0.86328125 0.8671875 0.01171875 0.03125
1 0.7822265625 0.888671875 0.048828125 0.05859375
1 0.9091796875 0.8662109375 0.005859375 0.017578125
1 0.6875 0.8974609375 0.06640625 0.052734375
1 0.8466796875 0.8837890625 0.009765625 0.025390625
1 0.8779296875 0.8935546875 0.044921875 0.044921875
1 0.40625 0.904296875 0.125 0.05078125
1 0.4951171875 0.90234375 0.029296875 0.04296875
1 0.8310546875 0.90234375 0.013671875 0.03125
1 0.611328125 0.91015625 0.03125 0.02734375
1 0.7412109375 0.9111328125 0.021484375 0.025390625
1 0.8486328125 0.9189453125 0.005859375 0.009765625
