1 0.2001953125 0.099609375 0.107421875 0.19921875
1 0.3291015625 0.0888671875 0.115234375 0.177734375
1 0.4765625 0.078125 0.140625 0.15625
1 0.8359375 0.251953125 0.18359375 0.4765625
1 0.8369140625 0.0419921875 0.123046875 0.083984375
1 0.0810546875 0.0537109375 0.091796875 0.103515625
1 0.638671875 0.15234375 0.16015625 0.30078125
1 0.01171875 0.1494140625 0.0234375 0.267578125
1 0.087890625 0.23046875 0.1015625 0.359375
1 0.189453125 0.328125 0.0703125 0.30859375
1 0.6396484375 0.466796875 0.154296875 0.4609375
1 0.0205078125 0.4453125 0.037109375 0.30078125
1 0.275390625 0.537109375 0.13671875 0.453125
1 0.103515625 0.5517578125 0.11328125 0.380859375
1 0.828125 0.650390625 0.17578125 0.48828125
1 0.2294921875 0.697265625 0.115234375 0.40234375
1 0.498046875 0.7138671875 0.140625 0.322265625
1 0.029296875 0.748046875 0.05859375 0.3125
1 0.6611328125 0.7919921875 0.162109375 0.412109375
1 0.115234375 0.8310546875 0.109375 0.333984375
1 0.3623046875 0.8740234375 0.126953125 0.248046875
1 0.505859375 0.8955078125 0.140625 0.205078125
1 0.8408203125 0.896484375 0.177734375 0.19921875
1 0.2353515625 0.9072265625 0.111328125 0.181640625
1 0.029296875 0.93359375 0.05859375 0.12890625
1 0.6279296875 0.9716796875 0.052734375 0.052734375
