1 0.587890625 0.1748046875 0.2421875 0.279296875
1 0.8837890625 0.1943359375 0.228515625 0.318359375
1 0.1279296875 0.412109375 0.255859375 0.30078125
1 0.9501953125 0.396484375 0.095703125 0.23046875
1 0.779296875 0.4560546875 0.28515625 0.306640625
1 0.46875 0.513671875 0.296875 0.31640625
1 0.87890625 0.6025390625 0.23828125 0.251953125
1 0.6005859375 0.673828125 0.267578125 0.30078125
1 0.0966796875 0.65234375 0.193359375 0.2109375
1 0.7353515625 0.6142578125 0.001953125 0.001953125
1 0.36328125 0.8115234375 0.296875 0.306640625
1 0.009765625 0.8515625 0.01953125 0.23046875
1 0.9189453125 0.8544921875 0.158203125 0.224609375
1 0.71484375 0.8916015625 0.203125 0.212890625
1 0.4833984375 0.9443359375 0.208984375 0.107421875
