0 0.658203125 0.4833984375 0.1796875 0.111328125
0 0.0478515625 0.4697265625 0.052734375 0.056640625
0 0.8916015625 0.517578125 0.166015625 0.1015625
0 0.1220703125 0.5361328125 0.166015625 0.099609375
0 0.04296875 0.5654296875 0.08203125 0.068359375
0 0.50390625 0.5888671875 0.171875 0.095703125
0 0.2919921875 0.6162109375 0.166015625 0.091796875
0 0.7197265625 0.6181640625 0.173828125 0.091796875
0 0.0361328125 0.625 0.072265625 0.0546875
0 0.8720703125 0.6396484375 0.154296875 0.076171875
0 0.146484375 0.64453125 0.12890625 0.06640625
0 0.02734375 0.6748046875 0.0546875 0.033203125
0 0.3984375 0.7138671875 0.11328125 0.056640625
0 0.09375 0.7138671875 0.11328125 0.052734375
0 0.9775390625 0.7197265625 0.041015625 0.056640625
0 0.1787109375 0.716796875 0.021484375 0.04296875
0 0.861328125 0.732421875 0.13671875 0.0625
0 0.2705078125 0.7470703125 0.150390625 0.076171875
0 0.5087890625 0.7353515625 0.037109375 0.052734375
0 0.470703125 0.755859375 0.0859375 0.05859375
0 0.6240234375 0.7646484375 0.173828125 0.072265625
