0 0.744140625 0.076171875 0.05859375 0.15234375
0 0.9130859375 0.1064453125 0.048828125 0.193359375
0 0.544921875 0.232421875 0.0625 0.203125
0 0.802734375 0.275390625 0.0546875 0.2109375
0 0.9677734375 0.2744140625 0.044921875 0.095703125
0 0.8681640625 0.3125 0.044921875 0.140625
0 0.5048828125 0.3544921875 0.068359375 0.212890625
0 0.98046875 0.380859375 0.03515625 0.07421875
0 0.611328125 0.45703125 0.05859375 0.20703125
0 0.6865234375 0.4775390625 0.056640625 0.169921875
0 0.7626953125 0.451171875 0.048828125 0.109375
0 0.90625 0.4931640625 0.046875 0.177734375
0 0.9912109375 0.5244140625 0.013671875 0.154296875
0 0.5576171875 0.583984375 0.064453125 0.2109375
0 0.8134765625 0.625 0.052734375 0.1953125
0 0.841796875 0.650390625 0.02734375 0.15625
0 0.6728515625 0.6455078125 0.060546875 0.162109375
0 0.96875 0.6865234375 0.04296875 0.173828125
0 0.4990234375 0.7119140625 0.072265625 0.216796875
0 0.9892578125 0.72265625 0.017578125 0.1640625
0 0.759765625 0.8076171875 0.0546875 0.197265625
0 0.5859375 0.8271484375 0.0625 0.212890625
0 0.7939453125 0.826171875 0.025390625 0.15625
0 0.8388671875 0.8359375 0.048828125 0.18359375
0 0.6923828125 0.853515625 0.056640625 0.203125
0 0.4775390625 0.927734375 0.068359375 0.140625
0 0.99609375 0.9140625 0.00390625 0.08203125
0 0.6953125 0.9697265625 0.07421875 0.056640625
0 0.6220703125 0.9755859375 0.044921875 0.044921875
0 0.892578125 0.98046875 0.03125 0.03515625
0 0.935546875 0.986328125 0.02734375 0.0234375
