0 0.96484375 0.1357421875 0.06640625 0.177734375
0 0.857421875 0.1875 0.11328125 0.171875
0 0.5205078125 0.1484375 0.029296875 0.04296875
0 0.3359375 0.15625 0.04296875 0.04296875
0 0.28515625 0.1669921875 0.04296875 0.048828125
0 0.3203125 0.1923828125 0.02734375 0.044921875
0 0.3955078125 0.1904296875 0.029296875 0.041015625
0 0.431640625 0.2158203125 0.03515625 0.044921875
0 0.4755859375 0.2138671875 0.033203125 0.041015625
0 0.359375 0.2177734375 0.03125 0.041015625
0 0.2568359375 0.2158203125 0.025390625 0.029296875
0 0.2158203125 0.2353515625 0.037109375 0.064453125
0 0.2822265625 0.2275390625 0.029296875 0.044921875
0 0.509765625 0.2392578125 0.03515625 0.052734375
0 0.3994140625 0.2470703125 0.037109375 0.052734375
0 0.32421875 0.2529296875 0.0390625 0.052734375
0 0.2490234375 0.26171875 0.033203125 0.05078125
0 0.5478515625 0.267578125 0.037109375 0.05078125
0 0.943359375 0.3271484375 0.10546875 0.166015625
0 0.4365234375 0.2744140625 0.033203125 0.052734375
0 0.4736328125 0.2744140625 0.037109375 0.052734375
0 0.3642578125 0.2763671875 0.033203125 0.048828125
0 0.291015625 0.28515625 0.03515625 0.05078125
0 0.5107421875 0.30078125 0.033203125 0.05078125
0 0.21875 0.302734375 0.0390625 0.046875
0 0.3994140625 0.3046875 0.033203125 0.046875
0 0.330078125 0.3134765625 0.03515625 0.052734375
0 0.82421875 0.3740234375 0.1171875 0.166015625
0 0.259765625 0.3193359375 0.03515625 0.048828125
0 0.548828125 0.3291015625 0.0390625 0.052734375
0 0.3662109375 0.3349609375 0.033203125 0.056640625
0 0.435546875 0.3330078125 0.03125 0.052734375
0 0.4775390625 0.3330078125 0.037109375 0.052734375
0 0.2958984375 0.3427734375 0.029296875 0.048828125
0 0.224609375 0.3583984375 0.03125 0.048828125
0 0.5126953125 0.361328125 0.033203125 0.0546875
0 0.400390625 0.36328125 0.03515625 0.05078125
0 0.3310546875 0.3701171875 0.037109375 0.052734375
0 0.2607421875 0.375 0.033203125 0.046875
0 0.5498046875 0.3857421875 0.037109375 0.052734375
0 0.4345703125 0.392578125 0.037109375 0.0546875
0 0.4794921875 0.3916015625 0.033203125 0.048828125
0 0.3671875 0.3974609375 0.03515625 0.056640625
0 0.2939453125 0.3994140625 0.037109375 0.048828125
0 0.2275390625 0.423828125 0.044921875 0.06640625
0 0.5146484375 0.41796875 0.033203125 0.05078125
0 0.40234375 0.421875 0.03515625 0.046875
0 0.33203125 0.4267578125 0.03515625 0.052734375
0 0.2666015625 0.44140625 0.037109375 0.0546875
0 0.9921875 0.4677734375 0.01171875 0.087890625
0 0.5498046875 0.4443359375 0.037109375 0.056640625
0 0.482421875 0.4482421875 0.03125 0.052734375
0 0.9228515625 0.51171875 0.119140625 0.1796875
0 0.4404296875 0.4501953125 0.033203125 0.052734375
0 0.369140625 0.4560546875 0.03515625 0.052734375
0 0.30078125 0.4697265625 0.03515625 0.052734375
0 0.517578125 0.4775390625 0.03515625 0.052734375
0 0.40625 0.4833984375 0.03125 0.044921875
0 0.3388671875 0.4951171875 0.037109375 0.052734375
0 0.4833984375 0.50390625 0.029296875 0.05078125
0 0.2841796875 0.5224609375 0.068359375 0.076171875
0 0.44140625 0.5078125 0.03515625 0.046875
0 0.5390625 0.525390625 0.03515625 0.05078125
0 0.3857421875 0.5341796875 0.037109375 0.052734375
0 0.2275390625 0.5380859375 0.037109375 0.056640625
0 0.50390625 0.556640625 0.03125 0.05078125
0 0.462890625 0.55859375 0.03515625 0.05078125
0 0.4228515625 0.5615234375 0.029296875 0.048828125
0 0.26171875 0.5693359375 0.03515625 0.048828125
0 0.333984375 0.572265625 0.03515625 0.05078125
0 0.8115234375 0.6328125 0.103515625 0.15625
0 0.5361328125 0.5859375 0.033203125 0.046875
0 0.1572265625 0.6025390625 0.033203125 0.052734375
0 0.2255859375 0.59765625 0.033203125 0.04296875
0 0.2958984375 0.6025390625 0.033203125 0.048828125
0 0.3720703125 0.611328125 0.033203125 0.05078125
0 0.451171875 0.61328125 0.03515625 0.05078125
0 0.4931640625 0.6123046875 0.033203125 0.048828125
0 0.193359375 0.6298828125 0.03125 0.048828125
0 0.33203125 0.6328125 0.03515625 0.046875
0 0.2666015625 0.634765625 0.037109375 0.046875
0 0.5576171875 0.642578125 0.037109375 0.05078125
0 0.1376953125 0.6669921875 0.072265625 0.068359375
0 0.2294921875 0.6591796875 0.033203125 0.048828125
0 0.5205078125 0.66015625 0.033203125 0.05078125
0 0.3017578125 0.6640625 0.037109375 0.05078125
0 0.9111328125 0.7109375 0.099609375 0.140625
0 0.9873046875 0.705078125 0.021484375 0.12109375
0 0.47265625 0.6669921875 0.03515625 0.048828125
0 0.037109375 0.671875 0.0390625 0.046875
0 0.4326171875 0.671875 0.033203125 0.046875
0 0.388671875 0.6787109375 0.03125 0.048828125
0 0.349609375 0.68359375 0.03125 0.05078125
0 0.1923828125 0.689453125 0.033203125 0.05078125
0 0.2646484375 0.6923828125 0.033203125 0.044921875
0 0.0791015625 0.6982421875 0.037109375 0.052734375
0 0.544921875 0.7060546875 0.03515625 0.048828125
0 0.498046875 0.71484375 0.02734375 0.05078125
0 0.2275390625 0.720703125 0.033203125 0.05078125
0 0.1591796875 0.7216796875 0.037109375 0.048828125
0 0.4560546875 0.720703125 0.033203125 0.046875
0 0.416015625 0.724609375 0.03515625 0.046875
0 0.0400390625 0.73046875 0.037109375 0.05078125
0 0.373046875 0.73046875 0.03515625 0.0390625
0 0.3310546875 0.7353515625 0.033203125 0.044921875
0 0.2900390625 0.7412109375 0.033203125 0.044921875
0 0.1201171875 0.74609375 0.029296875 0.05078125
0 0.1953125 0.748046875 0.03125 0.046875
0 0.8125 0.802734375 0.10546875 0.140625
0 0.5625 0.755859375 0.03125 0.046875
0 0.0791015625 0.759765625 0.037109375 0.05078125
0 0.517578125 0.763671875 0.03125 0.046875
0 0.478515625 0.767578125 0.03515625 0.046875
0 0.4375 0.7734375 0.03125 0.046875
0 0.39453125 0.7763671875 0.03515625 0.048828125
0 0.1591796875 0.7802734375 0.037109375 0.048828125
0 0.3515625 0.7841796875 0.03125 0.044921875
0 0.04296875 0.7880859375 0.03515625 0.048828125
0 0.3134765625 0.787109375 0.029296875 0.04296875
0 0.2265625 0.791015625 0.03515625 0.05078125
0 0.271484375 0.7939453125 0.03515625 0.052734375
0 0.1005859375 0.8134765625 0.076171875 0.052734375
0 0.5419921875 0.8095703125 0.033203125 0.041015625
0 0.5 0.8154296875 0.03125 0.048828125
0 0.419921875 0.8212890625 0.03125 0.044921875
0 0.4619140625 0.8193359375 0.029296875 0.044921875
0 0.37890625 0.826171875 0.03515625 0.046875
0 0.197265625 0.83203125 0.03515625 0.05078125
0 0.9140625 0.876953125 0.10546875 0.140625
0 0.3349609375 0.8349609375 0.033203125 0.048828125
0 0.98828125 0.8720703125 0.01953125 0.123046875
0 0.2958984375 0.8359375 0.029296875 0.04296875
0 0.2548828125 0.841796875 0.033203125 0.04296875
0 0.1552734375 0.84375 0.033203125 0.046875
0 0.0400390625 0.8564453125 0.033203125 0.052734375
0 0.560546875 0.8564453125 0.03125 0.052734375
0 0.5224609375 0.865234375 0.033203125 0.046875
0 0.4443359375 0.87109375 0.033203125 0.05078125
0 0.482421875 0.8671875 0.03125 0.046875
0 0.404296875 0.873046875 0.03125 0.046875
0 0.123046875 0.8779296875 0.03125 0.048828125
0 0.0791015625 0.8798828125 0.037109375 0.052734375
0 0.365234375 0.87890625 0.03515625 0.046875
0 0.171875 0.9150390625 0.05859375 0.091796875
0 0.236328125 0.890625 0.03125 0.046875
0 0.2783203125 0.8896484375 0.029296875 0.044921875
0 0.3173828125 0.8896484375 0.029296875 0.044921875
0 0.544921875 0.912109375 0.02734375 0.04296875
0 0.5068359375 0.9150390625 0.033203125 0.048828125
0 0.041015625 0.9150390625 0.03515625 0.044921875
0 0.46484375 0.91796875 0.03515625 0.05078125
0 0.4169921875 0.9443359375 0.044921875 0.091796875
0 0.8193359375 0.9453125 0.103515625 0.09375
0 0.3447265625 0.92578125 0.033203125 0.05078125
0 0.3837890625 0.923828125 0.033203125 0.046875
0 0.2041015625 0.9365234375 0.033203125 0.056640625
0 0.1201171875 0.9365234375 0.037109375 0.048828125
0 0.078125 0.9375 0.03515625 0.046875
0 0.255859375 0.943359375 0.03515625 0.046875
0 0.298828125 0.9404296875 0.03515625 0.048828125
0 0.529296875 0.9609375 0.03125 0.046875
0 0.4873046875 0.9658203125 0.029296875 0.052734375
0 0.4453125 0.970703125 0.03515625 0.0546875
0 0.0400390625 0.970703125 0.033203125 0.046875
0 0.3271484375 0.9755859375 0.029296875 0.044921875
0 0.3671875 0.974609375 0.03515625 0.04296875
0 0.140625 0.98046875 0.04296875 0.03515625
0 0.181640625 0.9794921875 0.03125 0.033203125
0 0.2255859375 0.98046875 0.033203125 0.03515625
0 0.2802734375 0.982421875 0.033203125 0.03125
0 0.927734375 0.9814453125 0.078125 0.029296875
0 0.0810546875 0.984375 0.037109375 0.02734375
