0 0.8125 0.5712890625 0.08203125 0.068359375
0 0.5107421875 0.5927734375 0.052734375 0.048828125
0 0.2255859375 0.609375 0.044921875 0.046875
0 0.26953125 0.6083984375 0.05859375 0.044921875
0 0.38671875 0.6103515625 0.05859375 0.048828125
0 0.0244140625 0.623046875 0.041015625 0.0390625
0 0.591796875 0.6494140625 0.07421875 0.060546875
0 0.7177734375 0.658203125 0.072265625 0.05859375
0 0.1279296875 0.6533203125 0.052734375 0.044921875
0 0.03515625 0.669921875 0.04296875 0.03125
0 0.3701171875 0.693359375 0.041015625 0.0390625
0 0.0263671875 0.69921875 0.044921875 0.0390625
0 0.2998046875 0.7021484375 0.056640625 0.044921875
0 0.861328125 0.708984375 0.08203125 0.05859375
0 0.6162109375 0.72265625 0.068359375 0.0546875
0 0.533203125 0.734375 0.0546875 0.046875
0 0.4384765625 0.7392578125 0.056640625 0.044921875
0 0.21875 0.7431640625 0.0546875 0.044921875
0 0.1533203125 0.7451171875 0.048828125 0.037109375
0 0.75 0.771484375 0.078125 0.05859375
0 0.96875 0.775390625 0.05859375 0.0625
0 0.326171875 0.7724609375 0.046875 0.041015625
0 0.0966796875 0.779296875 0.041015625 0.03125
0 0.857421875 0.7802734375 0.0390625 0.041015625
0 0.916015625 0.7783203125 0.046875 0.037109375
0 0.4765625 0.7919921875 0.0546875 0.033203125
0 0.2529296875 0.794921875 0.044921875 0.02734375
0 0.544921875 0.8037109375 0.05859375 0.044921875
0 0.6162109375 0.8125 0.056640625 0.046875
0 0.037109375 0.8134765625 0.03515625 0.029296875
0 0.1640625 0.8193359375 0.05078125 0.041015625
0 0.6865234375 0.8251953125 0.060546875 0.044921875
0 0.2529296875 0.8359375 0.041015625 0.02734375
0 0.537109375 0.8349609375 0.03125 0.013671875
0 0.048828125 0.8486328125 0.03125 0.029296875
0 0.1728515625 0.857421875 0.048828125 0.03125
0 0.408203125 0.861328125 0.05078125 0.0390625
0 0.31640625 0.8779296875 0.05078125 0.041015625
0 0.1298828125 0.8837890625 0.025390625 0.021484375
0 0.9541015625 0.904296875 0.080078125 0.05859375
0 0.623046875 0.9091796875 0.06640625 0.052734375
0 0.748046875 0.9306640625 0.0625 0.052734375
0 0.109375 0.9326171875 0.03515625 0.025390625
0 0.40625 0.9404296875 0.046875 0.037109375
0 0.724609375 0.9482421875 0.0625 0.048828125
0 0.1669921875 0.9482421875 0.037109375 0.025390625
0 0.28125 0.9521484375 0.046875 0.033203125
0 0.345703125 0.9609375 0.04296875 0.03125
0 0.4794921875 0.970703125 0.056640625 0.0390625
0 0.5556640625 0.9716796875 0.056640625 0.041015625
0 0.8466796875 0.9755859375 0.072265625 0.044921875
0 0.6611328125 0.974609375 0.056640625 0.0390625
0 0.169921875 0.9814453125 0.03125 0.021484375
0 0.9677734375 0.986328125 0.056640625 0.01953125
