0 0.1669921875 0.29296875 0.052734375 0.0546875
0 0.275390625 0.3115234375 0.0546875 0.056640625
0 0.173828125 0.359375 0.0546875 0.05859375
0 0.263671875 0.3955078125 0.05078125 0.052734375
0 0.0224609375 0.4091796875 0.044921875 0.056640625
0 0.142578125 0.4140625 0.0546875 0.05859375
0 0.2060546875 0.4169921875 0.052734375 0.056640625
0 0.365234375 0.44921875 0.05078125 0.0546875
0 0.0341796875 0.451171875 0.052734375 0.04296875
0 0.1142578125 0.4697265625 0.052734375 0.056640625
0 0.2568359375 0.4697265625 0.056640625 0.052734375
0 0.1767578125 0.478515625 0.052734375 0.0546875
0 0.390625 0.505859375 0.046875 0.05859375
0 0.455078125 0.5107421875 0.0546875 0.056640625
0 0.01953125 0.513671875 0.0390625 0.05859375
0 0.2265625 0.5224609375 0.046875 0.056640625
0 0.2919921875 0.529296875 0.052734375 0.05859375
0 0.08203125 0.5263671875 0.05078125 0.052734375
0 0.1435546875 0.5322265625 0.052734375 0.052734375
0 0.509765625 0.5537109375 0.0546875 0.056640625
0 0.34765625 0.560546875 0.0546875 0.05859375
0 0.4248046875 0.564453125 0.052734375 0.0546875
0 0.0107421875 0.5673828125 0.017578125 0.037109375
0 0.052734375 0.58203125 0.046875 0.05078125
0 0.1796875 0.587890625 0.05078125 0.05078125
0 0.23828125 0.5986328125 0.05078125 0.056640625
0 0.0966796875 0.6025390625 0.052734375 0.052734375
0 0.4580078125 0.6201171875 0.056640625 0.052734375
0 0.5224609375 0.62890625 0.048828125 0.0546875
0 0.0205078125 0.630859375 0.037109375 0.0546875
0 0.29296875 0.6318359375 0.0546875 0.056640625
0 0.591796875 0.6328125 0.05859375 0.0546875
0 0.36328125 0.6337890625 0.0546875 0.052734375
0 0.1435546875 0.6474609375 0.048828125 0.052734375
0 0.06640625 0.6533203125 0.05078125 0.052734375
0 0.203125 0.65625 0.05078125 0.0546875
0 0.640625 0.673828125 0.046875 0.05078125
0 0.8544921875 0.6748046875 0.052734375 0.052734375
0 0.7822265625 0.6787109375 0.048828125 0.056640625
0 0.5634765625 0.6787109375 0.048828125 0.048828125
0 0.48046875 0.69140625 0.0546875 0.0546875
0 0.107421875 0.7060546875 0.046875 0.056640625
0 0.2373046875 0.7021484375 0.052734375 0.056640625
0 0.3125 0.705078125 0.05078125 0.0546875
0 0.3857421875 0.7060546875 0.052734375 0.052734375
0 0.6787109375 0.7138671875 0.056640625 0.056640625
0 0.1435546875 0.73046875 0.052734375 0.0546875
0 0.8212890625 0.7314453125 0.052734375 0.056640625
0 0.8876953125 0.7314453125 0.052734375 0.052734375
0 0.0126953125 0.7353515625 0.021484375 0.052734375
0 0.955078125 0.736328125 0.0546875 0.0546875
0 0.58984375 0.74609375 0.0546875 0.0546875
0 0.513671875 0.7470703125 0.05078125 0.052734375
0 0.7275390625 0.748046875 0.048828125 0.0546875
0 0.658203125 0.751953125 0.0546875 0.05078125
0 0.2001953125 0.759765625 0.052734375 0.05078125
0 0.2666015625 0.7685546875 0.052734375 0.052734375
0 0.3388671875 0.76953125 0.052734375 0.0546875
0 0.41015625 0.775390625 0.0546875 0.0546875
0 0.0439453125 0.787109375 0.052734375 0.05859375
0 0.986328125 0.7900390625 0.0234375 0.052734375
0 0.103515625 0.794921875 0.05078125 0.05859375
0 0.8466796875 0.7958984375 0.052734375 0.056640625
0 0.7734375 0.796875 0.05859375 0.046875
0 0.9033203125 0.8125 0.056640625 0.05859375
0 0.62890625 0.8115234375 0.05078125 0.056640625
0 0.6884765625 0.8154296875 0.052734375 0.052734375
0 0.5361328125 0.822265625 0.052734375 0.0546875
0 0.15234375 0.8349609375 0.0546875 0.060546875
0 0.21875 0.83203125 0.05078125 0.0546875
0 0.2783203125 0.845703125 0.056640625 0.0546875
0 0.3515625 0.8544921875 0.0546875 0.056640625
0 0.05859375 0.8623046875 0.0546875 0.056640625
0 0.0166015625 0.8681640625 0.029296875 0.052734375
0 0.4189453125 0.873046875 0.052734375 0.05859375
0 0.9873046875 0.888671875 0.021484375 0.0546875
0 0.7763671875 0.8955078125 0.056640625 0.060546875
0 0.1044921875 0.9111328125 0.052734375 0.060546875
0 0.169921875 0.908203125 0.046875 0.0546875
0 0.2373046875 0.9130859375 0.052734375 0.056640625
0 0.3056640625 0.91796875 0.048828125 0.05859375
0 0.376953125 0.9208984375 0.0546875 0.056640625
0 0.8369140625 0.921875 0.056640625 0.05859375
0 0.5478515625 0.9228515625 0.056640625 0.052734375
0 0.462890625 0.9365234375 0.0546875 0.056640625
0 0.66796875 0.94140625 0.0546875 0.0625
0 0.6064453125 0.94140625 0.048828125 0.0546875
0 0.8935546875 0.943359375 0.056640625 0.05859375
