0 0.8369140625 0.1796875 0.083984375 0.171875
0 0.9296875 0.1865234375 0.078125 0.169921875
0 0.7294921875 0.2255859375 0.087890625 0.169921875
0 0.5146484375 0.2431640625 0.095703125 0.197265625
0 0.3740234375 0.2822265625 0.091796875 0.193359375
0 0.8671875 0.353515625 0.078125 0.17578125
0 0.9599609375 0.3583984375 0.076171875 0.173828125
0 0.248046875 0.3935546875 0.10546875 0.189453125
0 0.7724609375 0.388671875 0.091796875 0.1796875
0 0.6640625 0.3935546875 0.08984375 0.189453125
0 0.5625 0.41796875 0.09375 0.1796875
0 0.4501953125 0.4453125 0.091796875 0.171875
0 0.341796875 0.501953125 0.10546875 0.18359375
0 0.9462890625 0.537109375 0.083984375 0.1640625
0 0.8525390625 0.54296875 0.091796875 0.1640625
0 0.740234375 0.576171875 0.09375 0.171875
0 0.634765625 0.5888671875 0.09375 0.173828125
0 0.2216796875 0.5986328125 0.103515625 0.181640625
0 0.533203125 0.6162109375 0.09375 0.169921875
0 0.4287109375 0.6396484375 0.095703125 0.197265625
0 0.9873046875 0.6416015625 0.021484375 0.138671875
0 0.3193359375 0.701171875 0.099609375 0.18359375
0 0.88671875 0.7001953125 0.08203125 0.154296875
0 0.7880859375 0.724609375 0.080078125 0.16796875
0 0.6826171875 0.74609375 0.083984375 0.16796875
0 0.591796875 0.7783203125 0.0859375 0.169921875
0 0.4873046875 0.8046875 0.095703125 0.171875
0 0.2177734375 0.806640625 0.080078125 0.16015625
0 0.986328125 0.8193359375 0.0234375 0.130859375
0 0.9248046875 0.8408203125 0.072265625 0.158203125
0 0.833984375 0.876953125 0.08203125 0.16796875
0 0.3388671875 0.8896484375 0.099609375 0.185546875
0 0.7353515625 0.904296875 0.083984375 0.16796875
0 0.63671875 0.919921875 0.078125 0.15625
0 0.544921875 0.935546875 0.09375 0.12109375
0 0.96875 0.951171875 0.05859375 0.09375
0 0.4384765625 0.94921875 0.091796875 0.0859375
0 0.24609375 0.9560546875 0.109375 0.080078125
0 0.89453125 0.96875 0.0703125 0.05859375
0 0.798828125 0.982421875 0.05859375 0.03125
