0 0.755859375 0.5078125 0.09375 0.296875
0 0.8427734375 0.4755859375 0.025390625 0.080078125
0 0.650390625 0.6181640625 0.0703125 0.208984375
0 0.8798828125 0.5771484375 0.021484375 0.087890625
0 0.541015625 0.595703125 0.0390625 0.1015625
0 0.3818359375 0.580078125 0.025390625 0.0546875
0 0.8505859375 0.6044921875 0.025390625 0.076171875
0 0.3427734375 0.599609375 0.029296875 0.0625
0 0.41015625 0.662109375 0.0234375 0.05859375
0 0.3701171875 0.6796875 0.025390625 0.05859375
0 0.5712890625 0.705078125 0.037109375 0.1015625
0 0.3291015625 0.7021484375 0.029296875 0.060546875
0 0.515625 0.73828125 0.04296875 0.11328125
0 0.447265625 0.759765625 0.0234375 0.0546875
0 0.408203125 0.7841796875 0.0234375 0.060546875
0 0.3671875 0.810546875 0.02734375 0.0625
0 0.326171875 0.8466796875 0.03125 0.068359375
0 0.279296875 0.875 0.03125 0.0703125
