0 0.578125 0.140625 0.17578125 0.28125
0 0.8447265625 0.0927734375 0.126953125 0.185546875
0 0.978515625 0.0458984375 0.0390625 0.091796875
0 0.333984375 0.2177734375 0.23046875 0.400390625
0 0.9443359375 0.2724609375 0.107421875 0.298828125
0 0.751953125 0.3505859375 0.1484375 0.326171875
0 0.533203125 0.4873046875 0.1796875 0.361328125
0 0.990234375 0.5078125 0.015625 0.171875
0 0.845703125 0.5810546875 0.1171875 0.306640625
0 0.3583984375 0.810546875 0.220703125 0.375
0 0.748046875 0.81640625 0.14453125 0.34765625
0 0.990234375 0.927734375 0.015625 0.08984375
0 0.5771484375 0.9453125 0.154296875 0.10546875
