1 0.6728515625 0.2001953125 0.029296875 0.248046875
1 0.7568359375 0.23828125 0.048828125 0.26953125
1 0.236328125 0.255859375 0.08984375 0.23828125
1 0.83984375 0.3291015625 0.03515625 0.169921875
1 0.9130859375 0.384765625 0.033203125 0.12890625
1 0.1552734375 0.53125 0.013671875 0.0390625
1 0.1923828125 0.5625 0.021484375 0.046875
1 0.13671875 0.5537109375 0.0078125 0.009765625
1 0.12890625 0.572265625 0.0078125 0.01953125
1 0.2412109375 0.609375 0.025390625 0.05859375
1 0.126953125 0.607421875 0.01171875 0.015625
1 0.171875 0.626953125 0.015625 0.0390625
1 0.1982421875 0.6708984375 0.017578125 0.048828125
1 0.2529296875 0.7314453125 0.041015625 0.123046875
1 0.181640625 0.7578125 0.0234375 0.07421875
1 0.8115234375 0.869140625 0.138671875 0.25390625
1 0.3056640625 0.7861328125 0.021484375 0.052734375
1 0.2275390625 0.802734375 0.009765625 0.015625
1 0.34375 0.8671875 0.03125 0.10546875
1 0.220703125 0.83203125 0.01171875 0.02734375
1 0.2587890625 0.85546875 0.025390625 0.0703125
