1 0.1708984375 0.068359375 0.169921875 0.13671875
1 0.5478515625 0.064453125 0.181640625 0.12890625
1 0.75390625 0.095703125 0.1953125 0.19140625
1 0.9375 0.01953125 0.12109375 0.0390625
1 0.3828125 0.154296875 0.17578125 0.24609375
1 0.0546875 0.1826171875 0.109375 0.236328125
1 0.9326171875 0.2109375 0.130859375 0.27734375
1 0.583984375 0.283203125 0.18359375 0.25390625
1 0.2216796875 0.2734375 0.162109375 0.23046875
1 0.787109375 0.365234375 0.1875 0.24609375
1 0.427734375 0.4541015625 0.171875 0.224609375
1 0.9404296875 0.4716796875 0.115234375 0.228515625
1 0.080078125 0.4736328125 0.16015625 0.224609375
1 0.259765625 0.55078125 0.1640625 0.22265625
1 0.619140625 0.5576171875 0.1796875 0.236328125
1 0.814453125 0.642578125 0.18359375 0.2265625
1 0.0166015625 0.650390625 0.033203125 0.1484375
1 0.46484375 0.7021484375 0.17578125 0.205078125
1 0.955078125 0.7177734375 0.0859375 0.216796875
1 0.1240234375 0.720703125 0.166015625 0.2109375
1 0.6591796875 0.798828125 0.177734375 0.2109375
1 0.30078125 0.7998046875 0.1640625 0.205078125
1 0.83984375 0.8671875 0.17578125 0.203125
1 0.048828125 0.8837890625 0.09765625 0.193359375
1 0.509765625 0.9140625 0.16015625 0.16796875
1 0.1875 0.9404296875 0.15625 0.115234375
1 0.966796875 0.94921875 0.0625 0.09765625
1 0.6884765625 0.95703125 0.154296875 0.08203125
1 0.353515625 0.96875 0.12890625 0.05859375
