0 0.1572265625 0.3505859375 0.064453125 0.048828125
0 0.3037109375 0.4384765625 0.072265625 0.052734375
0 0.4931640625 0.435546875 0.064453125 0.046875
0 0.19921875 0.4482421875 0.0703125 0.052734375
0 0.0986328125 0.4521484375 0.064453125 0.044921875
0 0.01953125 0.4677734375 0.0390625 0.044921875
0 0.5712890625 0.5029296875 0.068359375 0.048828125
0 0.3779296875 0.5126953125 0.072265625 0.052734375
0 0.3203125 0.5126953125 0.03515625 0.041015625
0 0.25 0.5146484375 0.0625 0.041015625
0 0.4521484375 0.5224609375 0.041015625 0.041015625
0 0.1328125 0.5244140625 0.05859375 0.037109375
0 0.7314453125 0.5263671875 0.037109375 0.037109375
0 0.0244140625 0.5537109375 0.048828125 0.041015625
0 0.517578125 0.55859375 0.06640625 0.03515625
0 0.662109375 0.5771484375 0.07421875 0.044921875
0 0.091796875 0.57421875 0.05078125 0.03515625
0 0.513671875 0.6005859375 0.0546875 0.029296875
0 0.44140625 0.6083984375 0.04296875 0.025390625
0 0.1689453125 0.6376953125 0.064453125 0.037109375
0 0.3701171875 0.646484375 0.056640625 0.03125
0 0.56640625 0.6474609375 0.02734375 0.029296875
0 0.4228515625 0.65625 0.021484375 0.0234375
0 0.681640625 0.6552734375 0.01953125 0.025390625
0 0.32421875 0.6650390625 0.0390625 0.021484375
0 0.4697265625 0.7197265625 0.052734375 0.029296875
0 0.01953125 0.7216796875 0.0390625 0.025390625
0 0.9306640625 0.734375 0.083984375 0.04296875
0 0.09375 0.7578125 0.05859375 0.02734375
0 0.15625 0.75390625 0.01953125 0.01953125
0 0.6162109375 0.783203125 0.076171875 0.03515625
0 0.4306640625 0.783203125 0.044921875 0.02734375
0 0.3427734375 0.7841796875 0.044921875 0.021484375
0 0.048828125 0.7919921875 0.0390625 0.021484375
0 0.212890625 0.8212890625 0.06640625 0.037109375
0 0.306640625 0.8173828125 0.02734375 0.013671875
0 0.4013671875 0.82421875 0.037109375 0.01953125
0 0.82421875 0.8427734375 0.08203125 0.033203125
0 0.65625 0.86328125 0.05078125 0.0234375
0 0.0810546875 0.86328125 0.033203125 0.01953125
0 0.4990234375 0.8759765625 0.044921875 0.021484375
0 0.2451171875 0.8818359375 0.025390625 0.013671875
0 0.8828125 0.890625 0.05859375 0.02734375
0 0.791015625 0.9111328125 0.06640625 0.029296875
0 0.970703125 0.9306640625 0.0546875 0.029296875
0 0.45703125 0.94140625 0.05078125 0.0234375
0 0.6806640625 0.9443359375 0.025390625 0.017578125
