0 0.60546875 0.1904296875 0.09765625 0.333984375
0 0.923828125 0.1904296875 0.0859375 0.306640625
0 0.4951171875 0.1982421875 0.099609375 0.314453125
0 0.716796875 0.1962890625 0.09375 0.310546875
0 0.8203125 0.2001953125 0.08984375 0.302734375
0 0.98828125 0.1826171875 0.01953125 0.236328125
0 0.6591796875 0.4873046875 0.095703125 0.314453125
0 0.7734375 0.494140625 0.0859375 0.32421875
0 0.439453125 0.509765625 0.1015625 0.33203125
0 0.9638671875 0.4970703125 0.068359375 0.306640625
0 0.8720703125 0.5048828125 0.083984375 0.298828125
0 0.55078125 0.5166015625 0.08984375 0.318359375
0 0.6142578125 0.7958984375 0.095703125 0.322265625
0 0.720703125 0.7939453125 0.0859375 0.310546875
0 0.8251953125 0.794921875 0.091796875 0.30078125
0 0.9248046875 0.802734375 0.087890625 0.28125
0 0.49609375 0.8203125 0.09765625 0.3125
0 0.990234375 0.79296875 0.015625 0.2265625
0 0.9951171875 0.919921875 0.001953125 0.0
0 0.8798828125 0.9638671875 0.064453125 0.052734375
0 0.775390625 0.9638671875 0.0625 0.048828125
0 0.5693359375 0.9677734375 0.044921875 0.048828125
0 0.6689453125 0.966796875 0.056640625 0.046875
0 0.97265625 0.96875 0.05078125 0.046875
0 0.4375 0.974609375 0.046875 0.03125
