1 0.7294921875 0.1982421875 0.177734375 0.318359375
1 0.8984375 0.1904296875 0.15625 0.287109375
1 0.583984375 0.458984375 0.15625 0.29296875
1 0.912109375 0.439453125 0.140625 0.23828125
1 0.1904296875 0.4970703125 0.208984375 0.330078125
1 0.41015625 0.486328125 0.19140625 0.31640625
1 0.748046875 0.4560546875 0.15234375 0.251953125
1 0.0751953125 0.7001953125 0.146484375 0.279296875
1 0.453125 0.7099609375 0.16796875 0.259765625
1 0.265625 0.7255859375 0.18359375 0.275390625
1 0.966796875 0.72265625 0.05859375 0.2421875
1 0.859375 0.736328125 0.15625 0.2734375
1 0.6669921875 0.744140625 0.173828125 0.28515625
1 0.3408203125 0.9033203125 0.166015625 0.185546875
1 0.5556640625 0.9248046875 0.166015625 0.146484375
1 0.744140625 0.931640625 0.16015625 0.1328125
1 0.9267578125 0.9365234375 0.142578125 0.123046875
1 0.185546875 0.9716796875 0.14453125 0.052734375
