2 0.05651212 0.37349927 0.11302424 0.20356375
2 0.04880242 0.3331026 0.09760484 0.17727351
2 0.18924932 0.3731111 0.15407678 0.20714146
2 0.24329266 0.37083367 0.17278838 0.2025348
2 0.36861303 0.26485267 0.19593984 0.17081028
2 0.43331167 0.22165097 0.19962043 0.21078631
2 0.089805104 0.2673679 0.09208448 0.1412357
2 0.20151585 0.19124967 0.15787113 0.16040707
2 0.1871462 0.088210404 0.178404 0.09627369
2 0.14891405 0.04185318 0.18185827 0.08370636
2 0.12739927 0.021411197 0.16108337 0.042822395
2 0.04737071 0.13134575 0.09474142 0.10232654
