2 0.49584177 0.3965174 0.008316457 0.20696521
2 0.36353347 0.27700567 0.27293307 0.44598866
2 0.1689284 0.18727657 0.3378568 0.37455314
2 0.1906843 0.14446132 0.3813686 0.28892264
2 0.36307195 0.17563286 0.2738561 0.35126573
2 0.48865524 0.21051362 0.022689521 0.30744457
2 0.4877897 0.30924466 0.024420619 0.34450525
2 0.38032493 0.11288851 0.23935014 0.22577702
2 0.20666087 0.09672229 0.41332173 0.19344458
2 0.25 0.072343625 0.5 0.14468725
2 0.24742976 0.39417326 0.20434873 0.1745742
2 0.7000244 0.38216588 0.085683465 0.09066826
2 0.6867584 0.39132935 0.10812116 0.07234132
2 0.5351789 0.25426647 0.06035769 0.0733615
2 0.64060354 0.390818 0.060686827 0.07336402
2 0.596593 0.33812353 0.18318605 0.050325036
2 0.37250233 0.81127393 0.14240324 0.15426135
2 0.35943738 0.79964495 0.15763575 0.10763979
2 0.35546702 0.82541585 0.17055392 0.09579098
2 0.3502924 0.85694015 0.14607579 0.10505366
2 0.3161969 0.8528367 0.11977047 0.06343174
2 0.29664874 0.87333643 0.098780945 0.06428754
2 0.2940175 0.8950597 0.08549017 0.078529
2 0.27236205 0.8873199 0.08049089 0.04347956
2 0.25975013 0.9084734 0.058404088 0.057215095
2 0.511103 0.84555006 0.022205949 0.082181215
2 0.6476129 0.61741936 0.19787276 0.10941088
2 0.6374141 0.6326481 0.1925013 0.13096952
2 0.59167516 0.6978608 0.18205464 0.14031589
2 0.59261954 0.7253009 0.1713059 0.123084545
2 0.59204483 0.7411746 0.16085076 0.11985254
2 0.5982413 0.758381 0.1676898 0.13364053
2 0.60087645 0.79358983 0.1630925 0.124037266
2 0.58867687 0.8339996 0.14971876 0.10525203
