2 0.3437883 0.06862275 0.077757835 0.100777626
2 0.22103344 0.050064877 0.076693445 0.0986096
2 0.07041727 0.035510477 0.072169244 0.07102095
2 0.97802216 0.444771 0.043955684 0.07806796
2 0.835387 0.16541408 0.18250787 0.11419374
2 0.7802488 0.20516475 0.20399201 0.18329403
2 0.7880219 0.22985688 0.19117343 0.1679997
2 0.7738201 0.24478537 0.17523849 0.14838885
2 0.77053994 0.28180015 0.16592205 0.13957632
2 0.7683004 0.30516157 0.1674521 0.13710576
2 0.76742446 0.32446626 0.15452743 0.12432712
2 0.7767277 0.350756 0.16309917 0.1366632
2 0.6202817 0.26479113 0.16171062 0.14597404
2 0.60519195 0.20846353 0.16854739 0.14870998
2 0.6043566 0.1699881 0.18559468 0.16861618
2 0.5970082 0.13790089 0.19401646 0.17452776
2 0.5963118 0.1166666 0.19262362 0.14966798
2 0.6062793 0.10741326 0.1848495 0.12793607
2 0.5190184 0.21345454 0.038036853 0.10357839
2 0.5150876 0.261669 0.030175209 0.07529895
2 0.51692533 0.22937828 0.0338507 0.07802619
2 0.89742535 0.36095697 0.08120656 0.07227826
2 0.8797463 0.3617311 0.08015847 0.067334235
2 0.25 0.67761207 0.5 0.35522413
2 0.25 0.6367965 0.5 0.27359295
2 0.25 0.5058997 0.5 0.011799455
2 0.25 0.8763167 0.5 0.24736655
2 0.25 0.8524337 0.5 0.29513264
2 0.25 0.91171 0.5 0.17657995
2 0.25 0.94873905 0.5 0.1025219
2 0.93536174 0.6115904 0.12927651 0.22318077
2 0.9190196 0.5867482 0.16196084 0.14874077
2 0.907897 0.62655056 0.18420601 0.12881482
2 0.91072434 0.67700666 0.17855132 0.1505611
2 0.8756039 0.66400266 0.17648947 0.08416259
2 0.8412822 0.69398516 0.142699 0.08966148
2 0.83246136 0.72958964 0.11965144 0.11759853
2 0.8012521 0.7123159 0.1169548 0.057956576
2 0.77702904 0.7450567 0.07978058 0.086256385
