2 0.27224195 0.4356475 0.5444839 0.4382764
2 0.43512574 0.26723632 0.5802768 0.20484161
2 0.26675043 0.54389364 0.53350085 0.47854388
2 0.2752401 0.6388735 0.5504802 0.49066448
2 0.27423012 0.70296973 0.54846025 0.42114854
2 0.32634372 0.7504688 0.54344916 0.3049575
2 0.5327071 0.6518321 0.6146729 0.4466864
2 0.7961026 0.63968515 0.30636346 0.3716936
2 0.43042147 0.42763937 0.5191343 0.23782861
2 0.85358536 0.25029296 0.15589201 0.12756695
2 0.873603 0.32803956 0.15110636 0.26579785
2 0.45378345 0.5026845 0.5318383 0.30771756
2 0.50774443 0.55069757 0.5749049 0.39152372
2 0.7804156 0.5539746 0.3358395 0.34610486
2 0.8519801 0.2855737 0.1765418 0.19835973
