2 0.91032934 0.201204 0.17934132 0.120701194
2 0.9088656 0.2778358 0.18226886 0.11196226
2 0.72885495 0.20621337 0.20050836 0.09526548
2 0.9566272 0.57990706 0.08674562 0.15747285
2 0.9356317 0.4037318 0.12873662 0.12889796
2 0.94740176 0.6599204 0.105196476 0.19953811
2 0.8469866 0.7067422 0.21180904 0.17671931
2 0.8951464 0.80859214 0.20970714 0.19614577
2 0.65017503 0.6879789 0.28577244 0.19691539
2 0.5212943 0.7490692 0.25160146 0.18223548
2 0.5283706 0.68709403 0.25177792 0.19051373
2 0.79167664 0.7989832 0.2794572 0.16180277
2 0.62842405 0.77809656 0.25670302 0.15480971
2 0.32817402 0.21582231 0.1742471 0.10068895
2 0.7976015 0.4822191 0.27491033 0.14766443
2 0.8800166 0.46270925 0.23996675 0.13690078
2 0.547957 0.43870723 0.22789037 0.122769356
2 0.4330768 0.38286188 0.19116083 0.10013944
2 0.85540736 0.32466385 0.2369535 0.11443657
2 0.614986 0.27552503 0.18952 0.089856446
2 0.81536967 0.14202043 0.20197928 0.10203653
2 0.15183324 0.21936044 0.16794032 0.10539842
2 0.038911987 0.27066648 0.077823974 0.12708706
2 0.075268336 0.34766906 0.15053667 0.12614
2 0.07732486 0.31522462 0.15464972 0.11781186
2 0.046274185 0.430344 0.09254837 0.20278525
2 0.061564732 0.35506505 0.123129465 0.11013967
2 0.1542545 0.15884778 0.17219925 0.10954535
2 0.16701387 0.70257187 0.17788538 0.16600204
2 0.2958993 0.6449449 0.2349208 0.19273937
2 0.29683536 0.6173024 0.2167607 0.16344535
2 0.32348007 0.5589997 0.21680248 0.16557112
2 0.18833485 0.5528456 0.20805387 0.15142605
2 0.33872336 0.3950878 0.21027929 0.13587236
2 0.24224198 0.33472547 0.19465703 0.10685921
2 0.33026683 0.13885619 0.1805399 0.10432488
2 0.52248186 0.103078246 0.1991576 0.10302985
2 0.53873914 0.3054391 0.20071685 0.100295484
2 0.34677178 0.24814995 0.19961065 0.11067149
2 0.4210235 0.55953014 0.22156897 0.15445483
2 0.21167378 0.47393638 0.19075856 0.13526261
2 0.3247187 0.101392895 0.16375959 0.094740875
2 0.422449 0.16792412 0.18912315 0.102238655
2 0.625649 0.19498277 0.21008098 0.11202334
2 0.7212309 0.14680836 0.21936333 0.11272755
