2 0.3002444 0.35293853 0.11331941 0.04822415
2 0.12737358 0.34342673 0.06358719 0.041397274
2 0.13980478 0.3392604 0.066520184 0.05140549
2 0.15426376 0.33748698 0.06255156 0.05650729
2 0.16563095 0.3346093 0.057878077 0.06334025
2 0.17694831 0.33217734 0.056757063 0.06952089
2 0.19124079 0.32781708 0.04621753 0.07267004
2 0.21352284 0.3261033 0.061762094 0.06564933
2 0.22934061 0.31219003 0.066435814 0.0668478
2 0.24237595 0.30262613 0.06816223 0.06607604
2 0.25738174 0.2836753 0.053925738 0.084783316
2 0.2691556 0.28127325 0.054940283 0.08574961
2 0.3006402 0.3000959 0.082591414 0.049158573
2 0.32789114 0.24162695 0.054738224 0.08394419
2 0.2841377 0.18439732 0.0977124 0.05461833
2 0.27834257 0.17450555 0.08452572 0.042146325
2 0.38292143 0.25158936 0.048279643 0.05849713
2 0.37889883 0.24226266 0.05854523 0.060999215
2 0.37437785 0.23334858 0.06960124 0.06260069
2 0.3724402 0.22189838 0.07569015 0.06031494
2 0.34688905 0.35554093 0.06409031 0.04589206
2 0.25786534 0.20125182 0.06340116 0.04790163
2 0.24796799 0.20332399 0.06957741 0.06259173
2 0.23488574 0.21334144 0.06938383 0.060794294
2 0.22169611 0.22017477 0.06837006 0.059835464
2 0.20703915 0.23190016 0.06563085 0.05965604
2 0.1708628 0.24266884 0.060245246 0.06019573
2 0.15271811 0.2731939 0.07608399 0.055871367
2 0.09026769 0.206315 0.055535376 0.037225336
2 0.14817268 0.18228717 0.08361259 0.04208651
2 0.08660108 0.18382663 0.048202157 0.041315585
2 0.57596827 0.39866343 0.15193656 0.14282912
2 0.83027077 0.36079332 0.3330977 0.1256808
2 0.85109866 0.31086805 0.2978027 0.14657146
2 0.88928336 0.12615964 0.22143328 0.25231928
2 0.5982249 0.2022669 0.19644976 0.21981764
2 0.58598053 0.15874755 0.17196107 0.23486286
2 0.65037304 0.25705633 0.30074608 0.24847873
2 0.5771115 0.35817325 0.15422297 0.13955969
2 0.114338785 0.7895775 0.06617758 0.090254664
2 0.27242756 0.7766218 0.07782608 0.095413804
2 0.34296378 0.8253721 0.042550683 0.07054591
2 0.9425663 0.77540946 0.11486751 0.16951632
2 0.8645905 0.83700824 0.27081895 0.21818352
2 0.60113966 0.7842231 0.20227933 0.15780282
2 0.7210047 0.7697458 0.2692269 0.16604829
2 0.53071535 0.7429888 0.061430693 0.11944711
2 0.93251973 0.58318055 0.13496053 0.14832413
2 0.8590363 0.6733357 0.28192735 0.17165017
2 0.9294696 0.51580185 0.14106083 0.031603724
2 0.93053824 0.54639316 0.13892353 0.09278631
2 0.598709 0.7262578 0.19215524 0.12633073
2 0.6095368 0.5382106 0.16848135 0.07642117
2 0.5360756 0.54696864 0.072151184 0.09393728
2 0.608964 0.5625148 0.18694234 0.11633265
2 0.5316899 0.57187164 0.063379765 0.09805536
2 0.5303866 0.61499053 0.060773253 0.09307945
2 0.7158538 0.6363005 0.24675274 0.12300277
2 0.8544507 0.5759896 0.2910986 0.124666095
