2 0.37447807 0.38964862 0.16413629 0.22070277
2 0.6222102 0.08636386 0.22368598 0.079323545
2 0.84607995 0.22334877 0.22933364 0.25100797
2 0.8698813 0.185929 0.23920143 0.2299719
2 0.8732796 0.16504122 0.22531581 0.18650678
2 0.871501 0.14185694 0.2147274 0.13985565
2 0.8791946 0.13189344 0.19934022 0.117078304
2 0.8718631 0.10482176 0.19997871 0.06493524
2 0.3285394 0.56747174 0.2712528 0.13494349
2 0.2445988 0.65489614 0.2877084 0.22115064
2 0.035493515 0.7603376 0.07098703 0.21332765
2 0.32477614 0.5408113 0.26645035 0.08162263
2 0.30780166 0.515161 0.2561937 0.030321956
2 0.23003918 0.53408396 0.22619833 0.068167955
2 0.030037696 0.6070662 0.06007539 0.12778139
2 0.03510174 0.6732054 0.07020348 0.1600101
2 0.019778432 0.5617465 0.039556865 0.123492986
2 0.21414788 0.5213379 0.22248289 0.042675853
2 0.18678138 0.5176549 0.23685245 0.03530982
2 0.031304967 0.5890839 0.06260993 0.17816782
2 0.833305 0.621025 0.32839 0.09455001
2 0.839345 0.595435 0.31631005 0.04337001
