2 0.021986805 0.40362903 0.04397361 0.19274193
2 0.07466433 0.3861818 0.14932866 0.2276364
2 0.13492528 0.36315167 0.26985055 0.27369666
2 0.19874808 0.3459243 0.34790462 0.30815142
2 0.31410536 0.33179033 0.37178928 0.32809377
2 0.71649694 0.016501663 0.2737962 0.033003327
2 0.70968235 0.048713554 0.27150798 0.09742711
2 0.69889545 0.081815146 0.26003563 0.16363029
2 0.90417063 0.09793706 0.19165874 0.19587412
2 0.98771185 0.12918043 0.024576306 0.18266928
2 0.9938867 0.08671622 0.012226582 0.17343244
2 0.91080606 0.07045711 0.17838788 0.14091422
2 0.9158879 0.04151242 0.16822422 0.08302484
2 0.9219649 0.01549618 0.15607023 0.03099236
2 0.05348154 0.7232103 0.016971834 0.29688656
2 0.09821264 0.7352994 0.10839151 0.4089495
2 0.13259454 0.7664064 0.17806974 0.41038275
2 0.3705886 0.5857101 0.2588228 0.17142022
2 0.38465673 0.6301315 0.23068655 0.26026297
2 0.37853366 0.6743777 0.21272844 0.34875536
2 0.38133633 0.75935715 0.17344296 0.33286262
2 0.738736 0.63125604 0.25633597 0.110005856
2 0.888111 0.64959306 0.15127802 0.11892998
2 0.92769897 0.6401762 0.07210207 0.10604048
2 0.923743 0.6238259 0.08001399 0.099102974
2 0.882667 0.60992485 0.162166 0.07734966
2 0.917307 0.5960499 0.09288597 0.049599886
2 0.910379 0.580689 0.106742024 0.018877983
2 0.72686 0.58614045 0.232584 0.029780865
2 0.725376 0.60199803 0.25534403 0.06149614
2 0.739232 0.6193417 0.25534403 0.0961833
