2 0.78557116 0.8319796 0.15903103 0.18331492
2 0.8523213 0.74599826 0.14859986 0.25754154
2 0.6043259 0.2864524 0.12333751 0.25361145
2 0.6490468 0.14055324 0.17731941 0.18873611
2 0.61537987 0.11375217 0.169469 0.20321813
2 0.5602092 0.08391602 0.1635549 0.16783205
2 0.4424917 0.15363154 0.0912866 0.21013963
2 0.28466123 0.29731324 0.13968164 0.15790343
2 0.23411663 0.21316864 0.16016617 0.1500664
2 0.62925667 0.7881982 0.15678144 0.20576227
2 0.61790186 0.6360134 0.19620085 0.15394962
2 0.5742473 0.55717045 0.21472073 0.17962268
2 0.5496664 0.5108741 0.1976986 0.15423751
2 0.57464075 0.34852868 0.1440072 0.21401852
2 0.4264306 0.43375129 0.11585528 0.21544895
2 0.45172155 0.76395375 0.14220834 0.14820075
2 0.40626898 0.81640714 0.14728624 0.14986265
2 0.38655514 0.8565364 0.12906808 0.13273954
2 0.364149 0.891741 0.13530266 0.11973715
2 0.28120404 0.8503156 0.11211686 0.17244887
2 0.26964605 0.7322579 0.14536715 0.12343383
2 0.242917 0.69219524 0.14308701 0.13160682
2 0.38836178 0.61045617 0.14000231 0.13426471
2 0.23728693 0.5240341 0.14013232 0.12911013
2 0.2713487 0.42085904 0.14874882 0.15650856
2 0.26919907 0.34335425 0.14009452 0.15302318
