2 0.19271427 0.13892859 0.050357163 0.0844286
2 0.06719642 0.13153571 0.07182144 0.0592143
2 0.13939285 0.09414285 0.045928568 0.07921429
2 0.14976785 0.087035716 0.045892864 0.08157143
2 0.70299995 0.34519643 0.10221434 0.05960715
2 0.6525893 0.33408928 0.11767864 0.08182144
2 0.63616073 0.31942856 0.08482146 0.111142874
2 0.60505354 0.3092143 0.022607088 0.13157141
2 0.39435786 0.9180455 0.10029036 0.083908916
2 0.25704837 0.9149204 0.098797485 0.09015918
2 0.084234536 0.9129981 0.09938693 0.094003916
2 0.031578604 0.86211103 0.035657205 0.07659674
2 0.862713 0.6680968 0.08134985 0.09816837
2 0.7378073 0.58605784 0.09181929 0.11234081
2 0.69086933 0.58749115 0.14307976 0.13950384
2 0.593654 0.5912497 0.16708362 0.17866135
