2 0.5469799 0.807132 0.18025935 0.385736
2 0.7353884 0.79623777 0.14871037 0.27960348
2 0.7339571 0.72779393 0.14616549 0.26584673
2 0.7293319 0.6464337 0.14536083 0.27799654
2 0.7203734 0.5687078 0.14756215 0.2640016
2 0.70514524 0.5000678 0.12889767 0.25496712
2 0.77827936 0.26603264 0.1064533 0.28636354
2 0.82433677 0.2559286 0.08886373 0.3090114
2 0.8702305 0.2701467 0.07919979 0.2965533
2 0.9047262 0.55249 0.0823009 0.20631301
2 0.8991637 0.49073446 0.09806788 0.21145904
2 0.90643805 0.38151127 0.10237706 0.21641791
2 0.91903716 0.2829265 0.09744966 0.21219635
2 0.92488897 0.22773032 0.0943346 0.21038362
