2 0.57447374 0.21138269 0.4441414 0.17039353
2 0.16608676 0.214778 0.33217353 0.16714157
2 0.09774759 0.759916 0.19549517 0.18297744
2 0.077223875 0.71004725 0.15444775 0.17759514
2 0.067252114 0.6635916 0.13450423 0.17065537
2 0.051288962 0.5977646 0.102577925 0.17425609
2 0.03970686 0.54529685 0.07941372 0.17307591
2 0.18377237 0.28263456 0.36754474 0.16068757
2 0.19835934 0.3317331 0.39671868 0.16833586
2 0.21840742 0.3904186 0.43059653 0.17209977
2 0.24411203 0.44560817 0.41654608 0.16537601
2 0.27553543 0.49767205 0.41594678 0.16949815
2 0.30816972 0.55330676 0.41832802 0.18177319
2 0.33645225 0.60578805 0.4223862 0.17811525
2 0.36517268 0.65917873 0.40251672 0.19201148
2 0.40174878 0.71025705 0.40749717 0.17770481
2 0.42858443 0.7667324 0.40485007 0.18447077
2 0.8369212 0.7658726 0.32615757 0.17788494
2 0.8239298 0.69347876 0.35214043 0.16315138
2 0.803167 0.6502498 0.39366603 0.16721833
2 0.7852371 0.5936412 0.42952585 0.17567682
2 0.7533637 0.5465426 0.44540334 0.16973785
2 0.72445947 0.4898007 0.4302467 0.16478443
2 0.69422084 0.43641993 0.42143762 0.15260142
2 0.66928506 0.38132977 0.42020738 0.15847844
2 0.6401255 0.3214795 0.42605364 0.15741539
2 0.60750633 0.26273403 0.42431343 0.14767551
