2 0.32484046 0.34142917 0.105793834 0.17064577
2 0.18564719 0.31000537 0.14072718 0.1515901
2 0.14432718 0.43228438 0.06365434 0.13874513
2 0.14850642 0.4644396 0.07201284 0.12984544
2 0.22130305 0.4597696 0.12421399 0.14092267
2 0.15711486 0.6426471 0.0892297 0.120153904
2 0.16323002 0.6141047 0.10146004 0.11188519
2 0.17958112 0.5814518 0.12207979 0.12433517
2 0.25709954 0.64106023 0.10363388 0.14795971
2 0.26369023 0.73861784 0.14055192 0.10685122
2 0.28858042 0.7745078 0.14057778 0.10598433
2 0.34828016 0.5238863 0.08922893 0.14778137
2 0.4440867 0.5242899 0.08699435 0.11085859
2 0.4786265 0.41065943 0.14465925 0.10544258
2 0.51741725 0.326129 0.14058635 0.11497319
2 0.82672274 0.39167768 0.11187172 0.14718199
2 0.8102127 0.62696934 0.13860714 0.13500476
2 0.6440527 0.55483764 0.1447339 0.11967921
2 0.6463031 0.59888244 0.13643003 0.108243704
2 0.503514 0.692936 0.1138421 0.12512696
2 0.5283611 0.722135 0.109737635 0.13059461
2 0.6602498 0.73109794 0.15502262 0.11921477
2 0.7425421 0.7030226 0.13852966 0.11670923
2 0.80485165 0.79588693 0.13440502 0.06322622
2 0.7491701 0.7814789 0.08095944 0.09204233
2 0.82717115 0.5126429 0.11565769 0.09684697
