2 0.3723833 0.40384063 0.2552334 0.19231874
2 0.34917578 0.35864 0.30164844 0.28272003
2 0.3220116 0.30309 0.35597682 0.39382
2 0.30085897 0.2233645 0.39101827 0.38040257
2 0.1595888 0.16378415 0.3191776 0.3275683
2 0.09688501 0.09170914 0.19377002 0.17740989
2 0.043904275 0.05252391 0.08780855 0.078647465
2 0.19554776 0.08653181 0.3910812 0.16463883
2 0.26574606 0.16302523 0.37914366 0.30757314
2 0.093941696 0.30762082 0.18788339 0.23071419
2 0.7123817 0.21193236 0.22548175 0.08519375
2 0.8386078 0.19190082 0.24230802 0.09512073
2 0.9845456 0.2063843 0.030908883 0.08979559
2 0.9203141 0.2220389 0.15937185 0.09756337
2 0.5303476 0.21297121 0.06069517 0.07732631
2 0.53043157 0.2741449 0.060863137 0.073597014
2 0.7228831 0.30507475 0.25213635 0.10609305
2 0.8581139 0.2734383 0.2670915 0.11179702
2 0.5389822 0.3594887 0.077964425 0.10020006
2 0.6092531 0.3844232 0.21850625 0.106001735
2 0.7320432 0.38219416 0.2590822 0.12022996
2 0.73078793 0.3412126 0.24965096 0.10936344
2 0.9304849 0.30443043 0.13903022 0.10346955
2 0.8695388 0.32652423 0.26092243 0.1031822
2 0.5407267 0.3017368 0.08145344 0.07905376
2 0.60418683 0.2982798 0.20837367 0.08952105
2 0.4254472 0.9848025 0.14910561 0.030395031
2 0.42847052 0.8984227 0.14305896 0.20315456
2 0.42758888 0.82630014 0.14482224 0.3473997
2 0.4193151 0.75 0.1613698 0.5
2 0.42529833 0.6617883 0.14940333 0.32357657
2 0.1622025 0.61746156 0.30366892 0.23492315
2 0.15977938 0.70304894 0.31955877 0.37590683
2 0.16852275 0.8181287 0.3370455 0.36374247
2 0.16036648 0.8721071 0.32073295 0.25578582
2 0.15072788 0.9097518 0.30145577 0.18049645
2 0.5219868 0.90362906 0.043973595 0.19274193
2 0.57466435 0.88618183 0.14932871 0.22763634
2 0.63492525 0.86315167 0.26985052 0.27369666
2 0.6987481 0.84592426 0.34790456 0.30815148
2 0.8141054 0.8317903 0.37178922 0.32809377
