2 0.77656627 0.58420825 0.25512123 0.24845648
2 0.5393677 0.5205509 0.22275233 0.21198776
2 0.3302099 0.47342926 0.18380767 0.18725237
2 0.16352291 0.43594885 0.1516014 0.16344264
2 0.16962993 0.3961645 0.14582837 0.15466523
2 0.17524162 0.36200178 0.15148956 0.1618585
2 0.17332911 0.32817277 0.15101737 0.1570242
2 0.17338103 0.29085878 0.14720601 0.15170062
2 0.17167187 0.25461742 0.14750087 0.15494114
2 0.78419995 0.5370525 0.2480526 0.24425435
2 0.79056937 0.4853322 0.24380171 0.2341013
2 0.796719 0.43602666 0.24116409 0.24167734
2 0.80357385 0.388201 0.23535836 0.2328951
2 0.801497 0.33771813 0.24975777 0.24453497
2 0.8086438 0.28668326 0.24365711 0.23251235
2 0.8125497 0.23452458 0.24579608 0.23756003
2 0.8188454 0.18361439 0.24198759 0.23226777
2 0.8246817 0.14698249 0.23472893 0.20751667
2 0.57789123 0.1521802 0.22995636 0.14490142
2 0.36381397 0.15894906 0.17811477 0.08811793
2 0.18248703 0.18154831 0.15204462 0.07636693
2 0.17867906 0.2051172 0.15291664 0.12251665
2 0.1764537 0.22052258 0.14721873 0.15184063
2 0.36466858 0.17706972 0.17981035 0.12485808
2 0.35522714 0.19829741 0.18513983 0.16532785
2 0.3370944 0.43433034 0.18010825 0.1835132
2 0.34541553 0.3886725 0.18492329 0.18105203
2 0.35046947 0.35140952 0.18489051 0.18104726
2 0.3485123 0.3088408 0.17893738 0.17064486
2 0.34420866 0.2737789 0.18166596 0.18217354
2 0.3492626 0.23651597 0.18474305 0.17942703
2 0.5714724 0.17693093 0.22930619 0.19242688
2 0.5681009 0.21398565 0.22676754 0.20144705
2 0.55737233 0.25841296 0.23105109 0.2116049
2 0.55136865 0.3061138 0.23028699 0.2035613
2 0.5511707 0.3450325 0.23046708 0.20518635
2 0.5580398 0.3884649 0.22935164 0.21138662
2 0.55073225 0.43239105 0.22169614 0.20073482
2 0.54515165 0.4752648 0.22612143 0.21245053
