2 0.2871844 0.04655784 0.42563123 0.09311568
2 0.27315742 0.109056436 0.45368516 0.21811287
2 0.26273626 0.15103807 0.47452748 0.30207613
2 0.25455093 0.2040146 0.47417867 0.3724025
2 0.21960059 0.32639572 0.41147286 0.29539192
2 0.42115244 0.34726685 0.15769511 0.2569396
2 0.436176 0.23014891 0.127648 0.30572212
2 0.4451582 0.15112491 0.10968357 0.30224982
2 0.4680924 0.10379404 0.06381518 0.20758808
2 0.69081223 0.2496311 0.16124439 0.0632533
2 0.60921055 0.2775422 0.13842118 0.07441777
2 0.5645528 0.25770223 0.049105525 0.06943999
2 0.88183445 0.23350668 0.15132439 0.07068445
2 0.87934554 0.17708 0.15630221 0.057031155
2 0.68834114 0.17149776 0.16369772 0.060799986
2 0.60858834 0.20808443 0.13717675 0.06947556
2 0.8632211 0.11071557 0.15875554 0.06325331
2 0.76400334 0.102057785 0.14634669 0.050844483
2 0.68587 0.11629776 0.15626669 0.057066634
2 0.68462557 0.14483112 0.15626669 0.057031155
2 0.5631483 0.19316886 0.046296716 0.058133304
2 0.6050861 0.1680489 0.13017225 0.052408874
2 0.8637011 0.15512447 0.16007113 0.05528888
2 0.7693189 0.16552442 0.15072 0.053120047
2 0.3239915 0.56924 0.18951702 0.12598002
2 0.32636392 0.5997227 0.1847722 0.18694532
2 0.33066973 0.6462303 0.17616057 0.25381362
2 0.33682254 0.7110354 0.1638549 0.23510993
2 0.38017327 0.86726665 0.077153444 0.18885887
2 0.35015014 0.7696398 0.1371997 0.2219398
2 0.2876957 0.87233853 0.26210856 0.17871511
2 0.3463606 0.93412596 0.10106093 0.04884219
2 0.24344167 0.8148471 0.16786587 0.19392979
2 0.17574209 0.6278968 0.18898417 0.10713506
2 0.14377713 0.81886774 0.12505427 0.18268192
2 0.8933625 0.8642678 0.21327496 0.27146435
2 0.88125825 0.8071461 0.2374835 0.31377053
2 0.86677814 0.7092552 0.26644373 0.3265623
2 0.85463274 0.64647996 0.29073453 0.29295993
2 0.68339944 0.6054932 0.36679888 0.21098638
2 0.638737 0.54374015 0.27747405 0.08748031
2 0.7869612 0.55608463 0.4260776 0.112169296
2 0.8398209 0.6127554 0.32035816 0.22551084
2 0.98038065 0.5269197 0.039238572 0.053839445
2 0.59774566 0.7174358 0.19549131 0.17859554
