2 0.3048281 0.31141403 0.29965627 0.30782807
2 0.6658516 0.21526565 0.35829687 0.115531296
2 0.32771873 0.7958516 0.3454375 0.093296885
2 0.51761717 0.71 0.5654532 0.2650001
2 0.77116406 0.69855475 0.14767194 0.28789055
2 0.74254686 0.6198515 0.20490623 0.35026565
2 0.5290625 0.6152734 0.5425625 0.3502655
2 0.3300078 0.645039 0.3500156 0.31820312
2 0.3321094 0.7122422 0.35421884 0.26051557
2 0.49180472 0.46774995 0.5363594 0.3789375
2 0.72029686 0.49422652 0.24940622 0.3538593
2 0.67014843 0.38625002 0.34970316 0.39425004
2 0.70079684 0.27710158 0.28840625 0.23920316
2 0.43311715 0.26317185 0.55623436 0.2113437
2 0.3181797 0.39946094 0.3263594 0.34545308
2 0.30146092 0.5137266 0.2929219 0.34270322
