2 0.8582002 0.53557086 0.08359957 0.104550004
2 0.86141723 0.59277153 0.077165484 0.099595785
2 0.85740304 0.65945345 0.08519387 0.11098468
2 0.8589973 0.7230889 0.08200538 0.096349955
2 0.86301154 0.7801757 0.073976874 0.11759031
2 0.86062014 0.8364083 0.07875979 0.111041665
2 0.86463434 0.8927264 0.0707314 0.104550004
2 0.6812545 0.7093369 0.22200716 0.1109848
2 0.690137 0.82601595 0.21392179 0.10312629
2 0.6844715 0.88711727 0.21557295 0.10939026
2 0.68205154 0.9346347 0.18499637 0.07573056
2 0.68529713 0.6498014 0.22041285 0.111041784
2 0.67402315 0.5387882 0.20105338 0.11098468
2 0.7946557 0.5082375 0.21068871 0.11423063
2 0.7938586 0.5734674 0.2122829 0.11565423
2 0.801887 0.6272799 0.196226 0.107795835
2 0.80350983 0.68681526 0.19298041 0.104550004
2 0.7962785 0.75121945 0.207443 0.11115551
2 0.8035098 0.8050604 0.19298053 0.10939026
2 0.8010899 0.86787015 0.1978203 0.11246526
2 0.79866993 0.92093956 0.2026602 0.103120804
2 0.80188704 0.9531132 0.19622588 0.038773537
2 0.5445427 0.523584 0.20913887 0.10312632
2 0.31772417 0.5291646 0.20589322 0.107795835
2 0.1472847 0.59832364 0.09956941 0.104550004
2 0.21879181 0.6724653 0.19786483 0.104550004
2 0.44640747 0.6571188 0.19621354 0.09640694
2 0.44720465 0.59672916 0.20429885 0.104550004
2 0.14890748 0.71503127 0.10281494 0.10278475
2 0.33059254 0.69894445 0.18983632 0.102841616
2 0.55820817 0.6892923 0.20105341 0.1059736
2 0.5638453 0.6264826 0.20595014 0.10939026
2 0.14327046 0.93380904 0.09154093 0.07738197
2 0.31852135 0.92979443 0.20748758 0.08541107
2 0.5477598 0.9257798 0.21238434 0.093440294
2 0.5646423 0.9539389 0.21073306 0.03712225
2 0.33460674 0.87663954 0.19786471 0.104606986
2 0.14005339 0.83159655 0.08510676 0.098115206
2 0.1416477 0.770609 0.08829537 0.104606986
2 0.2011121 0.7897708 0.17856231 0.104550004
2 0.32737547 0.81878406 0.18977939 0.10119033
2 0.2871762 0.7616972 0.24444133 0.10272765
2 0.44561034 0.71010554 0.18824196 0.09008598
2 0.554194 0.7559743 0.20270464 0.104606986
2 0.44803023 0.8307993 0.19627047 0.09652078
2 0.20914058 0.6160334 0.17537364 0.08849168
2 0.31462103 0.58704865 0.20287544 0.104550004
2 0.4431904 0.54767156 0.18659079 0.09652078
