2 0.11228147 0.13487566 0.20793325 0.18964696
2 0.18431206 0.21495625 0.36862412 0.31905597
2 0.2435509 0.31119183 0.4871018 0.37761635
2 0.25 0.34395528 0.5 0.31208944
2 0.8723833 0.40384063 0.2552334 0.19231874
2 0.8491758 0.35864 0.30164844 0.28272003
2 0.8220116 0.30309 0.35597682 0.39382
2 0.800859 0.2233645 0.39101827 0.38040257
2 0.6595888 0.16378415 0.31917763 0.3275683
2 0.596885 0.09170914 0.19377005 0.17740989
2 0.5439043 0.05252391 0.08780861 0.078647465
2 0.69554776 0.08653181 0.3910812 0.16463883
2 0.76574606 0.16302523 0.3791436 0.30757314
2 0.5939417 0.30762082 0.18788338 0.23071419
2 0.33268857 0.59058285 0.33462286 0.18116572
2 0.16129445 0.69051284 0.3225889 0.38102567
2 0.07957149 0.8054079 0.15914299 0.3439747
2 0.093706824 0.5531922 0.18741365 0.1063844
2 0.023606962 0.6628963 0.047213923 0.32579255
2 0.7326159 0.89809895 0.13925147 0.0463022
2 0.9430015 0.88224375 0.081496954 0.078012586
2 0.89080876 0.67927206 0.11652017 0.096855044
2 0.8959373 0.7016559 0.12066734 0.119702935
2 0.91844565 0.75835955 0.102368 0.13171029
2 0.8753586 0.64388925 0.11756325 0.027466655
2 0.80724835 0.6522214 0.23836291 0.055211782
2 0.81596243 0.6711748 0.24127269 0.0924927
2 0.8155997 0.6897333 0.24489069 0.1297971
2 0.84289205 0.7587532 0.25052774 0.1393174
2 0.67446077 0.6401019 0.27917647 0.04418218
2 0.6770074 0.6554361 0.3031485 0.07566452
2 0.69576454 0.7755569 0.33222628 0.18181705
2 0.6859268 0.73949796 0.3310566 0.17628658
2 0.6817168 0.69949406 0.32417846 0.16428101
2 0.6768397 0.6782709 0.3144245 0.121834755
