2 0.19271427 0.13892859 0.050357163 0.0844286
2 0.06719642 0.13153571 0.07182144 0.0592143
2 0.13939285 0.09414285 0.045928568 0.07921429
2 0.14976785 0.087035716 0.045892864 0.08157143
2 0.9928518 0.1388591 0.0142964125 0.14289427
2 0.93889415 0.26505584 0.087769866 0.12305874
2 0.81360126 0.42872345 0.063212395 0.082907856
2 0.8424174 0.4197273 0.05830598 0.10488886
2 0.8748112 0.4203984 0.057980895 0.10863155
2 0.90783614 0.45310202 0.071228385 0.050786078
2 0.9114567 0.42965126 0.079321146 0.09792107
2 0.9124883 0.4044395 0.07937658 0.102678895
2 0.971836 0.31708664 0.05632806 0.11241317
2 0.97610325 0.33979946 0.047793508 0.095550895
2 0.9727633 0.36323527 0.0544734 0.10055965
2 0.97120583 0.40877435 0.05758834 0.07484007
2 0.9686391 0.43231094 0.06272185 0.08227724
2 0.97356784 0.45023265 0.052864313 0.067469776
2 0.36372432 0.84654367 0.10286456 0.11650169
2 0.27693832 0.88546425 0.07364987 0.07868862
2 0.07243096 0.8509551 0.14486192 0.13003206
2 0.014213568 0.90105927 0.028427135 0.07866657
2 0.6583081 0.7479965 0.31661618 0.31390703
2 0.66814834 0.79406214 0.33629668 0.28310716
2 0.63417464 0.9113383 0.2683493 0.17732334
2 0.92316025 0.92869925 0.06319797 0.14260149
2 0.947652 0.71078724 0.025850177 0.191679
2 0.6686749 0.5843433 0.33137155 0.16868666
2 0.6636808 0.6066763 0.32736158 0.21335259
2 0.6677729 0.5462549 0.31147885 0.09250975
2 0.9546477 0.55606955 0.021195054 0.112139106
