2 0.46523178 0.79619783 0.2785029 0.09260428
2 0.886003 0.76448745 0.16299403 0.15602517
2 0.7816175 0.3585441 0.23304021 0.19371009
2 0.7918746 0.40331185 0.2413348 0.23940575
2 0.8368913 0.51671916 0.204736 0.26342058
2 0.7507171 0.2877785 0.23512661 0.05493325
2 0.61449677 0.3044428 0.47672573 0.11042364
2 0.63192487 0.34234962 0.48254538 0.18498546
2 0.63119936 0.37946665 0.48978138 0.25959408
2 0.6857841 0.5175064 0.5010555 0.2786348
2 0.34892157 0.2802038 0.558353 0.08836438
2 0.35401475 0.31087223 0.606297 0.1513291
2 0.39152908 0.55111384 0.66445255 0.3636341
2 0.37185356 0.47899595 0.66211325 0.3525731
2 0.36343354 0.39898813 0.64835703 0.32856214
2 0.35367942 0.35654178 0.628849 0.24366939
