2 0.092550434 0.4272871 0.044540167 0.050425768
2 0.17073847 0.2708875 0.0425573 0.08019839
2 0.15144274 0.22435535 0.06334358 0.048515707
2 0.16331623 0.21148257 0.06136751 0.054452807
2 0.18323761 0.1873444 0.06111455 0.05718881
2 0.23210257 0.20604138 0.034646124 0.06930235
2 0.3058359 0.24266928 0.063343644 0.04752387
2 0.32810596 0.20356534 0.07621193 0.04058829
2 0.39688885 0.2372281 0.043548703 0.048515692
2 0.41817093 0.21593879 0.04255724 0.061381638
2 0.43895388 0.3243519 0.032663226 0.07425439
2 0.17222223 0.43372008 0.055425644 0.037559867
2 0.1737094 0.39464602 0.07225299 0.044555426
2 0.18904957 0.36445105 0.08116239 0.051484287
2 0.19746324 0.3461303 0.076205105 0.042571843
2 0.18360683 0.29019666 0.052458137 0.06534207
2 0.24546324 0.30851063 0.0455316 0.07227087
2 0.24249572 0.43025565 0.057401717 0.044488728
2 0.26327863 0.43867218 0.061360702 0.027655602
2 0.3236513 0.41197163 0.067302585 0.041586876
2 0.33552822 0.39464602 0.067302585 0.044555426
2 0.26624954 0.37187585 0.059384644 0.042571843
2 0.334041 0.32732046 0.06631106 0.04058826
2 0.4082735 0.3599949 0.056417108 0.050492465
2 0.4038188 0.3189073 0.03365469 0.07523936
2 0.41717947 0.3189073 0.03265637 0.0712859
2 0.3152376 0.28970075 0.06829405 0.048508823
2 0.31424955 0.2590065 0.06433505 0.046532154
2 0.4508308 0.4322358 0.052451313 0.040528417
2 0.46876344 0.31494358 0.024973094 0.06534207
2 0.65635544 0.29793054 0.043723702 0.068526626
2 0.57206863 0.24674654 0.024137259 0.07842006
2 0.29130358 0.8381429 0.055107117 0.122642875
2 0.25175 0.8461607 0.10221434 0.20439291
2 0.19619645 0.8313393 0.12796429 0.24232137
2 0.14067858 0.81223214 0.17328566 0.2805357
2 0.102553576 0.80467856 0.12510714 0.29564285
2 0.07233929 0.7904643 0.064678565 0.3240714
2 0.78424335 0.55264163 0.12514663 0.012783289
2 0.92421496 0.7682667 0.07157004 0.061826706
2 0.57750165 0.9115 0.075003386 0.08200002
2 0.5727416 0.8609934 0.06548333 0.08322668
2 0.603055 0.8419733 0.12611008 0.078466654
2 0.5994883 0.79204 0.11897671 0.0689466
2 0.56680167 0.76350665 0.05360329 0.06657338
2 0.567395 0.80512 0.05479002 0.078466654
2 0.75944334 0.7676733 0.15573335 0.07013333
2 0.7083166 0.82592666 0.16524005 0.07965338
2 0.6042483 0.88952 0.12849665 0.08083999
2 0.58819497 0.7147667 0.09639001 0.05469334
2 0.8725016 0.69931334 0.17499673 0.07370663
2 0.67027664 0.57746005 0.1438533 0.05349326
2 0.5561017 0.61431336 0.032203317 0.0558666
2 0.9254017 0.9115 0.0691967 0.08200002
2 0.75765 0.76945335 0.15691996 0.07131994
2 0.9051883 0.7355733 0.10962331 0.07014668
2 0.85633004 0.72309333 0.11174667 0.0689466
2 0.9057883 0.6737533 0.10842335 0.06538665
2 0.86643004 0.647 0.16048002 0.06657338
2 0.902815 0.63392663 0.11436999 0.061813354
2 0.900435 0.6048 0.119130015 0.060626745
2 0.8950883 0.57924 0.12982333 0.05467999
2 0.73030996 0.59767336 0.14504004 0.05349326
2 0.68335664 0.67494 0.16049337 0.07013333
2 0.69107664 0.72546667 0.16881335 0.076093316
2 0.597115 0.74865335 0.11423004 0.07252002
2 0.55966836 0.67316 0.03933668 0.06657338
2 0.58760166 0.63214666 0.0952034 0.05825329
2 0.67324996 0.6077733 0.15929341 0.06420004
2 0.67919 0.6470067 0.16167998 0.06418669
2 0.579875 0.9353334 0.07975006 0.03433335
2 0.61138165 0.9222 0.14276338 0.060599923
2 0.7184233 0.90912664 0.17833328 0.08674669
2 0.79331666 0.93468 0.16644001 0.03564
2 0.73447 0.93824667 0.18901336 0.028506637
2 0.90638167 0.94419336 0.107236624 0.016613364
2 0.932535 0.9239867 0.05492997 0.057026625
2 0.8927083 0.8871467 0.13458335 0.08321333
2 0.78677666 0.9061667 0.15573335 0.076080084
2 0.92124164 0.8592067 0.077516675 0.08202672
2 0.76954335 0.86039996 0.17118669 0.074893236
2 0.88795495 0.8146267 0.14409006 0.08558667
2 0.9485817 0.80035996 0.022836685 0.078466654
2 0.86761665 0.77718 0.10818672 0.077280045
