2 0.085803576 0.47584462 0.06281288 0.048310757
2 0.13985054 0.20185366 0.17900652 0.28406924
2 0.6447953 0.38537228 0.17424035 0.11069667
2 0.61408186 0.4195472 0.22816372 0.1609056
2 0.6298282 0.4308844 0.25965643 0.13823122
2 0.6100323 0.47619247 0.22006464 0.04761505
2 0.06527827 0.5986686 0.0658247 0.058335662
2 0.065070555 0.6147489 0.06568277 0.06053233
2 0.31182647 0.78697 0.37634706 0.3367498
2 0.29588905 0.58984673 0.38757354 0.17969346
2 0.27750918 0.5663707 0.34200042 0.13274145
2 0.29340056 0.64709157 0.4131989 0.29418314
2 0.31339747 0.7153485 0.37320507 0.28358948
2 0.55998373 0.93227154 0.10126853 0.107135296
2 0.7413701 0.5490953 0.114687204 0.098190546
2 0.63613397 0.5490341 0.11082864 0.08554399
2 0.6452056 0.573752 0.10921073 0.08407366
2 0.6579893 0.60390526 0.110612035 0.0933491
2 0.6733231 0.6324892 0.11107981 0.091358185
2 0.69218934 0.65709686 0.098352194 0.0928514
2 0.67416704 0.76040256 0.09833491 0.12425208
2 0.64311284 0.7722948 0.09403193 0.14016795
2 0.6072407 0.77349675 0.09111619 0.13786662
2 0.5437149 0.65444666 0.08742979 0.08363569
2 0.5571514 0.680221 0.09576893 0.08571792
2 0.56467897 0.72912544 0.10248041 0.09388065
2 0.56618446 0.7752992 0.103028655 0.09762883
2 0.5684682 0.80163765 0.10192084 0.09952295
