2 0.13891786 0.3122245 0.14766318 0.108180285
2 0.15079397 0.06308356 0.11831844 0.12616712
2 0.17094237 0.12842181 0.13140106 0.117970176
2 0.15945457 0.24767122 0.13375303 0.13092797
2 0.25807652 0.27953303 0.11781798 0.1168893
2 0.26176924 0.2540449 0.10655296 0.11387859
2 0.2597732 0.19512634 0.121728465 0.12594959
2 0.2715415 0.06869019 0.08924435 0.13738038
2 0.2575387 0.061101533 0.09440547 0.12220307
2 0.23999676 0.05223191 0.09080452 0.10446382
2 0.22670367 0.041979197 0.08507003 0.083958395
2 0.21299954 0.030176334 0.08369127 0.06035267
2 0.19533241 0.017051721 0.0697279 0.034103442
2 0.13250333 0.27396357 0.12480649 0.09169489
2 0.37266597 0.055986878 0.09790146 0.108794816
2 0.4611281 0.064176284 0.05974263 0.110584974
2 0.47516832 0.036525495 0.049663365 0.07305099
2 0.452576 0.05188676 0.06121534 0.10377352
2 0.36007202 0.0872229 0.0940218 0.096317545
2 0.35859686 0.12693971 0.08446008 0.11312156
2 0.3518362 0.1409519 0.08983415 0.118475266
2 0.32331517 0.2683274 0.06332958 0.15955287
2 0.3444908 0.27779478 0.058697343 0.15118779
2 0.36149657 0.2792548 0.059920013 0.15803814
2 0.37455216 0.28604826 0.06080544 0.1590535
2 0.4216296 0.25474033 0.051680386 0.1417805
2 0.41528726 0.20767742 0.057453096 0.1255464
2 0.435266 0.20701735 0.06340361 0.12800363
2 0.44501856 0.2011892 0.061480463 0.1269258
2 0.45510125 0.44359648 0.02918452 0.112807035
2 0.45261148 0.43511096 0.03728777 0.12977809
2 0.44496527 0.43288016 0.04829502 0.13368899
2 0.42900774 0.43430728 0.04738033 0.13138545
2 0.40687397 0.40375975 0.053461313 0.14788193
2 0.59535813 0.27804634 0.015716314 0.15831466
2 0.62953115 0.3885679 0.08406234 0.14304739
2 0.77693254 0.44021964 0.16888583 0.06956071
2 0.59535813 0.23184359 0.015716314 0.16392928
2 0.6001747 0.19207132 0.025349498 0.15994644
2 0.6021955 0.16395691 0.02939105 0.12938434
2 0.6130467 0.14142941 0.05109346 0.08598891
2 0.6504446 0.18121551 0.1258893 0.14785996
2 0.74958307 0.18041342 0.16085815 0.13983907
2 0.87989056 0.28609484 0.06271887 0.12617598
2 0.6247145 0.27523908 0.074429035 0.07713832
2 0.76969373 0.36966363 0.13514185 0.08438468
2 0.7680882 0.41467708 0.14798617 0.10205823
2 0.879074 0.45508584 0.064352036 0.0398283
2 0.8666172 0.36725736 0.089265585 0.118127465
2 0.7930294 0.31863454 0.14798617 0.12376976
2 0.62990487 0.24271315 0.08480966 0.10369004
2 0.6424031 0.2230068 0.10980618 0.13502654
2 0.73189443 0.21697739 0.15443599 0.13259268
2 0.77934086 0.35521227 0.1560415 0.12296772
2 0.3237379 0.68445367 0.1900242 0.1583147
2 0.3607344 0.5758529 0.11603117 0.13920581
2 0.32333648 0.7306564 0.19082701 0.16392922
2 0.33017388 0.77042866 0.17715222 0.15994644
2 0.3406237 0.7985431 0.15625256 0.12938428
2 0.36436072 0.82107055 0.10877854 0.08598888
2 0.3904922 0.78128445 0.056515574 0.14785993
2 0.37159947 0.6872609 0.094301045 0.077138305
2 0.3780355 0.7197869 0.081429005 0.10369003
2 0.386077 0.7394932 0.065346 0.13502657
2 0.72153175 0.6085268 0.13393211 0.21705365
2 0.6986126 0.5954196 0.17594719 0.19083917
2 0.5950674 0.5302201 0.13840246 0.060440183
2 0.62514615 0.58353484 0.110486746 0.1670697
2 0.62883985 0.67562586 0.1524105 0.11488116
