2 0.8768221 0.66832644 0.101065874 0.24722278
2 0.6312208 0.6817115 0.5922601 0.31325877
2 0.5040755 0.6516939 0.5593226 0.29130328
2 0.53094417 0.61704016 0.53392804 0.27869308
2 0.6529968 0.57205474 0.54873204 0.28278172
2 0.5517933 0.49941772 0.5372069 0.28986153
2 0.5999463 0.44902143 0.49276638 0.25867373
2 0.6054978 0.27764198 0.48455226 0.25646895
2 0.59752196 0.31010273 0.49765098 0.2713434
2 0.57334584 0.33822125 0.5111402 0.2666539
2 0.9079917 0.3908491 0.03879547 0.20411456
2 0.899225 0.44816673 0.056312203 0.19756866
2 0.8994333 0.50171083 0.05588448 0.21832201
2 0.88988596 0.56662893 0.074962735 0.22613072
2 0.87642694 0.6271007 0.10186756 0.2517823
2 0.6969336 0.40480304 0.46089828 0.25748098
