2 0.13376054 0.20429386 0.029887348 0.14314124
2 0.12918106 0.16455694 0.02363664 0.14148802
2 0.12847617 0.12039261 0.0251346 0.13193043
2 0.1999434 0.22001413 0.16125196 0.16322213
2 0.20254646 0.181139 0.16884145 0.15082118
2 0.202414 0.06800849 0.17569204 0.08601698
2 0.20398928 0.08539717 0.17884263 0.12079433
2 0.20197572 0.104712054 0.17456529 0.1594241
2 0.20356098 0.14138623 0.17444634 0.16850701
2 0.6354201 0.16458113 0.26663303 0.12871096
2 0.96749055 0.18411922 0.025248647 0.098587066
2 0.9176693 0.12019731 0.13522637 0.08747354
2 0.8541024 0.17454465 0.19584465 0.12732211
2 0.89670557 0.1816364 0.17063224 0.13669452
2 0.8260108 0.24705437 0.23619628 0.16549784
2 0.6510875 0.25108644 0.30217505 0.19734561
2 0.6240336 0.19780798 0.24806714 0.16490373
2 0.71193945 0.13489512 0.2630043 0.0857361
2 0.8712126 0.12193656 0.1703862 0.08461377
2 0.6560501 0.12319122 0.24543965 0.04813335
2 0.8927402 0.093992695 0.17015159 0.033425435
2 0.40069592 0.87276787 0.078956306 0.08516073
2 0.28649822 0.8545972 0.16062003 0.10068977
2 0.13806893 0.71673834 0.27613786 0.20929599
2 0.13780828 0.68929654 0.27561656 0.21779943
2 0.013808439 0.6132812 0.027616877 0.22656238
2 0.29007575 0.7663893 0.15957606 0.1365813
2 0.045738984 0.58745694 0.09147797 0.17491391
2 0.25 0.75 0.5 0.5
2 0.06905061 0.52123 0.13810122 0.042459965
2 0.11916784 0.5690101 0.23833568 0.13802016
2 0.13201782 0.58661956 0.26403564 0.17323911
2 0.18331066 0.6129916 0.247932 0.22598314
2 0.2839087 0.61417717 0.17003828 0.22580862
2 0.2501897 0.5655892 0.25080281 0.13117838
2 0.28219783 0.55690897 0.22720903 0.11381796
2 0.4033202 0.77935773 0.07695651 0.11135256
2 0.46859425 0.8144132 0.05073172 0.068476796
2 0.4754923 0.87421286 0.049015403 0.049533367
2 0.48483756 0.7344647 0.030324876 0.10702884
2 0.9476393 0.62133354 0.10472143 0.14553523
2 0.936969 0.72572774 0.12606204 0.11473298
2 0.92509794 0.7756793 0.14980412 0.109419465
2 0.9232208 0.8248168 0.15355837 0.09384179
2 0.90802073 0.8791499 0.18395859 0.09861028
2 0.9083791 0.916251 0.18324184 0.089750886
2 0.95945024 0.5795761 0.08109951 0.12775946
2 0.9857435 0.764287 0.028512955 0.11979222
2 0.9734133 0.8142184 0.053173423 0.11431372
2 0.96760356 0.86475545 0.06479287 0.10228145
2 0.95776486 0.91150486 0.08447027 0.09930575
2 0.52427864 0.8698894 0.04855728 0.074976444
2 0.5665136 0.893893 0.1330272 0.070453405
2 0.62213075 0.6243594 0.1676979 0.07940173
2 0.8174368 0.600984 0.2064966 0.090298295
2 0.55443597 0.64530915 0.10887194 0.095228076
2 0.7091325 0.6266235 0.1835481 0.1094172
2 0.89934146 0.6082531 0.20131707 0.13272
2 0.90885353 0.5808746 0.18229294 0.08717334
2 0.532591 0.79798245 0.06518197 0.07587886
2 0.6532725 0.80028546 0.17498136 0.084228754
2 0.83903146 0.8058115 0.22151852 0.0962441
2 0.6509192 0.84400475 0.16419041 0.07820034
2 0.8383776 0.8495066 0.21700132 0.09368467
2 0.817721 0.8980437 0.21386194 0.09257913
2 0.635741 0.8825556 0.16274667 0.07714069
2 0.67650044 0.7585348 0.17580664 0.09302533
2 0.53866726 0.72412306 0.07733452 0.08358538
2 0.54489607 0.68204474 0.08979213 0.09465659
2 0.59187573 0.6953369 0.14844298 0.09661794
2 0.6818939 0.71686643 0.17258608 0.096479535
2 0.664395 0.6733073 0.21566534 0.11097503
2 0.8062971 0.630886 0.20024323 0.10700834
2 0.8889422 0.6665826 0.22211564 0.11971021
2 0.7779493 0.72714174 0.19637644 0.096479535
2 0.5710541 0.84453726 0.1421082 0.07571781
