2 0.047233418 0.43199664 0.094466835 0.13600671
2 0.029308487 0.47481596 0.058616973 0.05036807
2 0.79434884 0.3608552 0.2442075 0.15408891
2 0.78792423 0.4187354 0.2553525 0.05002916
2 0.7981602 0.39102396 0.23573995 0.10545206
2 0.41675782 0.8220742 0.055812478 0.06325781
2 0.4125703 0.8309102 0.07348436 0.075351596
2 0.28885156 0.771375 0.092093766 0.04743755
2 0.47429296 0.8304453 0.02391404 0.0669688
2 0.46266797 0.8904414 0.047164023 0.058601618
2 0.4589453 0.90672266 0.05460936 0.05953908
2 0.4566211 0.9192773 0.059257805 0.054882765
2 0.3902461 0.934293 0.1106953 0.051414013
2 0.31210938 0.9006758 0.09953129 0.049304724
2 0.28001562 0.8695117 0.08371878 0.04464841
2 0.27955076 0.80625784 0.08278905 0.057671785
2 0.20653126 0.79835546 0.08557814 0.05674219
2 0.20606638 0.81323826 0.0772109 0.054882765
2 0.21164453 0.845793 0.088367164 0.05674219
2 0.2144375 0.9231289 0.060468763 0.07374215
2 0.22653124 0.9263867 0.06232816 0.06722653
2 0.24094531 0.92964065 0.057671845 0.060718775
2 0.25210935 0.9338281 0.052093804 0.052343726
2 0.26327345 0.93894136 0.050234422 0.042117238
2 0.43768752 0.9324297 0.060468793 0.055140615
2 0.29583204 0.79091406 0.07627344 0.038140655
2 0.12885548 0.94219923 0.0865078 0.035601497
2 0.13769533 0.9257891 0.08185939 0.04000008
2 0.13583204 0.9016055 0.07069531 0.054882765
2 0.14048435 0.89183986 0.07442188 0.057679653
2 0.15537111 0.8118398 0.04278907 0.09116411
2 0.13583204 0.80858594 0.040929705 0.08837497
2 0.12001955 0.8095156 0.042789087 0.09395313
2 0.10699608 0.8067266 0.044648454 0.09581256
2 0.06327736 0.8327695 0.040929694 0.088367224
2 0.0744414 0.86207426 0.048367217 0.074414015
2 0.05351174 0.865793 0.056742195 0.07627344
2 0.0437422 0.87137496 0.055812456 0.07628131
2 0.026421877 0.7164961 0.02534375 0.09022653
2 0.036300775 0.71277344 0.03721094 0.092093706
2 0.06327736 0.73417187 0.040929694 0.09581256
2 0.61885285 0.78484535 0.094804645 0.10114837
2 0.7828974 0.8156608 0.095872164 0.105786085
2 0.8425555 0.87767935 0.056118727 0.074332714
2 0.9606483 0.89509064 0.07370329 0.062318683
