2 0.24017438 0.42637715 0.33140665 0.07974565
2 0.23406197 0.39203805 0.3350638 0.14842391
2 0.22313814 0.3470104 0.3340415 0.2384792
2 0.20926249 0.28848958 0.32073617 0.24637502
2 0.066971235 0.20289524 0.055307746 0.24084207
2 0.15263501 0.13487864 0.23430948 0.17117977
2 0.18987064 0.22413746 0.29550394 0.23487169
2 0.28361928 0.11846493 0.29577124 0.13494018
2 0.35088944 0.1608744 0.17316449 0.1975023
2 0.41674107 0.36281815 0.14401782 0.096702814
2 0.43034938 0.14673534 0.1168012 0.18344128
2 0.51972544 0.024855297 0.039450914 0.049710594
2 0.540318 0.071953505 0.080636024 0.07396117
2 0.5557854 0.03544639 0.080881596 0.07089278
2 0.5751731 0.042515896 0.08687878 0.08503179
2 0.59909856 0.027099377 0.09360111 0.054198753
2 0.66890955 0.024187703 0.12648046 0.048375405
2 0.6844278 0.03346242 0.13163483 0.06692484
2 0.6980447 0.039741352 0.12720227 0.07626341
2 0.80592865 0.0513151 0.17480898 0.08696699
2 0.85246897 0.017125286 0.10161066 0.034250572
2 0.91807956 0.101662114 0.096853614 0.09125867
2 0.916823 0.11636962 0.11473036 0.09212456
2 0.9221525 0.145075 0.12461138 0.120756626
2 0.9080264 0.15045334 0.12500632 0.12175375
2 0.84986234 0.12929444 0.1352613 0.06892023
2 0.8618158 0.21533094 0.119977 0.12036362
2 0.9428441 0.29480755 0.114311814 0.08052063
2 0.9578303 0.31010994 0.08433938 0.06205827
2 0.64762074 0.2884948 0.08331859 0.094025254
2 0.5900084 0.28853753 0.09815049 0.08991246
2 0.56562734 0.27692604 0.06870544 0.053213358
2 0.5177906 0.08025457 0.03558123 0.0441002
2 0.56640303 0.18231125 0.12016344 0.07448968
2 0.57859886 0.1628053 0.1170032 0.06901693
2 0.5800591 0.13120265 0.10945618 0.07676092
2 0.65916324 0.09799373 0.112234235 0.0805738
2 0.6669713 0.11389515 0.1334455 0.08194388
2 0.69419265 0.1935164 0.13586009 0.084537
2 0.70679563 0.21139988 0.13927019 0.08524333
2 0.7257602 0.24646208 0.13705277 0.07739627
2 0.7544852 0.20903844 0.14284432 0.083081424
2 0.77369463 0.22109264 0.14578843 0.08635034
2 0.7925072 0.23275785 0.15175664 0.08848813
2 0.80828154 0.24863487 0.15278852 0.085294366
2 0.68477786 0.25191718 0.116256475 0.08652735
2 0.74433655 0.05588933 0.107308745 0.08334516
2 0.96706474 0.26569277 0.06587052 0.071627274
2 0.9687661 0.2616851 0.062467813 0.0938229
2 0.9738616 0.24484205 0.05227691 0.08979726
2 0.12660971 0.69564915 0.24321944 0.20879829
2 0.13251899 0.6738883 0.255038 0.16527665
2 0.10479065 0.61667484 0.19958131 0.050849676
2 0.37007725 0.6053212 0.1547085 0.028142452
2 0.3964622 0.7075578 0.14063597 0.13955903
2 0.13701844 0.8247037 0.2640369 0.16809261
2 0.13388008 0.80788803 0.25776017 0.19424093
2 0.13181564 0.85089314 0.2536313 0.115713716
2 0.124703616 0.8834516 0.23940724 0.050596833
2 0.414259 0.77156943 0.120747626 0.13708103
2 0.40925646 0.7976332 0.1387124 0.15509021
2 0.41217664 0.8261922 0.13567054 0.12147987
2 0.41421935 0.84705746 0.13158512 0.0799793
2 0.7889004 0.64039594 0.17221475 0.0682919
2 0.80584776 0.6620853 0.16791368 0.111670494
2 0.8168014 0.68610615 0.16650987 0.12511504
2 0.8325194 0.7243251 0.1618427 0.12788618
2 0.8454356 0.7748406 0.17303097 0.13989985
2 0.70852906 0.6243483 0.20168138 0.03619659
2 0.7528385 0.68977064 0.19758117 0.11378193
2 0.7419724 0.66088676 0.19240868 0.09947932
2 0.7650482 0.7558654 0.20492518 0.12041509
2 0.7552 0.72098315 0.2016114 0.12291014
2 0.6779882 0.773406 0.1809802 0.11678898
2 0.6072895 0.6956423 0.089578986 0.09760308
2 0.59903055 0.647718 0.07306111 0.08243704
2 0.5902043 0.6312324 0.055408597 0.049964666
2 0.6055626 0.6636054 0.086125255 0.10616958
2 0.6128084 0.73182476 0.10061681 0.09164119
2 0.7208186 0.6391363 0.20330179 0.06577265
