2 0.95091414 0.22998062 0.09817171 0.07497537
2 0.9451414 0.26259613 0.10971725 0.13956994
2 0.94341767 0.305516 0.11316466 0.22100466
2 0.9225215 0.38486364 0.15495706 0.28959924
2 0.84197116 0.23281246 0.31605768 0.14618085
2 0.8107024 0.30808553 0.37859523 0.2786643
2 0.8230221 0.26696578 0.35395575 0.22177237
2 0.6152039 0.29997316 0.46766174 0.29233342
2 0.16958566 0.15324138 0.33917132 0.23383561
2 0.18633169 0.11960667 0.37266338 0.1665662
2 0.3952793 0.13878877 0.45212528 0.12181115
2 0.38920665 0.18048836 0.46427056 0.2052103
