2 0.37686846 0.31854153 0.24626309 0.3237983
2 0.39480436 0.38566002 0.21039128 0.22867996
2 0.40088168 0.41932654 0.19823664 0.16134691
2 0.4097729 0.44970775 0.1804542 0.10058451
2 0.4075004 0.479557 0.17324251 0.040885985
2 0.22793695 0.2691481 0.38052398 0.40043747
2 0.3098855 0.4432902 0.2328577 0.11341959
2 0.30035448 0.4244684 0.24265736 0.1510632
2 0.3141115 0.488097 0.2096402 0.023805976
2 0.30825758 0.46432057 0.22334588 0.07135886
2 0.06977678 0.338651 0.13955356 0.2523247
2 0.13594212 0.4872504 0.16449875 0.025499225
2 0.11150053 0.45546478 0.17236078 0.08907044
2 0.086658105 0.41263145 0.17331621 0.1747371
2 0.1207954 0.45808834 0.18601924 0.08382332
2 0.26669055 0.3569773 0.30795193 0.28604537
2 0.6012377 0.07958495 0.20247543 0.1591699
2 0.573232 0.034399234 0.14646399 0.06879847
2 0.55548227 0.01345546 0.11096454 0.02691092
2 0.23706223 0.69088113 0.16124442 0.06325328
2 0.15046057 0.7187922 0.14842114 0.07441783
2 0.10580277 0.69895226 0.05910553 0.06944001
2 0.3880861 0.67475665 0.071327746 0.07068443
2 0.38559723 0.61833 0.07630557 0.057031155
2 0.23459111 0.6127478 0.16369775 0.060799956
2 0.14983834 0.64933443 0.14717668 0.06947553
2 0.37692168 0.56992114 0.09365666 0.0273422
2 0.31025335 0.56249 0.14634664 0.0124800205
2 0.23211998 0.57116556 0.15626667 0.029831052
2 0.23087555 0.58608115 0.15626669 0.057031155
2 0.10439834 0.63441885 0.056296676 0.058133364
2 0.14633612 0.6092989 0.14017221 0.052408934
2 0.37683278 0.59637445 0.09383446 0.05528891
2 0.3155689 0.60677445 0.15072004 0.053120017
2 0.93045443 0.79009616 0.13909113 0.10568845
2 0.9349245 0.85991716 0.13015103 0.06748414
2 0.9321414 0.7445185 0.13571715 0.09725833
2 0.92353153 0.6660104 0.12047243 0.08331144
2 0.96559215 0.6417205 0.06881571 0.07887781
2 0.9659294 0.6843534 0.06814122 0.08690572
2 0.9713589 0.7199513 0.05728221 0.08693063
2 0.973245 0.761876 0.05350995 0.09120536
2 0.9698227 0.8110821 0.06035459 0.10531032
2 0.9751613 0.8367105 0.049677372 0.080942035
2 0.8418897 0.6604995 0.13690996 0.08091807
2 0.6806957 0.674934 0.16647315 0.093871236
2 0.543489 0.7453066 0.08697799 0.10694909
2 0.58938354 0.8052008 0.17876709 0.119430065
2 0.7703995 0.7684071 0.14777398 0.096161366
2 0.7730795 0.72015107 0.14972341 0.09484959
2 0.53704816 0.8576913 0.07409632 0.12562108
2 0.6771817 0.8164656 0.16546845 0.114167094
2 0.84981143 0.7849935 0.13970852 0.10330701
2 0.8539634 0.7353604 0.13880706 0.09740579
2 0.5262763 0.9172946 0.05255261 0.13666904
2 0.5724602 0.914418 0.14492035 0.12215924
2 0.66625386 0.9076726 0.17055714 0.086662054
2 0.6302654 0.8826312 0.22864425 0.13699675
2 0.7678703 0.8129223 0.1453489 0.09769237
2 0.84634113 0.84085214 0.14550161 0.11260033
2 0.7659501 0.8954409 0.15583968 0.06863785
2 0.5834763 0.75371873 0.165627 0.09358692
2 0.6735353 0.72146904 0.16925633 0.09973705
2 0.7729597 0.6822679 0.1342318 0.08153677
