2 0.8824269 0.23580247 0.23514616 0.33866566
2 0.90425086 0.33833462 0.19149828 0.3485844
2 0.91164035 0.41699722 0.17671931 0.34678036
2 0.92618763 0.51119083 0.14762473 0.3547422
2 0.92472965 0.63908696 0.15054071 0.392004
2 0.748233 0.20790622 0.50353396 0.28212494
2 0.8037205 0.44338208 0.39255905 0.34378895
2 0.7982956 0.36980832 0.40340877 0.3021611
2 0.7992376 0.61444 0.40152478 0.37549138
2 0.7972081 0.52548826 0.40558386 0.37419942
2 0.60878617 0.6941302 0.46106306 0.37485683
2 0.23948099 0.23644781 0.47896197 0.23026417
2 0.16703077 0.6739487 0.33406153 0.34550154
2 0.17587888 0.597806 0.35175776 0.3479638
2 0.15745074 0.4655343 0.31490147 0.31676346
2 0.3513658 0.51927346 0.43973896 0.3227501
2 0.34394905 0.38624656 0.4187829 0.26965067
2 0.29363662 0.28720316 0.45595416 0.30573475
2 0.3434941 0.4327187 0.46620065 0.343973
2 0.3668225 0.6167734 0.43502802 0.31175208
2 0.768358 0.25019524 0.46328402 0.34772515
