2 0.46557534 0.36126536 0.068849325 0.13516057
2 0.28811312 0.42784107 0.12505138 0.14431787
2 0.17975512 0.39071438 0.08540991 0.11387557
2 0.03245699 0.43268862 0.06491398 0.13462275
2 0.9219266 0.16929422 0.15614682 0.33858845
2 0.9283663 0.15823978 0.1432674 0.31647956
2 0.9800785 0.14980629 0.039842963 0.29961258
2 0.9532823 0.30476335 0.09343541 0.15562725
2 0.3891555 0.50837386 0.17937124 0.016747743
2 0.40373564 0.5996089 0.19252872 0.14204574
2 0.0122911 0.56066895 0.0245822 0.10120964
2 0.09781128 0.53583896 0.19562256 0.07167795
2 0.15890998 0.57554483 0.26823437 0.1456213
2 0.11130044 0.5752307 0.22260088 0.15046144
2 0.17173722 0.6400601 0.3211621 0.17882967
2 0.37759978 0.6645411 0.24480045 0.18458235
2 0.41456437 0.63192195 0.17087126 0.15358555
2 0.3528548 0.56347257 0.27932596 0.12694514
2 0.15500739 0.5423023 0.23571211 0.08460465
2 0.39690128 0.5555998 0.20619744 0.11119962
2 0.13443951 0.51952225 0.24791953 0.0390445
2 0.33596173 0.5296039 0.26743662 0.059207797
2 0.4306769 0.52820545 0.13864619 0.05641091
2 0.81128657 0.6221328 0.100681424 0.21914768
2 0.7432863 0.6678839 0.19736171 0.33576775
2 0.639049 0.7006764 0.27389753 0.40135276
2 0.61170435 0.74776083 0.2234087 0.49552166
2 0.55565655 0.75 0.111313105 0.5
