2 0.48932996 0.3652778 0.021340072 0.104644
2 0.48819464 0.3228918 0.023610711 0.10541439
2 0.48245195 0.244173 0.03509611 0.10881433
2 0.4369711 0.25226364 0.1260578 0.115404025
2 0.30211774 0.29866776 0.15358943 0.115683496
2 0.16414616 0.38609755 0.14591998 0.1092999
2 0.10824573 0.43358934 0.1413576 0.114338815
2 0.2514139 0.4146657 0.14506976 0.108404756
2 0.4003383 0.36358583 0.1475029 0.10478997
2 0.39513102 0.32158145 0.15456957 0.11319244
2 0.12047487 0.4764857 0.11433418 0.0470286
2 0.10326453 0.4537086 0.12825488 0.09258282
2 0.1828736 0.45553538 0.13608529 0.088929236
2 0.32733893 0.41300875 0.14172566 0.106422484
2 0.45076776 0.36706704 0.09846449 0.10993707
2 0.44868353 0.32218677 0.10263294 0.114705324
2 0.17723608 0.47544965 0.13348413 0.049100697
2 0.24948043 0.4729908 0.12453763 0.05401838
2 0.30456737 0.45307046 0.1736902 0.09385908
2 0.40482086 0.40027568 0.14087075 0.09795606
2 0.4525784 0.41049123 0.09484321 0.099959075
2 0.2392628 0.37814254 0.12796381 0.09389007
2 0.30580428 0.3391772 0.15075147 0.11173236
2 0.38756856 0.28830582 0.14146602 0.10489893
2 0.93841106 0.33416322 0.050532937 0.12361139
2 0.8156104 0.34085575 0.29613006 0.15662938
2 0.75203776 0.32584694 0.2796613 0.14565164
2 0.76547205 0.30852008 0.26696396 0.13934654
2 0.8264984 0.28602737 0.27436602 0.14139086
2 0.77589667 0.24970886 0.26860344 0.14493077
2 0.79997313 0.22451071 0.24638319 0.12933686
2 0.8027489 0.13882099 0.24227619 0.12823448
2 0.798761 0.15505137 0.24882555 0.1356717
2 0.78667295 0.16911063 0.25557017 0.13332695
2 0.9539958 0.19542456 0.019397736 0.10205728
2 0.9496125 0.22408336 0.028156161 0.09878433
2 0.9497167 0.25085542 0.02794218 0.109161004
2 0.94494295 0.28331447 0.037481308 0.11306536
2 0.93821347 0.31355035 0.05093372 0.12589115
2 0.8484668 0.20240152 0.2304492 0.12874049
2 0.4892798 0.69739664 0.021440387 0.3744203
2 0.34116533 0.70760554 0.30582184 0.41521108
2 0.15521988 0.7271987 0.31043977 0.45439744
2 0.5880832 0.8092094 0.059800744 0.07337499
2 0.6072151 0.7663528 0.05750847 0.06915319
2 0.59712327 0.82809687 0.05752766 0.075241804
2 0.6651006 0.75862646 0.059996843 0.0745132
2 0.64824903 0.7359044 0.057853937 0.06809819
2 0.753924 0.6118557 0.08036256 0.046211362
2 0.79463327 0.61366606 0.08521342 0.049832106
2 0.7352414 0.69560397 0.04522097 0.06394863
2 0.7901665 0.6780895 0.07261014 0.066497445
2 0.82385147 0.6823922 0.082264304 0.056364417
2 0.76862323 0.7159112 0.07570422 0.045391917
2 0.63522285 0.64813805 0.06687713 0.057314157
2 0.8804636 0.6067733 0.08072007 0.036046624
2 0.7927489 0.6007523 0.07729149 0.024004579
2 0.84359133 0.60618085 0.07881498 0.034861684
