2 0.13983333 0.10921384 0.060999997 0.033209994
2 0.13757576 0.09486632 0.06012121 0.03499767
2 0.30593938 0.07145261 0.22812122 0.015405223
2 0.30863637 0.18414837 0.22272724 0.14714193
2 0.31087878 0.21823704 0.2182424 0.14714195
2 0.2996515 0.14279644 0.24069697 0.15809289
2 0.31042424 0.08895148 0.2191515 0.05040297
2 0.5901178 0.36879885 0.035089612 0.13668984
2 0.44203466 0.7619144 0.09343064 0.3052987
2 0.3007167 0.7864193 0.2320646 0.31408346
2 0.13041954 0.81171143 0.17019716 0.3017763
2 0.6819455 0.7463578 0.17613757 0.12922263
2 0.5341418 0.83952165 0.06828356 0.15371943
