2 0.88351566 0.21085158 0.111624956 0.12651569
2 0.8751406 0.19317964 0.14696872 0.15070319
2 0.62770313 0.31225002 0.18418753 0.09487504
2 0.61003125 0.1390625 0.16743755 0.04312498
2 0.60910153 0.24248435 0.16557813 0.11534366
2 0.46306252 0.25828907 0.17115629 0.11348438
2 0.4621328 0.2285234 0.15442184 0.109765634
2 0.47328904 0.16882813 0.17673439 0.102656245
2 0.6416641 0.27317187 0.15254688 0.07628125
2 0.3607422 0.23132029 0.08557814 0.18232815
2 0.3216641 0.23782812 0.08185941 0.17674997
2 0.2900391 0.23596874 0.08557814 0.18790627
2 0.26399216 0.24154688 0.08929692 0.19162503
2 0.17655472 0.19766408 0.08185938 0.16032816
2 0.1988828 0.1613828 0.096734434 0.087765574
2 0.15702347 0.15859377 0.11348438 0.08218753
2 0.1374844 0.15301563 0.111624904 0.07103127
2 0.062085923 0.44433594 0.039171852 0.17301571
2 0.0704609 0.42666408 0.055921808 0.18232816
2 0.088187546 0.4220078 0.07999992 0.18045309
2 0.12260154 0.4294531 0.074421875 0.18418747
2 0.17655472 0.38665625 0.08185938 0.19162506
