2 0.649652 0.5157812 0.555696 0.4505906
2 0.22750953 0.37455457 0.31001908 0.4189783
2 0.2294677 0.8215453 0.14042535 0.15721238
2 0.41591996 0.79596865 0.5152856 0.20836568
2 0.66720086 0.7883088 0.5142286 0.16341662
2 0.41533512 0.7125376 0.5832614 0.3752278
2 0.2376186 0.75479305 0.21116102 0.2907169
2 0.27253214 0.68219364 0.3357424 0.4276228
2 0.20759635 0.52138484 0.26597837 0.37395072
2 0.4181429 0.45060885 0.63135743 0.4494441
2 0.652678 0.64580566 0.549644 0.4118774
2 0.6813784 0.7079735 0.49224317 0.31018353
