2 0.099284895 0.24203937 0.19856979 0.18113777
2 0.10583609 0.32660142 0.21167219 0.16777557
2 0.10584868 0.38463423 0.21169735 0.18225843
2 0.115589544 0.42723784 0.23117909 0.17556423
2 0.109204225 0.47253817 0.21840845 0.16128889
2 0.09883514 0.5097043 0.19767028 0.1683464
2 0.06127763 0.6129865 0.12255526 0.17848146
2 0.054610368 0.66018057 0.109220736 0.16591442
2 0.04863214 0.68892306 0.09726428 0.17265534
2 0.05410941 0.7283567 0.10821882 0.2079407
2 0.04973804 0.78031355 0.09947608 0.17246342
2 0.31506354 0.26212654 0.16684133 0.11645609
2 0.31926966 0.18837696 0.124295115 0.09100062
2 0.30853552 0.24102022 0.13826251 0.086609274
2 0.6504166 0.42478117 0.11751962 0.20537049
2 0.82723635 0.7708526 0.12127197 0.13604069
2 0.8338449 0.368324 0.091442466 0.16458243
2 0.87626046 0.44320905 0.10335255 0.12973401
2 0.81929594 0.59158474 0.096478105 0.1822555
2 0.78011805 0.5606804 0.10728502 0.21913806
