2 0.9261646 0.3043089 0.14767075 0.31890666
2 0.7499978 0.18123345 0.5000044 0.3624669
2 0.2126321 0.14010708 0.4252642 0.28021416
2 0.40903857 0.19309641 0.81807715 0.38619283
2 0.8997646 0.57519495 0.2004708 0.2130456
2 0.75291973 0.42601913 0.49416053 0.3130052
2 0.89102477 0.7183832 0.21795046 0.15983176
2 0.8946399 0.64870554 0.21072018 0.18008578
2 0.21316315 0.19478191 0.4263263 0.38956383
2 0.2406439 0.6191704 0.4812878 0.1841836
2 0.09178116 0.5751195 0.18356232 0.21507287
2 0.2450462 0.547242 0.4900924 0.23940825
2 0.069308594 0.51524216 0.13861719 0.23236167
2 0.048805386 0.4209293 0.09761077 0.25624183
2 0.45074356 0.44328508 0.6341634 0.27093917
2 0.75025195 0.5604584 0.4994961 0.20738709
