2 0.17234349 0.071175866 0.11149484 0.13408096
2 0.12190271 0.059190914 0.101728365 0.10751684
2 0.14494742 0.06410304 0.10054359 0.12083715
2 0.74846494 0.8614761 0.49460626 0.27704775
2 0.74010825 0.81408733 0.47588623 0.27462614
2 0.72488153 0.7751498 0.49195078 0.25822878
2 0.7208397 0.7277509 0.4667139 0.24459314
2 0.7343774 0.68449193 0.47180355 0.23453343
2 0.71848387 0.63013834 0.4580655 0.22400153
2 0.7123546 0.59211916 0.4578785 0.22672832
2 0.70386827 0.54584813 0.44381773 0.2248931
2 0.7838368 0.39543548 0.43232644 0.23083729
2 0.7737182 0.35672644 0.4437213 0.21261567
2 0.7960392 0.32423052 0.40792155 0.1860928
2 0.79045385 0.25600427 0.39820182 0.17905754
2 0.78492963 0.21169192 0.40561366 0.176363
2 0.7786386 0.17500989 0.37659407 0.16067305
2 0.7417502 0.12959386 0.3939811 0.18437901
2 0.98203224 0.6266215 0.03593552 0.21624517
2 0.44698334 0.17820203 0.18395665 0.09961483
2 0.4881506 0.1672457 0.18660855 0.0900102
