2 0.24816154 0.8674006 0.14354786 0.090198874
2 0.336314 0.7593482 0.1517027 0.14150763
2 0.32807097 0.73051053 0.14932925 0.13155448
2 0.4678612 0.7025262 0.104706824 0.14113104
2 0.5072763 0.6838404 0.10856104 0.13391519
2 0.61039585 0.5602874 0.1103605 0.1264298
2 0.66234154 0.5023244 0.09747338 0.16913423
2 0.51056236 0.21188718 0.09180418 0.12119867
2 0.2178256 0.76041406 0.12689719 0.13245285
2 0.39821184 0.6469967 0.07953334 0.120465875
2 0.4968145 0.5365785 0.11920342 0.14689994
2 0.4972098 0.43132716 0.15260911 0.106886744
2 0.46736467 0.37637094 0.1715196 0.122876406
2 0.4511088 0.3427833 0.16067171 0.10407692
2 0.48342967 0.22949034 0.11292574 0.14220919
2 0.35405767 0.28216636 0.09901762 0.15389396
2 0.3522001 0.5246615 0.122149885 0.11253324
2 0.30798066 0.5652147 0.13048238 0.11749351
2 0.28756437 0.5958778 0.11580914 0.10592711
2 0.26389572 0.63276196 0.12433195 0.11667359
2 0.18847163 0.59729344 0.106698126 0.13947189
2 0.18696587 0.5060123 0.13893172 0.09972823
2 0.17526506 0.4747467 0.11553013 0.104404956
2 0.3068963 0.41189522 0.12581277 0.09950459
2 0.17839792 0.3427786 0.12179583 0.096906245
2 0.21066895 0.26430076 0.14465936 0.113551974
2 0.2140741 0.22278489 0.13508612 0.070892066
