2 0.5870473 0.09900016 0.15239406 0.06282811
2 0.7279688 0.11766345 0.108082056 0.078045055
2 0.76712954 0.12540895 0.11311245 0.08849928
2 0.8603266 0.22576319 0.118278384 0.12524566
2 0.9005644 0.28266725 0.095061064 0.17020231
2 0.712639 0.6239247 0.10345602 0.17078018
2 0.74522436 0.7222505 0.14174521 0.10862875
2 0.7180019 0.74701816 0.1386106 0.12054682
2 0.6718892 0.79379207 0.13855076 0.12613201
2 0.5722398 0.74847126 0.08491731 0.1472764
2 0.4233309 0.6627963 0.1415739 0.106591105
2 0.36968756 0.73998445 0.16746843 0.09416175
2 0.23068893 0.66110116 0.10006924 0.10583007
2 0.18220365 0.70182985 0.100204766 0.13212216
2 0.1571786 0.47616273 0.08159819 0.15716973
2 0.65196043 0.14937909 0.086854935 0.121123336
2 0.74021995 0.2586085 0.12832475 0.14615315
2 0.72776645 0.36924967 0.15981877 0.10175222
2 0.6902525 0.4291146 0.17977369 0.117246926
2 0.66937304 0.46556398 0.16779673 0.098235905
2 0.68888223 0.58243567 0.12173426 0.14165843
2 0.5618146 0.5360649 0.10834837 0.15491402
2 0.58952993 0.2812178 0.12940538 0.10981226
2 0.5488535 0.2416591 0.13808334 0.11444712
2 0.53153205 0.21084061 0.122645974 0.10330802
2 0.5116145 0.17370762 0.1318343 0.11401355
2 0.429447 0.21625845 0.11530191 0.1392143
2 0.41507387 0.31245527 0.14888334 0.0949536
2 0.38707492 0.34637052 0.14939624 0.101052284
2 0.5289993 0.4029457 0.13238311 0.09585768
2 0.37857383 0.48489738 0.14662325 0.092761874
2 0.22793095 0.4072741 0.12750378 0.11171061
2 0.2302109 0.49231604 0.08385575 0.15933341
2 0.20208146 0.49042702 0.08107084 0.15107012
2 0.41166255 0.56484354 0.15216666 0.10931456
2 0.40843958 0.6280429 0.14348996 0.10469389
2 0.34587523 0.1012107 0.09714073 0.09551701
2 0.0742797 0.06485774 0.098559394 0.066749975
2 0.07080647 0.0881076 0.091612965 0.09669682
2 0.17924471 0.21377853 0.12367174 0.11550534
2 0.15210135 0.23751983 0.1200099 0.121323824
2 0.06342366 0.2173742 0.076847315 0.106087744
2 0.07329784 0.32734784 0.08055794 0.14497131
2 0.082616724 0.49059355 0.08421883 0.13913915
2 0.06556414 0.61084235 0.08112827 0.13753498
