2 0.80482596 0.43756896 0.14034808 0.21958828
2 0.6091 0.33519462 0.20156801 0.18658297
2 0.39764398 0.27509457 0.16521597 0.12518913
2 0.22913201 0.2379315 0.135456 0.050862998
2 0.808138 0.38967592 0.13372397 0.21629411
2 0.809786 0.3368417 0.13042796 0.20637971
2 0.811434 0.30315882 0.12713206 0.18131763
2 0.813914 0.27674165 0.122172 0.1284833
2 0.807306 0.25280315 0.13538802 0.08060628
2 0.40094 0.25445023 0.161888 0.08390047
2 0.604972 0.22803313 0.20982397 0.031066239
2 0.615692 0.25280315 0.20816004 0.08060628
2 0.61241204 0.27261603 0.20153594 0.120232046
2 0.610748 0.29737008 0.20486403 0.16974014
