2 0.4463177 0.33537546 0.3127752 0.219733
2 0.58595043 0.23084825 0.3129066 0.22669649
2 0.83967257 0.1746153 0.2006743 0.1142306
2 0.76197696 0.21755019 0.33329666 0.20010036
2 0.20913088 0.45841938 0.13976741 0.16579068
2 0.2463318 0.5592503 0.14031199 0.14423943
2 0.496161 0.4756292 0.3155399 0.21687457
2 0.62969476 0.35030425 0.31215012 0.2294113
2 0.29991832 0.67410004 0.17362773 0.16682327
2 0.4072635 0.65092427 0.2800445 0.18751228
2 0.53261536 0.5742445 0.30064765 0.2052623
2 0.5180859 0.521629 0.300627 0.2051979
2 0.8606187 0.19856292 0.19062495 0.16212583
2 0.8897292 0.39942303 0.13554156 0.15700078
2 0.8781657 0.35863945 0.15866852 0.17652798
2 0.79499966 0.31784067 0.30777872 0.20967372
2 0.66240513 0.4194437 0.2968943 0.19641238
2 0.27414355 0.59341216 0.16928212 0.15247846
2 0.36111683 0.53915006 0.28885472 0.19448864
