2 0.3550356 0.48782742 0.3953553 0.30235052
2 0.7268927 0.61432874 0.28304446 0.24821946
2 0.9530179 0.70969516 0.09396422 0.21269703
2 0.35012513 0.5521407 0.38897213 0.2969494
2 0.34538293 0.6225629 0.3918803 0.28299057
2 0.34164652 0.6889869 0.39321524 0.29310942
2 0.33562338 0.7528767 0.39392713 0.2816558
2 0.35469 0.82052743 0.39605504 0.29334855
2 0.34640825 0.87429327 0.40138555 0.25141346
2 0.35369498 0.9069382 0.3945309 0.18612361
2 0.34898198 0.9414819 0.39759862 0.11703622
2 0.34167305 0.9726965 0.40080684 0.054607034
2 0.9518589 0.7592466 0.096282244 0.20756829
2 0.94737124 0.81677854 0.10525751 0.20270634
2 0.94623727 0.86359763 0.10752547 0.20188129
2 0.9516523 0.9118876 0.09669542 0.17622483
2 0.9559209 0.9310867 0.08815825 0.13782656
2 0.9536846 0.9552314 0.092630744 0.08953714
2 0.7300561 0.9737127 0.2852589 0.052574635
2 0.72958875 0.94749904 0.2817986 0.10500193
2 0.73802805 0.91670305 0.2872554 0.16659391
2 0.739791 0.8889486 0.2882651 0.22210276
2 0.73476005 0.8437283 0.28954756 0.23477435
2 0.7193321 0.7862721 0.28910434 0.2440275
2 0.72347164 0.7297071 0.28073502 0.23186469
2 0.72512025 0.67381877 0.286556 0.24744642
