2 0.06229102 0.06643638 0.052082043 0.037872765
2 0.064270504 0.07287278 0.056041017 0.05074556
2 0.11208591 0.3635807 0.063343614 0.047523856
2 0.13435596 0.40268466 0.07621193 0.04058826
2 0.20313887 0.3690219 0.043548673 0.048515677
2 0.22442092 0.3903112 0.04255724 0.061381638
2 0.24520387 0.28189808 0.032663256 0.07425441
2 0.11010641 0.06940492 0.059384637 0.043809846
2 0.055364523 0.2977394 0.03822904 0.07227087
2 0.05684828 0.17348838 0.041196566 0.049500674
2 0.06952864 0.15566348 0.06136069 0.051484257
2 0.07893375 0.14130984 0.0544342 0.04653898
2 0.089815825 0.12398428 0.058393147 0.051477432
2 0.12693375 0.14725035 0.049483776 0.06435704
2 0.1299013 0.19427836 0.067302614 0.041586846
2 0.14177822 0.21160397 0.067302614 0.044555396
2 0.07249955 0.23437414 0.05938463 0.042571828
2 0.14029102 0.27892953 0.066311084 0.04058826
2 0.2145235 0.24625513 0.056417078 0.05049248
2 0.21006879 0.2873427 0.03365469 0.07523936
2 0.22342949 0.2873427 0.03265637 0.0712859
2 0.12148762 0.31654927 0.068294056 0.048508823
2 0.12049955 0.34724352 0.064335056 0.046532154
2 0.17097478 0.083392605 0.042564094 0.065341994
2 0.21699871 0.076460324 0.041565806 0.04752393
2 0.3926739 0.09923051 0.06631106 0.05544457
2 0.3129987 0.076460324 0.06928551 0.04752393
2 0.31399015 0.09774624 0.06531966 0.042571828
2 0.24520387 0.15418263 0.05443421 0.05247602
2 0.2570808 0.16655608 0.052451313 0.055444628
2 0.32042092 0.16110808 0.07422906 0.046532154
2 0.36001065 0.14130984 0.06631106 0.04653898
2 0.4348923 0.20219906 0.057715416 0.039603293
2 0.38970298 0.19427837 0.06433505 0.045540363
2 0.36298165 0.19180234 0.03859824 0.06435022
2 0.29073203 0.21259575 0.03265637 0.068317324
2 0.27984655 0.2913064 0.03463936 0.06534207
2 0.28528932 0.35021207 0.037606835 0.06435698
2 0.35506368 0.42644665 0.068287194 0.03465116
2 0.33378506 0.31506497 0.057401776 0.0495075
2 0.33774403 0.2640766 0.057401776 0.046532154
2 0.43736753 0.24675104 0.052764952 0.04356356
2 0.34714574 0.33635432 0.06433505 0.046532154
2 0.3733748 0.3576368 0.059384644 0.045540333
2 0.4268175 0.36506158 0.05344951 0.03267443
2 0.42236283 0.37793434 0.06432819 0.03267443
2 0.449241 0.41110122 0.029017925 0.063358426
2 0.6447953 0.38537228 0.17424035 0.11069667
2 0.61408186 0.4195472 0.22816372 0.1609056
2 0.6298282 0.4308844 0.25965643 0.13823122
2 0.6100323 0.47619247 0.22006464 0.04761505
2 0.42707217 0.5586067 0.11835563 0.039713383
2 0.78056943 0.91562784 0.13861716 0.10536742
2 0.78452617 0.8957511 0.1346029 0.10233033
2 0.7901856 0.88247156 0.13972795 0.09823501
2 0.79277694 0.86426413 0.13362932 0.095488906
2 0.7909167 0.8455317 0.134781 0.09355545
2 0.7971853 0.825367 0.13250971 0.092329025
2 0.8004427 0.81040365 0.13362932 0.095488906
2 0.80454266 0.79212546 0.13104141 0.09715414
2 0.78408694 0.7187656 0.13661337 0.106429815
2 0.79320884 0.705037 0.13086557 0.10082936
2 0.7868427 0.6888741 0.12149644 0.090040326
2 0.792094 0.65990144 0.11797154 0.09003198
2 0.79558444 0.64069617 0.12099302 0.09141433
2 0.79854286 0.6249023 0.11308026 0.085333824
2 0.8113973 0.6068746 0.12157905 0.09962368
2 0.69110024 0.60688 0.09874213 0.09487772
2 0.67462605 0.6432855 0.09913266 0.08759558
2 0.6704181 0.6701378 0.106456995 0.09424794
2 0.66077113 0.6876634 0.113883376 0.091385365
2 0.65780354 0.70851403 0.10997319 0.08396387
2 0.66007483 0.7269637 0.108211756 0.08652496
2 0.6776834 0.7806016 0.112519145 0.09182608
2 0.6743004 0.8017663 0.107999325 0.085032344
2 0.6726693 0.8147464 0.103022575 0.08689511
2 0.66637486 0.83096766 0.10904181 0.10217857
2 0.66042095 0.86216354 0.109148026 0.10292494
2 0.66381955 0.8991772 0.1047045 0.09687126
2 0.5945263 0.5864099 0.066957116 0.061021924
2 0.6027229 0.55259037 0.050159335 0.04796481
2 0.59989524 0.5777765 0.055577397 0.04613328
2 0.8956425 0.6552468 0.06387329 0.054496527
2 0.88333154 0.64644504 0.06322718 0.04995632
