2 0.25482818 0.2575308 0.10095042 0.15049249
2 0.3884351 0.24763335 0.13459152 0.12673047
2 0.46959746 0.37337208 0.14252308 0.12474692
2 0.460688 0.40406296 0.1405401 0.11485636
2 0.59528637 0.41396034 0.096984625 0.13068402
2 0.63289315 0.42782488 0.10095048 0.122763336
2 0.7289 0.54069084 0.10293329 0.11484268
2 0.7773991 0.59316003 0.08908033 0.16038299
2 0.08459227 0.8285209 0.0653265 0.14795828
2 0.35478717 0.38822162 0.11876929 0.11879617
2 0.52600765 0.4802941 0.07324445 0.11287281
2 0.6180556 0.5802941 0.11085129 0.13465118
2 0.6150812 0.6882079 0.14450598 0.08911085
2 0.5844009 0.74859786 0.16232479 0.10296857
2 0.56757355 0.7852394 0.15241024 0.085143685
2 0.59528637 0.8671323 0.104916334 0.070735335
2 0.4715735 0.84535396 0.0910632 0.114292145
2 0.47750854 0.61197674 0.1148034 0.09900141
2 0.4359427 0.57632697 0.122721374 0.102968454
2 0.4171325 0.5476197 0.10886842 0.0930779
2 0.39536837 0.51296854 0.1167863 0.102954865
2 0.32113248 0.5595007 0.09896755 0.12871408
2 0.31519738 0.6535567 0.13460523 0.08317375
2 0.29144356 0.6882079 0.13460523 0.08911085
2 0.4300009 0.7337483 0.11876929 0.085143685
2 0.29441798 0.82285905 0.13262214 0.08117652
2 0.145953 0.75751024 0.11283416 0.10098493
2 0.15486242 0.833473 0.06730938 0.13805401
2 0.12814105 0.83544976 0.06531277 0.13410056
2 0.33202478 0.87604487 0.1365881 0.052910328
2 0.23305047 0.43178523 0.0851282 0.13068402
2 0.14100258 0.41792065 0.08313159 0.09504783
2 0.10735466 0.30208617 0.13855724 0.08119023
2 0.071021795 0.21396716 0.1320436 0.091080695
2 0.08459227 0.5733653 0.1088684 0.1049521
2 0.06083843 0.59811217 0.104902655 0.1108892
