2 0.6214544 0.93520546 0.19865227 0.12958908
2 0.787578 0.92530257 0.20935738 0.14939487
2 0.82230115 0.78038627 0.20647645 0.18717313
2 0.7998843 0.74627376 0.20039856 0.17206037
2 0.8970809 0.700716 0.07793355 0.16883326
2 0.7558814 0.16369647 0.1404419 0.17933965
2 0.7582713 0.07552102 0.15379512 0.13105422
2 0.73098165 0.06319617 0.14726377 0.11956832
2 0.44875887 0.11686132 0.18903369 0.14312027
2 0.37399313 0.05397277 0.20718288 0.10794554
2 0.2463519 0.11435293 0.122241676 0.13248858
2 0.20893067 0.31741345 0.10460578 0.18675417
2 0.6876474 0.7943364 0.19049704 0.18212569
2 0.837488 0.6415799 0.12225127 0.14311469
2 0.8659771 0.51573515 0.11848521 0.16687453
2 0.835836 0.40527537 0.16350591 0.12909442
2 0.7887243 0.34801054 0.20039713 0.15058374
2 0.7583338 0.31299776 0.18469715 0.13078755
2 0.7448211 0.20148917 0.15083861 0.15937427
2 0.6308171 0.24564913 0.15370595 0.17617047
2 0.733448 0.50547177 0.16150129 0.13791564
2 0.70226395 0.55184966 0.17672145 0.14640915
2 0.6933652 0.58781433 0.15935123 0.13270307
2 0.6826503 0.63272595 0.17525482 0.14883363
2 0.57644 0.5943334 0.17456481 0.17689097
2 0.53215075 0.48602134 0.19795251 0.13334855
2 0.49007502 0.4503041 0.20495754 0.1414901
2 0.63370025 0.3812013 0.16477823 0.12623346
2 0.44346154 0.2994772 0.19841924 0.1326952
2 0.27829728 0.39138046 0.21057379 0.15644139
2 0.2610034 0.2952168 0.17645884 0.19663519
2 0.23575392 0.2990193 0.15282291 0.1864829
2 0.46007273 0.21545208 0.2043572 0.14954402
2 0.4408071 0.1510985 0.1930255 0.14261332
2 0.52011865 0.77574575 0.17260146 0.19338703
2 0.40485546 0.8206677 0.1672352 0.15614009
2 0.42787176 0.95149416 0.19503888 0.097011685
2 0.29247424 0.62673664 0.15992089 0.15406013
