2 0.4816226 0.2552567 0.3094316 0.12669367
2 0.50577587 0.31504503 0.34605408 0.12799716
2 0.48879454 0.38701144 0.35003453 0.14611334
2 0.49483693 0.461896 0.36175916 0.13506523
2 0.5097239 0.5353052 0.37607777 0.168118
2 0.501458 0.61113983 0.38742986 0.16692734
2 0.50212485 0.69332147 0.36952794 0.1645627
2 0.5103569 0.785126 0.41820812 0.18453121
2 0.54181284 0.8360486 0.3993914 0.11968815
2 0.1543406 0.4289542 0.2573027 0.15066618
2 0.1388072 0.58598614 0.2776144 0.15769315
2 0.1309053 0.6787744 0.2618106 0.17760384
2 0.10964987 0.7803978 0.21929973 0.18080318
2 0.13258213 0.85134 0.26516426 0.097546816
2 0.16810116 0.3573607 0.2520603 0.14299363
2 0.17152935 0.23536256 0.20393115 0.12765265
2 0.29798663 0.2143891 0.33348513 0.13768771
2 0.2926499 0.28051162 0.3541981 0.14606684
2 0.3111315 0.34004223 0.35760945 0.14230639
2 0.30713564 0.40874442 0.36248153 0.14421308
2 0.27861866 0.488047 0.389404 0.1606667
2 0.29695317 0.56107396 0.39807165 0.16468132
2 0.28000975 0.6516628 0.41752648 0.17832994
2 0.26493967 0.74571574 0.4440217 0.19511628
2 0.2750712 0.82579285 0.45570767 0.14639163
