2 0.1571518 0.19324172 0.3143036 0.33740568
2 0.07950839 0.101304896 0.15901677 0.20260979
2 0.1667341 0.25773433 0.3334682 0.32124418
2 0.16509104 0.31382108 0.33018208 0.28980088
2 0.16501346 0.3563164 0.2897336 0.22956222
2 0.15294038 0.39587316 0.20225617 0.14973879
2 0.099553116 0.35663056 0.17754386 0.21348578
2 0.086448535 0.23102349 0.17289707 0.16370875
2 0.08968562 0.27674678 0.17937124 0.1861605
2 0.08823373 0.30378938 0.17646746 0.21501493
2 0.8572079 0.11936743 0.2855841 0.23873486
2 0.8550917 0.17222777 0.2875135 0.25752312
2 0.8427797 0.21795994 0.28086722 0.2484778
2 0.8316284 0.27208996 0.2705977 0.2438131
2 0.8120173 0.33147982 0.27489913 0.23736674
2 0.7476376 0.08987044 0.2640494 0.17631093
2 0.7331202 0.21476237 0.23951554 0.21521923
2 0.741333 0.17369063 0.23682809 0.19887051
2 0.70067817 0.30489615 0.24094343 0.21614532
2 0.7140053 0.2571058 0.24020648 0.22359459
2 0.5984174 0.31561333 0.1968348 0.2021177
2 0.5589308 0.19887482 0.11786166 0.1591352
2 0.5720945 0.13018438 0.121439576 0.1429615
2 0.5763186 0.1042255 0.112029076 0.097824775
2 0.57008505 0.15297736 0.13218725 0.17710206
2 0.55297375 0.24985272 0.105947495 0.14692737
2 0.748802 0.1109982 0.2575245 0.21765706
2 0.09365061 0.9595096 0.18730122 0.08098078
2 0.10439214 0.92565846 0.20878428 0.14868307
2 0.10827641 0.8866519 0.21655282 0.17909539
2 0.11787377 0.84106797 0.23574755 0.16687214
2 0.11599088 0.7917725 0.23198175 0.1506989
2 0.110917 0.75009745 0.221834 0.16042495
2 0.08927289 0.630749 0.17854577 0.21206284
2 0.087177955 0.59544206 0.17435591 0.19088411
2 0.08441572 0.5842543 0.16883144 0.16850865
2 0.09178802 0.5762824 0.18357605 0.15256476
2 0.09331638 0.54778326 0.18663277 0.09556651
2 0.08221869 0.5091377 0.16443738 0.01827538
2 0.26531154 0.9593599 0.11231542 0.08128023
2 0.2600537 0.973239 0.0944587 0.05352199
2 0.44195 0.8500302 0.048424423 0.117919564
2 0.4859563 0.7785114 0.028087378 0.113025546
2 0.8759612 0.91678584 0.18057764 0.16384113
2 0.86398494 0.81196046 0.20453012 0.15916467
2 0.71388227 0.70706624 0.21980584 0.14216292
2 0.8666377 0.93623745 0.19922459 0.12502515
2 0.8579382 0.95420694 0.20496285 0.089086056
2 0.8476454 0.9733306 0.19252682 0.05083871
2 0.8201144 0.9914881 0.18122625 0.014523864
2 0.76951694 0.954158 0.23085189 0.08918393
2 0.637638 0.94747925 0.2022562 0.10254145
2 0.5640125 0.85814357 0.063025 0.119458914
2 0.8431052 0.9125273 0.20450652 0.09539342
2 0.68280256 0.7984884 0.16835833 0.09603679
2 0.7015477 0.7584232 0.18803239 0.11380875
2 0.6163957 0.70390636 0.062448025 0.048451424
2 0.5942494 0.78747535 0.114779115 0.116273165
2 0.6398599 0.84064865 0.19629312 0.13325083
2 0.8190081 0.939623 0.21209693 0.11825395
2 0.7908018 0.93953764 0.23300636 0.118424654
2 0.66281927 0.9343135 0.20615292 0.12887299
2 0.66757786 0.8099678 0.20410955 0.13375294
