2 0.5165545 0.56899315 0.27493215 0.18321276
2 0.5244741 0.6089805 0.26697373 0.17793548
2 0.52464193 0.6375253 0.27523422 0.16867709
2 0.53365123 0.6735278 0.26358855 0.16440773
2 0.5506092 0.70782244 0.2652036 0.16029453
2 0.5548137 0.7497567 0.26081786 0.15829575
2 0.56030214 0.7800286 0.26358855 0.16440773
2 0.56680095 0.8170799 0.25932148 0.16827464
2 0.65558445 0.92401 0.27157402 0.14698005
2 0.6489525 0.94227403 0.25738287 0.11045194
2 0.669233 0.9605605 0.23304844 0.073879
2 0.8649271 0.9697186 0.13514578 0.055562854
2 0.85491526 0.940089 0.15516949 0.11482203
2 0.8534789 0.9224058 0.15804219 0.15018845
2 0.85052425 0.8861774 0.16395152 0.14609504
2 0.8424413 0.8526667 0.18011737 0.15159154
2 0.7907843 0.7619181 0.22466993 0.1613512
2 0.78094155 0.7198434 0.21490526 0.14864004
2 0.77415144 0.69430846 0.20637989 0.15338933
2 0.77289534 0.6598156 0.22087026 0.1828283
2 0.7600309 0.59721214 0.22123945 0.18430412
2 0.7269942 0.5292805 0.21178854 0.17306232
