2 0.087124124 0.07458754 0.09424826 0.056675076
2 0.09918025 0.056111317 0.11836051 0.019722633
2 0.1072364 0.06455041 0.13447282 0.036600813
2 0.10521534 0.08222754 0.1304307 0.071955085
2 0.13344826 0.068804376 0.12224559 0.04418592
2 0.15716752 0.08526193 0.09894734 0.04822312
2 0.16320261 0.10533626 0.08204908 0.0642602
2 0.18491492 0.09489257 0.08202106 0.030531973
2 0.20140614 0.11297624 0.055494696 0.0474101
2 0.5902651 0.14007215 0.018030167 0.09252006
2 0.62628293 0.02991049 0.09006584 0.047320977
2 0.6194506 0.036960278 0.07640123 0.061420552
2 0.8220264 0.08521777 0.06377888 0.05588594
2 0.36775896 0.6336703 0.22446859 0.11548936
2 0.3543107 0.6795279 0.29137862 0.21551228
2 0.3529011 0.7641603 0.2941978 0.32887936
2 0.25 0.8417846 0.5 0.3164308
2 0.80330503 0.91585 0.29088998 0.15079999
2 0.809345 0.94144 0.27881002 0.099619985
2 0.807485 0.96702 0.28253007 0.048460007
