2 0.69360274 0.8657881 0.24716127 0.04342389
2 0.6722891 0.82761043 0.24049544 0.11977911
2 0.66691667 0.7654107 0.2385664 0.11317825
2 0.66732025 0.7059693 0.24145031 0.13545787
2 0.6539891 0.6466795 0.23888385 0.12849867
2 0.6455331 0.58756274 0.22007489 0.12072623
2 0.64184797 0.5278126 0.2387408 0.12694883
2 0.6513953 0.47645468 0.22845328 0.12289646
2 0.6599863 0.4299092 0.24484289 0.12395507
2 0.4171591 0.7663164 0.24055344 0.12852907
2 0.41033924 0.6444139 0.2312744 0.11984503
2 0.3962892 0.5800141 0.2338019 0.1265055
2 0.3855317 0.5157615 0.20187277 0.11808753
2 0.3842169 0.44282258 0.24546894 0.12879327
2 0.3838921 0.38995552 0.22803575 0.11967099
2 0.42934823 0.8261171 0.23894182 0.12276578
2 0.5538988 0.86801475 0.2391598 0.03897047
2 0.5631051 0.842291 0.23850116 0.09041798
2 0.5558606 0.7972276 0.23314476 0.12142837
2 0.5348561 0.7290139 0.23889935 0.12861812
2 0.54142565 0.6732847 0.23704055 0.12667954
2 0.5279823 0.60713804 0.23745808 0.12990499
2 0.5166471 0.5446339 0.24121058 0.13360623
2 0.5158003 0.4817442 0.24173963 0.12527126
2 0.5035086 0.4180618 0.23704827 0.12673932
2 0.22220555 0.8098208 0.13941109 0.108736634
2 0.22903934 0.8510129 0.15307868 0.072974205
2 0.29490674 0.7806271 0.21859108 0.12212944
2 0.30915982 0.8356635 0.22402841 0.10367298
2 0.25944275 0.5244709 0.21388549 0.12465915
2 0.2637738 0.4654827 0.22254764 0.12624142
2 0.25848773 0.3935574 0.21197546 0.13158256
2 0.21596506 0.75411135 0.12693012 0.10184538
2 0.2817762 0.7104638 0.22008258 0.12078607
2 0.21125762 0.62768847 0.117515236 0.108946085
