2 0.3116414 0.39421475 0.30905402 0.10551083
2 0.055133957 0.34021577 0.110267915 0.09335458
2 0.046421897 0.3622539 0.09284379 0.073827386
2 0.70389235 0.020198114 0.08779311 0.04039623
2 0.569661 0.20559917 0.10631287 0.1299251
2 0.64694256 0.42177224 0.22152174 0.145975
2 0.35720792 0.6193674 0.28558415 0.23873484
2 0.35509166 0.6722278 0.28751343 0.25752318
2 0.3427797 0.71795994 0.28086722 0.24847782
2 0.33162838 0.77208996 0.2705977 0.24381304
2 0.31201735 0.8314798 0.27489913 0.2373668
2 0.24763764 0.58987045 0.26404944 0.1763109
2 0.23312022 0.7147624 0.23951551 0.21521926
2 0.24133298 0.6736906 0.23682803 0.19887054
2 0.20067817 0.8048961 0.24094345 0.21614528
2 0.21400528 0.7571058 0.24020651 0.22359455
2 0.09841737 0.8156133 0.19683474 0.20211768
2 0.05893084 0.69887483 0.11786168 0.15913522
2 0.072094485 0.6301844 0.12143952 0.1429615
2 0.07631863 0.6042255 0.11202906 0.09782481
2 0.07008508 0.65297735 0.13218725 0.17710209
2 0.052973725 0.7498527 0.10594745 0.14692736
2 0.248802 0.6109982 0.2575245 0.21765709
2 0.64483964 0.87047434 0.21328115 0.14468777
2 0.84787154 0.8982451 0.2113018 0.13996673
2 0.8938203 0.6148821 0.18061638 0.12838304
2 0.9044822 0.6440909 0.16130865 0.12316036
2 0.9098041 0.6706646 0.15188062 0.11843622
2 0.9184181 0.7079849 0.1391064 0.11851013
2 0.9245634 0.7372848 0.12940037 0.11620331
2 0.93442214 0.7644799 0.10919094 0.10416281
2 0.94174206 0.7913482 0.09632707 0.099330425
2 0.94790137 0.8216897 0.08554089 0.093527436
2 0.9572239 0.84778214 0.07026327 0.0917058
2 0.8357872 0.8634727 0.21978283 0.13895285
2 0.82427096 0.8376813 0.22514355 0.14343774
2 0.8064438 0.8054509 0.22489548 0.1434964
2 0.7939081 0.7751417 0.2176385 0.13647592
2 0.77877194 0.7460117 0.21778989 0.13677382
2 0.7630155 0.71473664 0.22035158 0.14158249
2 0.7490728 0.6850007 0.22186625 0.13820851
2 0.7347105 0.6543869 0.21407723 0.14189911
2 0.71640986 0.6243468 0.21438456 0.13266551
2 0.70273495 0.59163487 0.21403694 0.1341083
2 0.5452476 0.5722587 0.09049523 0.11112177
2 0.5521065 0.61265016 0.10421303 0.10783565
2 0.5625905 0.6375576 0.12518096 0.116013885
2 0.5719751 0.6689727 0.14395022 0.12654603
2 0.58170426 0.6949562 0.16340852 0.12988997
2 0.5871805 0.7247892 0.17436099 0.13226652
2 0.5933994 0.75296295 0.18679881 0.128304
2 0.5997125 0.7822525 0.19942498 0.1330359
2 0.61303556 0.81366277 0.20422721 0.13493752
2 0.62875724 0.8438598 0.20234704 0.1306957
