2 0.19211681 0.2885329 0.31423363 0.23793417
2 0.18878885 0.20825829 0.3075777 0.23383704
2 0.18794127 0.1768285 0.30588254 0.171157
2 0.1850782 0.1429176 0.3001564 0.10333521
2 0.18459632 0.10176915 0.29919264 0.021038294
2 0.59255046 0.4272871 0.044540167 0.050425768
2 0.67073846 0.2708875 0.04255724 0.08019839
2 0.65144277 0.22435535 0.063343525 0.048515707
2 0.66331625 0.21148257 0.06136751 0.054452807
2 0.6832376 0.1873444 0.06111455 0.05718881
2 0.7321026 0.20604138 0.034646153 0.06930235
2 0.8058359 0.24266928 0.063343644 0.04752387
2 0.8281059 0.20356534 0.07621193 0.04058829
2 0.89688885 0.2372281 0.043548703 0.048515692
2 0.9181709 0.21593879 0.04255724 0.061381638
2 0.9389539 0.3243519 0.032663226 0.07425439
2 0.67222226 0.43372008 0.055425644 0.037559867
2 0.6737094 0.39464602 0.07225299 0.044555426
2 0.6890496 0.36445105 0.08116245 0.051484287
2 0.6974633 0.3461303 0.076205134 0.042571843
2 0.68360686 0.29019666 0.052458167 0.06534207
2 0.74546325 0.30851063 0.04553163 0.07227087
2 0.7424957 0.43025565 0.057401657 0.044488728
2 0.7632786 0.43867218 0.061360717 0.027655602
2 0.8236513 0.41197163 0.067302585 0.041586876
2 0.83552825 0.39464602 0.067302585 0.044555426
2 0.76624954 0.37187585 0.059384584 0.042571843
2 0.834041 0.32732046 0.06631112 0.04058826
2 0.90827346 0.3599949 0.056417108 0.050492465
2 0.9038188 0.3189073 0.03365469 0.07523936
2 0.91717947 0.3189073 0.03265643 0.0712859
2 0.81523764 0.28970075 0.06829405 0.048508823
2 0.8142495 0.2590065 0.06433511 0.046532154
2 0.9508308 0.4322358 0.052451372 0.040528417
2 0.9687635 0.31494358 0.024973154 0.06534207
2 0.25 0.67761207 0.5 0.35522413
2 0.25 0.6367965 0.5 0.27359295
2 0.25 0.5058997 0.5 0.011799455
2 0.25 0.8763167 0.5 0.24736655
2 0.25 0.8524337 0.5 0.29513264
2 0.25 0.91171 0.5 0.17657995
2 0.25 0.94873905 0.5 0.1025219
2 0.8264518 0.8254585 0.213655 0.11215222
2 0.8873261 0.7379061 0.20034778 0.14999926
2 0.8272155 0.84766304 0.21212769 0.06777191
2 0.8398337 0.8688178 0.20590627 0.024974585
2 0.9019592 0.84627855 0.17108154 0.067097425
2 0.90882576 0.8559178 0.15734851 0.047359705
2 0.91687024 0.85761696 0.14125943 0.04338765
