2 0.33071902 0.16756849 0.33856195 0.33513698
2 0.16871491 0.16923271 0.33742982 0.33846542
2 0.80602 0.10922129 0.18809998 0.19094257
2 0.811275 0.080344126 0.18601 0.13318825
2 0.92819 0.26191732 0.04361999 0.15855463
2 0.934495 0.2251664 0.031010032 0.15645632
2 0.93764997 0.19943672 0.024700046 0.1491021
2 0.93817496 0.17003995 0.02365005 0.14490545
2 0.94343 0.16373491 0.013139963 0.12809876
2 0.93975 0.12488069 0.020499945 0.13440374
2 0.816005 0.06721448 0.18075001 0.10692896
2 0.82178503 0.050942346 0.17549002 0.07438469
2 0.8076 0.038866896 0.17024004 0.05023379
2 0.79814 0.03046355 0.16393995 0.033427097
2 0.16337258 0.9227816 0.13164586 0.15443683
2 0.29567152 0.8442651 0.09874064 0.14240932
2 0.39546221 0.7604354 0.07735664 0.12730896
2 0.46349576 0.69750017 0.040209353 0.1257515
2 0.9928518 0.6388591 0.0142964125 0.14289427
2 0.93889415 0.76505584 0.087769866 0.12305868
2 0.81360126 0.92872345 0.063212395 0.082907915
2 0.8424174 0.9197273 0.05830598 0.1048888
2 0.8748112 0.9203984 0.057980895 0.10863149
2 0.90783614 0.953102 0.071228385 0.05078602
2 0.9114567 0.92965126 0.079321146 0.097921014
2 0.9124883 0.9044395 0.07937658 0.102678895
2 0.971836 0.81708664 0.05632806 0.11241317
2 0.97610325 0.83979946 0.047793508 0.095550895
2 0.9727633 0.86323524 0.0544734 0.10055959
2 0.97120583 0.9087744 0.05758834 0.07484007
2 0.9686391 0.93231094 0.06272185 0.08227718
2 0.97356784 0.9502326 0.052864313 0.067469835
