2 0.4365611 0.45854777 0.12687778 0.07539964
2 0.4446972 0.41850325 0.1106056 0.11174238
2 0.40423486 0.40422353 0.19153029 0.111384034
2 0.4128384 0.34449896 0.1743232 0.10553986
2 0.46344602 0.30115855 0.07310796 0.103069305
2 0.4576137 0.35294554 0.08477259 0.11244339
2 0.17848563 0.33759943 0.25078088 0.11218566
2 0.25542846 0.40212363 0.25189233 0.11668897
2 0.40022367 0.4519192 0.19955266 0.096161604
2 0.4365943 0.24134079 0.12681139 0.0939001
2 0.06918537 0.25628114 0.13837074 0.12525666
2 0.3466395 0.053247508 0.26406926 0.0801693
2 0.18132253 0.33960992 0.25233784 0.11361647
2 0.017594246 0.31207198 0.035188492 0.105216265
2 0.05697267 0.29113784 0.11394534 0.11181468
2 0.013517911 0.22306012 0.027035821 0.10840592
2 0.06798582 0.1769675 0.13597164 0.12364376
2 0.016491562 0.15992771 0.032983124 0.11056855
2 0.019209884 0.110689595 0.03841977 0.1145733
2 0.027572317 0.08082763 0.055144634 0.07858643
2 0.23745668 0.07971609 0.2676375 0.11098617
2 0.31162763 0.19786611 0.27638626 0.12661159
2 0.29270563 0.271601 0.27828127 0.12785906
2 0.41935775 0.28790382 0.1612845 0.11652084
2 0.48528102 0.17440759 0.02943796 0.11430231
2 0.44556355 0.11604108 0.10887289 0.11216846
2 0.33937597 0.08945035 0.29111516 0.12877797
2 0.32250416 0.15447024 0.28463227 0.122271776
2 0.39046672 0.47541052 0.21906656 0.049178958
2 0.23433527 0.4689639 0.25639015 0.062072217
2 0.041350607 0.47130516 0.08270121 0.057389677
2 0.13564852 0.4757808 0.22673088 0.04843837
2 0.16095841 0.44825578 0.25700867 0.103488445
2 0.046805598 0.4105513 0.093611196 0.11723131
2 0.047766414 0.36426327 0.09553283 0.113205194
2 0.9478928 0.21169963 0.092527986 0.116502285
2 0.97277546 0.27606544 0.05444914 0.114136204
2 0.93697095 0.30472827 0.1260581 0.12638551
2 0.9577799 0.36059025 0.08444023 0.09756988
2 0.7968193 0.38250545 0.25505304 0.04737681
2 0.85049915 0.33714715 0.28926206 0.14286172
2 0.92198586 0.24485767 0.15602827 0.1256902
2 0.7988868 0.38069877 0.2579788 0.051228046
2 0.9261204 0.15438698 0.1159184 0.117091775
2 0.86819416 0.124482565 0.22451293 0.13719885
2 0.8946693 0.1884735 0.1943419 0.13673925
2 0.791374 0.23446809 0.30100834 0.15582874
2 0.6639464 0.18269764 0.27145076 0.14617184
2 0.73761016 0.15957005 0.31135523 0.16441718
2 0.6487327 0.11768726 0.24038792 0.15169562
2 0.5571424 0.16425839 0.05765319 0.12775755
2 0.59801054 0.28382525 0.14060128 0.12982905
2 0.6962376 0.24782588 0.26286447 0.13742694
2 0.5611163 0.32514116 0.06720221 0.11730254
2 0.74415404 0.30464932 0.29159057 0.1444552
2 0.630889 0.35425514 0.17275238 0.08992779
2 0.6447059 0.38273734 0.16372705 0.033590257
2 0.04947528 0.80718035 0.051450558 0.07282317
2 0.09323971 0.7692217 0.1389794 0.10511613
2 0.26468945 0.7309459 0.17308687 0.11099172
2 0.41169038 0.6884632 0.11351824 0.08734131
2 0.17846228 0.76823163 0.17893466 0.10882664
2 0.3666141 0.72216856 0.16128415 0.102282286
2 0.05853322 0.88306266 0.05606608 0.07131243
2 0.09916176 0.836774 0.14546314 0.10088444
2 0.061185274 0.9007734 0.055691294 0.05095315
2 0.4261004 0.86035705 0.10029918 0.09312153
2 0.4244367 0.82765615 0.10362661 0.09308672
2 0.42034802 0.7658666 0.11180395 0.08219218
2 0.41683596 0.72012645 0.11464548 0.086423874
2 0.26478526 0.76317215 0.16087711 0.09862673
2 0.2588796 0.87705094 0.14006948 0.08265412
2 0.35934818 0.8482181 0.15303993 0.092556834
2 0.25975516 0.8536471 0.15543588 0.095195055
2 0.36794817 0.8275095 0.1566534 0.09345186
2 0.3721322 0.7995641 0.16294295 0.09288323
2 0.1821459 0.8319231 0.16669428 0.09513283
2 0.1051092 0.8754146 0.14769754 0.085149646
2 0.5628874 0.9919237 0.12577477 0.01615262
2 0.7353488 0.9664105 0.26448798 0.067178965
2 0.93072176 0.9388389 0.13855636 0.08249056
2 0.9839304 0.83818793 0.032139182 0.05455911
2 0.9777696 0.82232904 0.044460773 0.058965683
2 0.9698059 0.8057467 0.060388207 0.05536127
2 0.96427786 0.78397334 0.07144427 0.060637593
2 0.9568968 0.76374954 0.086206436 0.06536496
2 0.94533235 0.7388462 0.1093353 0.07960951
2 0.73826194 0.7141442 0.30755436 0.114446044
2 0.77386874 0.74872655 0.2703203 0.10186672
2 0.7948379 0.7770027 0.25408006 0.09164417
2 0.82273924 0.81268245 0.23320746 0.08590543
2 0.8426392 0.8354046 0.22095144 0.08581841
2 0.86564386 0.854023 0.19722581 0.07879233
2 0.8815602 0.87186193 0.18110693 0.07691145
2 0.8998554 0.89080215 0.1770854 0.07543409
2 0.91525996 0.9054698 0.16011596 0.075523615
2 0.92779243 0.9234295 0.14441514 0.078535795
2 0.7051047 0.9552034 0.29994392 0.08959317
2 0.67621195 0.9455781 0.331733 0.1088438
2 0.6590152 0.9288431 0.31803036 0.12191141
2 0.6471138 0.9046222 0.2942276 0.11783898
2 0.6347927 0.8793222 0.26958537 0.118727684
2 0.6213225 0.84810483 0.24264503 0.12234986
2 0.6078026 0.8126899 0.21560526 0.122704625
2 0.5888453 0.76816607 0.17769063 0.14617562
2 0.56781113 0.7222159 0.13562226 0.1463027
2 0.5473994 0.66670704 0.0947988 0.17413461
