2 0.38873732 0.30342606 0.14252532 0.22895712
2 0.33113086 0.31596237 0.20012224 0.27307522
2 0.24985619 0.34746718 0.19035861 0.2100656
2 0.19137868 0.3482958 0.22115712 0.20840836
2 0.79217887 0.09304278 0.19904006 0.008585572
2 0.80462337 0.11613612 0.20259547 0.05477225
2 0.80462337 0.1321361 0.20081782 0.08677223
2 0.8077166 0.15820664 0.1946311 0.11818666
2 0.8041789 0.21018891 0.20348442 0.12977782
2 0.7064189 0.12635833 0.17685342 0.07521665
2 0.70512116 0.10760276 0.17639112 0.037705533
2 0.69639224 0.18213557 0.1825422 0.104888916
2 0.69818777 0.14613555 0.17795551 0.10798225
2 0.61734056 0.18985114 0.124681115 0.10389328
2 0.57182944 0.11693612 0.033658862 0.056372225
2 0.57182944 0.13868664 0.033658862 0.081777774
2 0.39604628 0.75 0.020407438 0.25
2 0.27159342 0.75 0.21016367 0.25
2 0.13064325 0.75 0.0737865 0.25
2 0.6870564 0.653422 0.11309111 0.13684404
