2 0.324898 0.5075429 0.649796 0.58252096
2 0.5 0.76994723 1.0 0.46010554
2 0.31773508 0.36632842 0.63547015 0.5113616
2 0.32851756 0.26677105 0.6570351 0.41732734
2 0.36099052 0.2004717 0.59226155 0.28699398
2 0.47013468 0.13615997 0.47719336 0.1705589
2 0.6774027 0.20814581 0.6231183 0.35685453
2 0.885251 0.16546616 0.22949803 0.3232928
2 0.53369725 0.44123647 0.6449871 0.29806036
2 0.57353497 0.3474947 0.61192584 0.34110814
2 0.646125 0.29686123 0.64117944 0.404724
2 0.8709941 0.2418972 0.25801182 0.37655646
2 0.99226254 0.7046498 0.0154749155 0.5831084
