2 0.15872599 0.42485946 0.13464001 0.03778106
2 0.156246 0.41247442 0.13630399 0.06255114
2 0.152942 0.39844236 0.13795203 0.09061533
2 0.29047 0.38160664 0.107375994 0.08998132
2 0.38891402 0.36220956 0.06967199 0.077604294
2 0.38849798 0.38284597 0.07050401 0.07429415
2 0.390154 0.4034903 0.06719202 0.07429415
2 0.39180198 0.4232044 0.063896 0.041091263
2 0.390978 0.4141215 0.06554401 0.05925697
2 0.292534 0.402568 0.10491198 0.08236396
2 0.292534 0.41453728 0.103247985 0.058425426
2 0.295846 0.4244437 0.10491198 0.038612604
2 0.6792531 0.37998018 0.23116326 0.045129
2 0.44469807 0.6651881 0.09668428 0.14508724
2 0.4648926 0.62100744 0.07021481 0.13787603
2 0.33647156 0.5579058 0.07193893 0.11581159
2 0.24135113 0.5445208 0.124237835 0.08904159
2 0.18239379 0.54517263 0.14331757 0.09034529
2 0.27584028 0.59197575 0.12674642 0.09689319
2 0.8500927 0.5692385 0.29981458 0.13847697
2 0.83844995 0.6355993 0.3231001 0.27119863
2 0.8503454 0.75 0.29930925 0.5
2 0.7792095 0.77997595 0.441581 0.4400481
