2 0.3244394 0.1921059 0.3511212 0.29370728
2 0.113475464 0.1646547 0.22695093 0.30669016
2 0.062279765 0.13647413 0.12455953 0.26448518
2 0.066486485 0.118262805 0.13297297 0.23652561
2 0.12247463 0.108726025 0.24494927 0.21745205
2 0.073121764 0.07023916 0.14624353 0.14047831
2 0.081957065 0.040140335 0.16391413 0.08028067
2 0.3481429 0.041626744 0.30371422 0.08325349
2 0.34087288 0.066537336 0.31825423 0.13307467
2 0.34105012 0.094928294 0.31789976 0.18985659
2 0.33370656 0.12657467 0.33258688 0.25314933
2 0.3237941 0.15452853 0.3524118 0.30775172
2 0.13675682 0.026637353 0.27351364 0.053274706
2 0.6556622 0.12093816 0.11080217 0.08437632
2 0.82451355 0.16611755 0.1909728 0.17473513
2 0.84698886 0.12686414 0.14602232 0.096228294
2 0.7505812 0.25317487 0.3388375 0.3336503
2 0.63307166 0.16092902 0.08578241 0.16435808
2 0.63011026 0.20165898 0.097013 0.24581799
2 0.6441412 0.2582011 0.12764645 0.18674405
2 0.75824654 0.30965507 0.31613827 0.22068988
2 0.7838123 0.35005033 0.2522725 0.13989937
2 0.019361708 0.72766197 0.038723417 0.30881143
2 0.0721304 0.68097657 0.1442608 0.36195314
2 0.11261513 0.6676228 0.22523026 0.33524564
2 0.32068595 0.7774025 0.3586281 0.34905088
2 0.34148395 0.69158655 0.3170321 0.3831731
2 0.35010555 0.65330523 0.2997889 0.30661047
2 0.3717414 0.6160331 0.25651717 0.23206615
2 0.8667097 0.60018355 0.26658058 0.13642097
2 0.8714027 0.630435 0.25719464 0.19692397
2 0.85840774 0.69041204 0.28318453 0.2626406
2 0.8546406 0.745513 0.2907188 0.28706133
2 0.9638883 0.77689505 0.072223425 0.2278831
