2 0.7651764 0.57363576 0.081287384 0.15705693
2 0.90349865 0.56963986 0.062821746 0.13371265
2 0.6571415 0.45728245 0.095103145 0.15702015
2 0.47689927 0.24086303 0.08650008 0.19614671
2 0.5224498 0.24836218 0.07099855 0.21733087
2 0.5730731 0.23830658 0.065793276 0.21253341
2 0.62755364 0.17521137 0.10101855 0.115422755
2 0.6306066 0.22820713 0.100012064 0.1539605
2 0.6303361 0.26870078 0.09753251 0.15482259
2 0.7264502 0.36807242 0.08609688 0.15135735
2 0.7365137 0.33436596 0.08033192 0.13171506
2 0.73144716 0.30216372 0.08326471 0.14287162
2 0.7314595 0.23519841 0.08959627 0.110906065
2 0.7239888 0.20013091 0.082660556 0.12684663
2 0.7381997 0.16919436 0.08023119 0.10338873
2 0.81411016 0.24886332 0.07020044 0.103176504
