2 0.5908503 0.5435702 0.12137866 0.119169384
2 0.580986 0.52708775 0.15834093 0.14226925
2 0.34892374 0.6312689 0.18973577 0.0916394
2 0.74373996 0.53169113 0.14217484 0.12647524
2 0.8170211 0.44439164 0.1050452 0.15644902
2 0.7079605 0.4204936 0.1826545 0.11201453
2 0.69215053 0.3901773 0.18649685 0.113827646
2 0.67703086 0.3667325 0.17831242 0.10507321
2 0.51739603 0.32967606 0.22818041 0.11135256
2 0.37067485 0.39389804 0.2046951 0.09541881
2 0.31338722 0.44991055 0.17276365 0.08611745
2 0.32418868 0.5665261 0.17334884 0.11008978
2 0.18218005 0.5777935 0.17865683 0.10850179
2 0.17851031 0.5503293 0.16187213 0.104694605
2 0.18344125 0.49055278 0.18413687 0.108628035
2 0.174371 0.34573516 0.13293946 0.14339453
2 0.19658299 0.33084655 0.13728014 0.15032142
2 0.22378454 0.32034868 0.12796044 0.1484108
2 0.2442559 0.3062752 0.11682683 0.14642976
2 0.26464128 0.2913446 0.112486124 0.13950284
2 0.29050666 0.27654013 0.09018922 0.13555431
2 0.3337747 0.27154326 0.12154943 0.12086928
2 0.3592537 0.24389528 0.13087034 0.12279418
2 0.3810352 0.22472097 0.13435304 0.12117854
2 0.4028341 0.18757424 0.105231285 0.15814929
2 0.42507976 0.18209328 0.10723162 0.15992
2 0.49497926 0.21535848 0.16380236 0.08762136
2 0.5274707 0.13773943 0.10123706 0.08547887
2 0.77293634 0.2867952 0.15375781 0.11478393
2 0.7622021 0.26172677 0.17367792 0.11351806
2 0.756803 0.14842822 0.16104782 0.106856436
2 0.75083923 0.1355638 0.16780698 0.08112761
2 0.6813081 0.13397032 0.17862558 0.07794064
2 0.6595047 0.12601778 0.17526758 0.06203556
2 0.63863415 0.11807153 0.17736697 0.046143055
2 0.6108701 0.3344014 0.13035524 0.11766559
2 0.3590206 0.59555584 0.15692943 0.07378054
2 0.2839174 0.121387176 0.12591183 0.052774355
2 0.21575677 0.13338865 0.11752047 0.07677731
2 0.19195206 0.17586917 0.15055093 0.10099882
2 0.1010699 0.550614 0.057139784 0.1700376
