2 0.54678833 0.52745795 0.19455647 0.23766968
2 0.9006618 0.5055438 0.19867635 0.19173265
2 0.9707055 0.76361513 0.05858898 0.20653296
2 0.9483942 0.77226764 0.10321164 0.21893287
2 0.9265005 0.78234446 0.146999 0.22410011
2 0.9124965 0.92968065 0.17500699 0.14063871
2 0.77153283 0.899699 0.22210705 0.16849744
2 0.53255886 0.87966543 0.252573 0.117714524
2 0.7281099 0.6293434 0.18233073 0.22079098
2 0.7030224 0.657805 0.18507218 0.2381717
2 0.55925405 0.82474893 0.2766173 0.10496426
2 0.12325502 0.94275624 0.1631759 0.11448753
2 0.101894096 0.9253103 0.1363096 0.12810564
