2 0.62339056 0.02949886 0.18239915 0.05899772
2 0.93729955 0.029205987 0.1254009 0.058411974
2 0.8412576 0.11659843 0.18148601 0.23319685
2 0.9469255 0.43777114 0.10614896 0.2741119
2 0.8551061 0.33573115 0.15635157 0.25740772
2 0.8990213 0.6368591 0.16196 0.26112568
2 0.8377873 0.6044229 0.16891897 0.22101209
2 0.8003065 0.65647465 0.18383682 0.25768936
2 0.6763702 0.5784741 0.18298388 0.24031183
2 0.45335025 0.5981395 0.15873754 0.19827664
2 0.42568618 0.48990887 0.15134513 0.19255295
2 0.41429427 0.64901674 0.14677781 0.19813323
2 0.2692674 0.4850468 0.14146942 0.19784907
2 0.3284997 0.4221472 0.14388025 0.18890771
2 0.6614611 0.33858126 0.17668867 0.23970908
2 0.16433965 0.068153895 0.1999434 0.13630779
2 0.12620479 0.13524693 0.19079226 0.17505434
2 0.061088286 0.16000523 0.12217657 0.17969322
2 0.1241151 0.35010073 0.094351456 0.16733187
2 0.040119138 0.3261511 0.080238275 0.17834778
2 0.060373448 0.4099773 0.120746896 0.12719983
2 0.42314166 0.17975444 0.1872704 0.18726681
2 0.064679354 0.10517907 0.12935871 0.16136551
