2 0.30115306 0.13328396 0.290568 0.19369724
2 0.4708266 0.1595595 0.058346808 0.18940803
2 0.30037022 0.15180348 0.29805255 0.23135146
2 0.30474547 0.17974648 0.30073643 0.25488806
2 0.3090598 0.22069255 0.3039931 0.26201874
2 0.31142473 0.26043513 0.30326045 0.25587744
2 0.33126706 0.30107984 0.30918396 0.2651015
2 0.33256298 0.3434798 0.3107525 0.25746596
2 0.34445134 0.37777245 0.30874962 0.2444551
2 0.34644288 0.39940235 0.30711424 0.2011953
2 0.34717503 0.41912946 0.30564994 0.16174108
2 0.49521354 0.39515412 0.009572923 0.20751166
2 0.49347124 0.3583858 0.01305753 0.21689583
2 0.4908859 0.31938607 0.018228173 0.21147537
2 0.4859086 0.28774655 0.028182805 0.21420932
2 0.47694948 0.25286922 0.046101034 0.2212584
2 0.47718355 0.21675354 0.0456329 0.21214558
2 0.47295246 0.18114154 0.05409509 0.2232413
2 0.8838233 0.09716866 0.13485348 0.08482619
2 0.7292516 0.07759133 0.15951335 0.07818124
2 0.60948664 0.06813198 0.06858349 0.06912577
2 0.6381756 0.2668452 0.15552282 0.07969797
2 0.6300634 0.2469509 0.14615059 0.077557266
2 0.6287143 0.2294119 0.13964248 0.07477832
2 0.62600505 0.20454912 0.12935352 0.07551476
2 0.62434816 0.18492639 0.122017145 0.07462263
2 0.6193764 0.16643342 0.10783827 0.06790781
2 0.6165055 0.14820334 0.09828639 0.065745294
2 0.6149466 0.12757315 0.090723634 0.06283811
2 0.61044973 0.10964388 0.07834232 0.06333447
2 0.60747534 0.08730864 0.06837082 0.06709792
2 0.7351095 0.10283694 0.16769302 0.07718846
2 0.7416563 0.12151399 0.17221212 0.08071199
2 0.75249434 0.14480549 0.17335773 0.08185231
2 0.7587228 0.16651706 0.16883719 0.078314066
2 0.7676858 0.18754166 0.16999817 0.07945624
2 0.7770103 0.21013564 0.17251432 0.083737254
2 0.7848586 0.23153071 0.17545164 0.08210692
2 0.792669 0.2534346 0.1686455 0.086269855
2 0.8041931 0.2752767 0.17221212 0.080712005
2 0.81131744 0.29863003 0.17240953 0.08273798
2 0.93212247 0.32496205 0.038255095 0.069259405
2 0.9290935 0.29460883 0.044312954 0.0653677
2 0.92159426 0.27543214 0.05931151 0.0694235
2 0.915882 0.25138456 0.07073605 0.075109616
2 0.9090687 0.23125067 0.08436251 0.07502554
2 0.9066105 0.20809294 0.08927894 0.074905604
2 0.90310454 0.18633614 0.09629083 0.07201308
2 0.8999679 0.16412182 0.1025641 0.07606056
2 0.89540815 0.14020151 0.11168361 0.07746566
2 0.8909084 0.11730343 0.120683074 0.07482786
2 0.0800935 0.72749966 0.14896816 0.15165782
2 0.07549474 0.6848462 0.15098947 0.16235197
2 0.07902877 0.6615465 0.15805754 0.11957884
2 0.27412102 0.6193279 0.2050287 0.15346551
2 0.26921156 0.64362353 0.20456533 0.19927382
2 0.2604662 0.74029154 0.16812241 0.155079
2 0.16902332 0.7548605 0.16092673 0.15374851
2 0.17171904 0.70263827 0.175958 0.1787889
2 0.16197911 0.6636264 0.17843275 0.17415738
2 0.16165888 0.6399574 0.17445171 0.12556863
2 0.35130817 0.7608699 0.19349521 0.14729166
2 0.4520279 0.77169514 0.095944226 0.15194297
2 0.42396596 0.650283 0.15206808 0.18586802
2 0.41565663 0.7065793 0.16868675 0.17221773
2 0.4748578 0.621019 0.050284386 0.19345546
2 0.38122517 0.61263025 0.22617513 0.20377326
2 0.36124346 0.67113656 0.21440029 0.18873918
2 0.4323765 0.6064987 0.13524699 0.175915
2 0.39007843 0.5822076 0.21915656 0.14582086
2 0.4612267 0.72407883 0.0775466 0.16856301
2 0.41634855 0.7500667 0.1673029 0.14175785
2 0.66514367 0.88707846 0.22945428 0.043343067
2 0.63516176 0.7750654 0.26032352 0.17189872
2 0.89684296 0.80968964 0.19381416 0.14636552
2 0.9079893 0.77605987 0.1715213 0.14622056
2 0.8600259 0.84028697 0.2674482 0.13692594
2 0.89569783 0.89329255 0.16768992 0.030914903
