2 0.39761403 0.13399725 0.124929786 0.06187839
2 0.4980965 0.2631983 0.13687712 0.07273215
2 0.4209737 0.30716544 0.13035089 0.06731397
2 0.4182544 0.20837756 0.1292631 0.06513977
2 0.67298245 0.45319068 0.09994733 0.100979775
2 0.620307 0.40704936 0.101017475 0.07164496
2 0.6409386 0.505846 0.101017594 0.106380254
2 0.89838594 0.4955271 0.06408775 0.12701818
2 0.88807017 0.66544276 0.073877215 0.14330733
2 0.8207193 0.5791304 0.062999964 0.10748482
2 0.77128947 0.6442701 0.08364916 0.15742242
2 0.8636228 0.86176276 0.07712281 0.08647454
2 0.79138595 0.8103808 0.071701765 0.14439452
2 0.53720176 0.84710413 0.09557894 0.1157918
2 0.42477193 0.81743836 0.09885967 0.12810516
2 0.46605265 0.7799764 0.09668419 0.116164446
2 0.6811316 0.78051996 0.09449124 0.13461041
2 0.45573685 0.4320181 0.060824573 0.12810516
2 0.39870173 0.35167617 0.122754395 0.08469045
2 0.27649122 0.39510852 0.09342109 0.07816774
2 0.32755262 0.44829863 0.15207016 0.089021325
2 0.29985085 0.5112729 0.14880705 0.082516074
2 0.21837717 0.50258464 0.15750875 0.089021325
2 0.3069123 0.68009263 0.071701705 0.11183345
2 0.20371926 0.63178575 0.1281929 0.108572125
2 0.13528073 0.6301551 0.15208778 0.08577752
2 0.2335965 0.70833147 0.14229824 0.06622684
2 0.522 0.62037975 0.11949122 0.09228265
2 0.14723684 0.40325317 0.15859643 0.08576012
2 0.08204384 0.45589972 0.08908769 0.082516074
2 0.086938575 0.41573754 0.098877154 0.08684713
2 0.22978947 0.46133536 0.14338589 0.07816771
2 0.12496492 0.467297 0.14664918 0.07708055
2 0.2732368 0.26862517 0.14771928 0.07274972
2 0.33786842 0.25070515 0.13361406 0.06731397
2 0.10649124 0.25885868 0.13798249 0.06622678
2 0.46931583 0.39239064 0.11405268 0.08360326
2 0.335693 0.16711941 0.12708771 0.06296557
2 0.1727544 0.1448597 0.12275428 0.053198814
2 0.74034214 0.4618789 0.08038592 0.12919238
2 0.56870174 0.32236767 0.12384212 0.06948817
2 0.64636844 0.28600168 0.120579004 0.06840098
2 0.7006842 0.24311285 0.10970175 0.06731394
2 0.5659912 0.22954139 0.12491226 0.061878383
2 0.711 0.20836878 0.11514032 0.07164496
2 0.57793856 0.18232164 0.12273681 0.06513977
2 0.6854737 0.14485092 0.1162281 0.06405258
2 0.10964911 0.16921481 0.13556138 0.059932142
2 0.8766579 0.26645976 0.08582461 0.109659195
2 0.8180088 0.30825263 0.07712281 0.112903
2 0.7902982 0.32888165 0.060824633 0.11509478
2 0.76857895 0.27947894 0.058649063 0.10964166
2 0.63822806 0.32019338 0.12601757 0.06731397
