2 0.1775502 0.15154801 0.077712625 0.047215432
2 0.21656865 0.15004012 0.082419515 0.05008024
2 0.15790923 0.23826033 0.044417888 0.059865892
2 0.210938 0.21665879 0.07057372 0.05997917
2 0.24316552 0.217991 0.079565465 0.04899904
2 0.18953255 0.25512907 0.07308677 0.038620472
2 0.29848674 0.13978465 0.0767625 0.029569298
2 0.21459483 0.13772869 0.073518306 0.025457382
2 0.2634527 0.14081296 0.07557161 0.031625926
2 0.8536041 0.4556769 0.09659386 0.08864617
2 0.84675854 0.45617384 0.12532878 0.087652326
2 0.6816914 0.40048108 0.14201105 0.10152465
2 0.95259166 0.45774862 0.094816685 0.08450276
2 0.66015726 0.44677526 0.13416994 0.106449485
2 0.5635903 0.44265205 0.12718058 0.11469591
2 0.55826795 0.45484337 0.1165359 0.090313256
2 0.5622558 0.47707427 0.12451163 0.04585147
2 0.68753624 0.4282239 0.11803794 0.08421582
2 0.5121642 0.4448208 0.024328351 0.11035842
2 0.413832 0.6538808 0.17233598 0.30776155
2 0.46586558 0.8563974 0.068268836 0.28720522
2 0.33847284 0.9284139 0.3230543 0.14317214
2 0.18893608 0.96182215 0.29450363 0.076355696
2 0.29461753 0.8099407 0.38705945 0.32451868
2 0.14379832 0.9025667 0.2509622 0.19486666
2 0.18013667 0.64471555 0.31341472 0.2894311
2 0.080696926 0.8225489 0.13424349 0.2804383
2 0.25273043 0.5716247 0.11667508 0.14324939
2 0.09149867 0.5841802 0.17192805 0.16836035
2 0.043025173 0.56251097 0.07498108 0.12502196
2 0.5753281 0.78917193 0.12565625 0.17303121
2 0.58370316 0.81848437 0.14240623 0.14603126
2 0.5632344 0.9175625 0.1014688 0.11906242
2 0.8458594 0.9096406 0.28328133 0.14415622
2 0.8570156 0.74034375 0.2609688 0.12187505
2 0.57765627 0.6403594 0.13031244 0.17115617
2 0.57626563 0.67754686 0.12753129 0.15628123
2 0.57254684 0.5909687 0.1200937 0.16943753
2 0.5655625 0.5598125 0.106125 0.107125044
2 0.86678123 0.6761563 0.24143755 0.12187505
2 0.85890627 0.6515 0.2571875 0.13762498
2 0.85840625 0.6073281 0.25818753 0.13671875
2 0.85795313 0.5705 0.25909376 0.12849998
2 0.85934377 0.53515625 0.2563125 0.05781257
