2 0.13891786 0.3122245 0.14766318 0.108180285
2 0.15079397 0.06308356 0.11831844 0.12616712
2 0.17094237 0.12842181 0.13140106 0.117970176
2 0.15945457 0.24767122 0.13375303 0.13092797
2 0.25807652 0.27953303 0.11781798 0.1168893
2 0.26176924 0.2540449 0.10655296 0.11387859
2 0.2597732 0.19512634 0.121728465 0.12594959
2 0.2715415 0.06869019 0.08924435 0.13738038
2 0.2575387 0.061101533 0.09440547 0.12220307
2 0.23999676 0.05223191 0.09080452 0.10446382
2 0.22670367 0.041979197 0.08507003 0.083958395
2 0.21299954 0.030176334 0.08369127 0.06035267
2 0.19533241 0.017051721 0.0697279 0.034103442
2 0.13250333 0.27396357 0.12480649 0.09169489
2 0.37266597 0.055986878 0.09790146 0.108794816
2 0.4611281 0.064176284 0.05974263 0.110584974
2 0.47516832 0.036525495 0.049663365 0.07305099
2 0.452576 0.05188676 0.06121534 0.10377352
2 0.36007202 0.0872229 0.0940218 0.096317545
2 0.35859686 0.12693971 0.08446008 0.11312156
2 0.3518362 0.1409519 0.08983415 0.118475266
2 0.32331517 0.2683274 0.06332958 0.15955287
2 0.3444908 0.27779478 0.058697343 0.15118779
2 0.36149657 0.2792548 0.059920013 0.15803814
2 0.37455216 0.28604826 0.06080544 0.1590535
2 0.4216296 0.25474033 0.051680386 0.1417805
2 0.41528726 0.20767742 0.057453096 0.1255464
2 0.435266 0.20701735 0.06340361 0.12800363
2 0.44501856 0.2011892 0.061480463 0.1269258
2 0.45510125 0.44359648 0.02918452 0.112807035
2 0.45261148 0.43511096 0.03728777 0.12977809
2 0.44496527 0.43288016 0.04829502 0.13368899
2 0.42900774 0.43430728 0.04738033 0.13138545
2 0.40687397 0.40375975 0.053461313 0.14788193
2 0.65667224 0.2665657 0.11131179 0.15185648
2 0.64549696 0.22392242 0.10349381 0.15044644
2 0.6418967 0.1859212 0.09629345 0.121842414
2 0.6295666 0.1477311 0.07163322 0.04546219
2 0.73658776 0.28191677 0.26595676 0.15536588
2 0.7348639 0.24581641 0.27485585 0.15207328
2 0.7241774 0.1456646 0.26085484 0.041329205
2 0.7286092 0.16424705 0.2697184 0.0784941
2 0.7290263 0.18488798 0.27055264 0.11977595
2 0.73297834 0.20691057 0.2784567 0.16382113
2 0.28635544 0.79706943 0.043723702 0.068526626
2 0.18938091 0.8482535 0.049512714 0.07842004
2 0.15429728 0.8522914 0.08337454 0.112917185
2 0.08455181 0.8403174 0.09242182 0.13686514
2 0.61134434 0.79974747 0.11268878 0.14665401
2 0.6612293 0.7048219 0.20535016 0.13836312
2 0.86027086 0.65566254 0.16945839 0.10946691
2 0.60685563 0.82171035 0.10371125 0.114002466
2 0.6078163 0.8404999 0.10563254 0.0778836
2 0.60554296 0.85979736 0.1010859 0.039901257
2 0.6611812 0.8523232 0.21236253 0.06947613
2 0.8000655 0.86429065 0.18831968 0.06321812
2 0.9269377 0.81672025 0.036124587 0.11532295
2 0.63904023 0.8044492 0.16808045 0.07948017
2 0.8527826 0.73501337 0.1656189 0.08469629
2 0.8568281 0.6951754 0.1763438 0.101263404
2 0.9211972 0.744103 0.047605753 0.110233545
2 0.8594427 0.7818059 0.17111456 0.12041998
2 0.6427394 0.8328209 0.17547882 0.10225415
2 0.6560241 0.8357732 0.20204818 0.10013819
2 0.78408 0.84841794 0.18809354 0.09179568
2 0.8535562 0.74849516 0.18288755 0.120322704
