2 0.1428389 0.23934507 0.2156778 0.25494933
2 0.31114277 0.21627088 0.25434172 0.25004175
2 0.852476 0.39423445 0.13463998 0.03903109
2 0.849996 0.3818494 0.13630402 0.06380117
2 0.84669197 0.36781734 0.13795209 0.0918653
2 0.034917217 0.652415 0.06983443 0.12241852
2 0.1717416 0.69790983 0.20955515 0.1434325
2 0.35607368 0.7590644 0.17068833 0.12760222
2 0.46937856 0.80985814 0.06124288 0.09251225
2 0.45965537 0.830313 0.08068925 0.095644355
2 0.45469978 0.8529556 0.09060043 0.096806884
2 0.44838387 0.8723726 0.103232265 0.09936643
2 0.44051996 0.8927675 0.11896008 0.098741174
2 0.43484363 0.9149027 0.13031274 0.10087848
2 0.42554653 0.9361097 0.13903081 0.109687924
2 0.41147658 0.9513318 0.14306575 0.09733641
2 0.3984794 0.9624044 0.13932502 0.07519126
2 0.3868502 0.97178376 0.14320803 0.056432366
2 0.37071177 0.98022294 0.14847177 0.03955412
2 0.200149 0.9679326 0.19493389 0.064134896
2 0.21865591 0.9571675 0.18854725 0.08566499
2 0.23174961 0.9468206 0.18699935 0.106358826
2 0.2509978 0.9298235 0.18433279 0.13568878
2 0.2660145 0.9047387 0.1842169 0.13334274
2 0.28376967 0.88238347 0.17396104 0.121709466
2 0.29706976 0.8591474 0.16692989 0.11745477
2 0.31441468 0.8333639 0.17165071 0.116000414
2 0.3290124 0.8115735 0.16199511 0.11579573
2 0.34390274 0.783661 0.15664816 0.12080681
2 0.15306023 0.73002374 0.22299652 0.14123368
2 0.13634928 0.7535405 0.23264703 0.14712906
2 0.11589183 0.78295314 0.23178366 0.15063965
2 0.106353216 0.81296563 0.21270643 0.1453358
2 0.09711251 0.8409848 0.19422501 0.14866257
2 0.08771896 0.87208414 0.17543793 0.15591276
2 0.079185344 0.9025709 0.15837069 0.15118182
2 0.06763107 0.927016 0.13526215 0.14596796
2 0.05641813 0.9445746 0.11283626 0.11085081
2 0.04672173 0.9608582 0.09344346 0.07828355
2 0.020039331 0.6794374 0.040078662 0.102870464
2 0.5210477 0.70034075 0.042095423 0.10668516
2 0.50889707 0.7306998 0.017794132 0.089805484
2 0.57766056 0.96098316 0.054055452 0.06395328
2 0.5527031 0.932079 0.0845716 0.07936227
2 0.5700295 0.88623464 0.08437848 0.07760668
2 0.6152079 0.8796735 0.09344363 0.085324764
2 0.5721569 0.7727201 0.04405427 0.090032935
2 0.62908864 0.7873366 0.0793736 0.09964216
2 0.6697827 0.77592194 0.09590542 0.09008181
2 0.6153047 0.7391494 0.08490336 0.07433915
2 0.65175045 0.9376193 0.09673011 0.08127856
2 0.7121914 0.8863844 0.097914696 0.0828805
2 0.7036764 0.91652906 0.09646428 0.08381379
2 0.60676086 0.9097844 0.08402729 0.07389581
2 0.6678086 0.8899605 0.09109652 0.07665968
2 0.9715039 0.9060205 0.056992173 0.09073889
2 0.9016395 0.82539356 0.1063118 0.09525633
2 0.81985277 0.88801455 0.11989474 0.099917054
2 0.8163502 0.90162504 0.11174023 0.0865432
2 0.7964053 0.93599224 0.10807824 0.08804333
2 0.8784341 0.90976477 0.12551093 0.08995569
2 0.7438108 0.95434034 0.09849715 0.07764745
2 0.8573129 0.9482269 0.11088073 0.06436288
