2 0.17916505 0.18398461 0.08654639 0.1344511
2 0.11275406 0.22642478 0.06300813 0.08911948
2 0.11783103 0.24735472 0.073162064 0.08681351
2 0.13023922 0.27217466 0.0778734 0.09346944
2 0.14595264 0.29496077 0.07823324 0.091051996
2 0.16333857 0.3132854 0.069494456 0.08938146
2 0.16722211 0.40778366 0.06777841 0.108935714
2 0.14752123 0.42383203 0.06376315 0.119111896
2 0.8292103 0.35352474 0.34157932 0.23138732
2 0.8425297 0.38656846 0.31494057 0.15581787
2 0.44112992 0.8835646 0.117740154 0.15390348
2 0.4437089 0.81050724 0.11258221 0.091657996
2 0.43051088 0.78977096 0.13818568 0.10007858
2 0.38683763 0.7498074 0.13632238 0.09569371
2 0.3040136 0.76232666 0.07854247 0.10210776
2 0.1986582 0.7902236 0.10117236 0.07868421
2 0.16135682 0.73660743 0.10773006 0.06312895
2 0.07756736 0.7604386 0.055365484 0.064398766
2 0.051720873 0.73307437 0.05110301 0.07351196
2 0.035101067 0.8521402 0.041823737 0.10071874
2 0.42515832 0.9805176 0.14968336 0.03896475
2 0.41691947 0.96728647 0.16616106 0.065427125
2 0.42898074 0.9089377 0.1411516 0.13742101
2 0.3133824 0.90771276 0.106022775 0.13535893
2 0.2955456 0.9720373 0.12216596 0.05592537
2 0.1733017 0.89449084 0.104669206 0.08497369
2 0.07567648 0.9086435 0.07605322 0.090399146
2 0.07659366 0.8572122 0.04845752 0.10639
2 0.060238067 0.8524711 0.044712596 0.09912801
2 0.19445196 0.84998125 0.11085993 0.09081733
2 0.18959913 0.8089403 0.10165441 0.080028296
2 0.74717426 0.88110393 0.11716294 0.06522179
2 0.7856841 0.82584095 0.25287795 0.14683652
2 0.7972841 0.77007324 0.40543175 0.23800421
2 0.79503894 0.702928 0.40992212 0.2603197
2 0.75 0.67220384 0.5 0.19887137
