2 0.216644 0.46791363 0.13134405 0.02667272
2 0.213756 0.4567679 0.13216001 0.048964202
2 0.21953201 0.44232005 0.13382398 0.07785994
2 0.21581998 0.43076652 0.13628799 0.10096693
2 0.21747598 0.4046374 0.13464004 0.10483694
2 0.21499601 0.37863603 0.13630398 0.102374375
2 0.211692 0.35221893 0.13795203 0.105668426
2 0.34921998 0.32785663 0.10737598 0.08998132
2 0.43203902 0.30845958 0.03842199 0.077604294
2 0.43162298 0.32909596 0.03925401 0.07429415
2 0.433279 0.34974033 0.035942018 0.07429415
2 0.433279 0.45636013 0.035942018 0.049779773
2 0.43162298 0.44521442 0.03925401 0.072071195
2 0.431215 0.43022293 0.040069997 0.08008289
2 0.433279 0.4079315 0.035942018 0.075125694
2 0.434927 0.38936597 0.032646 0.08091444
2 0.434103 0.3703687 0.03429401 0.07925135
2 0.351284 0.3526267 0.10491198 0.08998132
2 0.351284 0.37532592 0.103248 0.08750272
2 0.354596 0.39761737 0.10491198 0.09245992
2 0.35542 0.42197162 0.10489601 0.08833426
2 0.353764 0.43943366 0.10491198 0.08363265
2 0.348404 0.45016363 0.10408002 0.06217277
2 0.35004398 0.46254867 0.10076797 0.03740269
2 0.350876 0.4720473 0.10243201 0.018405378
2 0.83724004 0.07443527 0.11673653 0.09387927
2 0.82576394 0.3280674 0.14173245 0.14068276
2 0.7442255 0.26535872 0.30453515 0.19177449
2 0.6173422 0.24723189 0.062184334 0.18043414
2 0.63275015 0.19071949 0.09300029 0.17552362
2 0.73913234 0.19148186 0.29484737 0.17915946
2 0.8240802 0.2081029 0.14428568 0.1598793
2 0.8231409 0.26237938 0.14661694 0.17404431
2 0.75462997 0.11970276 0.2826531 0.19213283
2 0.64470315 0.12920365 0.116906285 0.17785388
2 0.6718172 0.099073514 0.17113435 0.15428755
2 0.6550283 0.05277259 0.13755655 0.06168568
2 0.76758605 0.049082562 0.2556944 0.049660083
2 0.8300969 0.10054949 0.1314106 0.14678276
2 0.83932185 0.14386891 0.1133703 0.17120963
2 0.622004 0.370029 0.07150805 0.052017868
2 0.39708504 0.82551515 0.1033299 0.2276479
2 0.71700585 0.6966864 0.10879338 0.07330644
2 0.7095708 0.66396844 0.118564725 0.07201409
2 0.71661204 0.62812304 0.11459589 0.07768762
2 0.7155626 0.60694075 0.11391294 0.04138148
2 0.8416836 0.6277547 0.11419392 0.059877157
2 0.839045 0.65135264 0.11381316 0.07760465
2 0.84331036 0.71336514 0.10394597 0.076131344
2 0.77936596 0.7209146 0.11301422 0.07923889
2 0.77981496 0.6849088 0.115499735 0.08038378
2 0.77316177 0.65417874 0.11376989 0.075816035
2 0.7734909 0.6231266 0.11117208 0.07003546
2 0.7800504 0.60719097 0.112794876 0.036722302
2 0.89762294 0.72971004 0.085014224 0.069049716
2 0.924019 0.693119 0.034191966 0.062404275
2 0.8973154 0.640734 0.08982599 0.0659467
2 0.8944826 0.6723493 0.09412265 0.07382023
