2 0.22268873 0.5994949 0.22537744 0.29330814
2 0.32245865 0.4096438 0.41070038 0.2767263
2 0.72054166 0.31132507 0.33891678 0.21893382
2 0.21371123 0.6434207 0.20742245 0.22800505
2 0.21563257 0.6809997 0.21126512 0.15576732
2 0.21108595 0.7195947 0.20217188 0.07980251
2 0.32236248 0.70464635 0.42472497 0.13895226
2 0.600131 0.7285813 0.3766395 0.12643623
2 0.8538754 0.63344055 0.072249174 0.23064601
2 0.27808046 0.60889834 0.3361609 0.15896034
2 0.70556515 0.47002667 0.33123767 0.1693925
2 0.71365625 0.39035076 0.3526876 0.20252681
2 0.8423943 0.48820597 0.09521139 0.22046706
2 0.7188855 0.5636117 0.342229 0.24083984
2 0.2854788 0.6656418 0.35095757 0.2045083
2 0.31204814 0.6715465 0.40409625 0.2002765
2 0.5681601 0.6968359 0.37618718 0.18359137
2 0.70711243 0.49699035 0.3657751 0.24064547
