2 0.44073662 0.11499624 0.11852676 0.16527209
2 0.19343668 0.1686562 0.34250045 0.21390146
2 0.028152747 0.21169287 0.056305494 0.15075356
2 0.34980306 0.1636141 0.30039388 0.20527507
2 0.091890745 0.23701882 0.18378149 0.1753726
2 0.43609238 0.2268442 0.12781525 0.14917073
2 0.06775983 0.44965443 0.123307854 0.087902844
2 0.059087068 0.41607532 0.118174136 0.09673113
2 0.04702622 0.34107468 0.09405244 0.1025691
2 0.036205 0.27046618 0.07241 0.12953633
2 0.21118526 0.22765012 0.29070374 0.17031887
2 0.26228982 0.3780542 0.19675803 0.10072243
2 0.119307086 0.40390018 0.22754547 0.110565186
2 0.25381136 0.3513932 0.23044491 0.123683214
2 0.109380275 0.38634074 0.21876055 0.11682153
2 0.104114056 0.355117 0.20822811 0.122829676
2 0.3664101 0.27291328 0.26573187 0.14325136
2 0.4330604 0.2885332 0.13387918 0.107577905
2 0.5990808 0.13579768 0.068323135 0.08416862
2 0.5331731 0.20018815 0.018846154 0.084629625
2 0.45958945 0.7462325 0.06832111 0.15779412
2 0.380051 0.83463323 0.22739804 0.12840891
2 0.30055326 0.7862835 0.2735409 0.24493301
2 0.18645665 0.87967145 0.26040596 0.058157086
2 0.35631862 0.7087867 0.10612333 0.20401311
2 0.18608847 0.77580214 0.27605456 0.26589584
2 0.120622694 0.8053419 0.2312454 0.20632923
2 0.6451846 0.617335 0.08629882 0.05640781
2 0.6437073 0.6014134 0.08601165 0.05019498
2 0.8591145 0.59011024 0.28177083 0.04471135
2 0.8488849 0.7264879 0.30223024 0.21623027
2 0.84921104 0.76769364 0.30157793 0.20098948
2 0.8406949 0.68407094 0.3186102 0.2353872
2 0.86198485 0.61447114 0.2760303 0.09343326
