2 0.23873597 0.13125606 0.25633597 0.110005826
2 0.388111 0.14959304 0.15127796 0.11893001
2 0.42769897 0.14017619 0.07210201 0.10604044
2 0.423743 0.12382593 0.08001399 0.09910302
2 0.382667 0.10992483 0.162166 0.07734968
2 0.417307 0.096049935 0.09288603 0.04959987
2 0.410379 0.080689006 0.106742024 0.018878013
2 0.22685999 0.08614045 0.23258398 0.029780895
2 0.225376 0.101998046 0.255344 0.0614961
2 0.239232 0.11934166 0.25534403 0.09618332
2 0.7889004 0.14039594 0.17221475 0.06829187
2 0.80584776 0.16208526 0.16791368 0.111670524
2 0.8168014 0.18610616 0.16650987 0.12511507
2 0.8325194 0.22432515 0.1618427 0.12788613
2 0.8454356 0.2748406 0.17303097 0.13989979
2 0.70852906 0.1243483 0.20168138 0.03619661
2 0.7528385 0.18977065 0.19758117 0.11378196
2 0.7419724 0.16088675 0.19240868 0.09947929
2 0.7650482 0.2558654 0.20492518 0.12041508
2 0.7552 0.22098315 0.2016114 0.12291014
2 0.6779882 0.27340606 0.1809802 0.116788924
2 0.6072895 0.19564229 0.089578986 0.09760305
2 0.59903055 0.14771801 0.07306111 0.08243707
2 0.5902043 0.13123237 0.055408597 0.049964726
2 0.6055626 0.1636054 0.086125255 0.10616955
2 0.6128084 0.23182476 0.10061681 0.09164114
2 0.7208186 0.1391363 0.20330179 0.06577259
2 0.32271743 0.84348 0.23357064 0.1272806
2 0.6526047 0.748314 0.3052094 0.082083344
2 0.9334007 0.7534045 0.13319862 0.049369574
