2 0.08269169 0.26204887 0.06788339 0.24696892
2 0.2660911 0.39812 0.25169778 0.16362667
2 0.29517555 0.33913332 0.25013334 0.16519105
2 0.30461556 0.28094664 0.25009775 0.1620267
2 0.32737002 0.2298 0.24526 0.16675559
2 0.6002533 0.39462787 0.048006535 0.06818217
2 0.6391492 0.3422956 0.12579846 0.18644701
2 0.8054419 0.29148525 0.17838049 0.17669974
2 0.7871605 0.39150336 0.14053059 0.10449326
2 0.79062706 0.3501293 0.15496457 0.1418137
2 0.86101604 0.39632252 0.059566975 0.09485501
2 0.80707645 0.41026342 0.15144432 0.06697315
2 0.795815 0.38879678 0.16329741 0.109906435
2 0.4495868 0.9239228 0.035826385 0.057154536
2 0.28832817 0.6241924 0.123490915 0.0738225
2 0.28939 0.64300454 0.11991273 0.07169843
2 0.2929391 0.6561424 0.12561457 0.06672251
2 0.2929391 0.6731795 0.11991273 0.06529677
2 0.28867728 0.6898529 0.12133819 0.063201666
2 0.29187727 0.70936334 0.11924362 0.06247425
2 0.2929391 0.72357786 0.11991273 0.06529677
2 0.29435 0.7409642 0.11709088 0.06742096
2 0.2652591 0.8037729 0.12133819 0.07524848
2 0.27200818 0.817973 0.11639272 0.07099998
2 0.2638482 0.83146 0.1085673 0.06247425
2 0.26491 0.85878336 0.105047286 0.06317258
2 0.26562274 0.8768971 0.10786909 0.063899994
2 0.2662918 0.89181006 0.100829065 0.059622526
2 0.2759791 0.9106221 0.10728727 0.07169843
2 0.16271362 0.8878963 0.0851491 0.07169843
2 0.15208092 0.8516979 0.086574554 0.06459832
2 0.15171728 0.82649875 0.09294549 0.06954503
2 0.14498273 0.8087487 0.10077095 0.06529677
2 0.14498273 0.78923833 0.09792003 0.0589242
2 0.14959364 0.77289957 0.095796384 0.061746716
2 0.17336091 0.7274771 0.0993455 0.0659951
2 0.17301182 0.70760286 0.09579638 0.06034994
2 0.17321546 0.695498 0.09055999 0.06314349
2 0.16946273 0.6795666 0.09440002 0.07667422
2 0.16803727 0.65009 0.09440002 0.07737255
2 0.17619729 0.61709243 0.09082183 0.07242584
2 0.06904092 0.88826 0.05821095 0.045422554
2 0.07222638 0.9205446 0.043287277 0.036198378
2 0.07293911 0.8971205 0.048960015 0.033346653
2 0.36178273 0.88257134 0.05605817 0.03974843
2 0.34901184 0.88824546 0.05605817 0.03550005
2 0.88959 0.6105563 0.066079974 0.038612604
2 0.89207 0.6204627 0.066079974 0.058425426
2 0.583023 0.61014056 0.09604597 0.03778112
2 0.582199 0.6225256 0.09439802 0.06255114
2 0.580959 0.63655764 0.09191799 0.09061527
2 0.69547 0.6533934 0.10737598 0.08998132
2 0.801206 0.6727904 0.084255934 0.077604294
2 0.88835 0.6884776 0.07185602 0.070984006
2 0.890006 0.67113537 0.071871996 0.06604278
2 0.89083 0.6492597 0.07022405 0.070168495
2 0.891238 0.6335725 0.066079974 0.070168495
2 0.799966 0.652154 0.083440065 0.07429409
2 0.803686 0.63150966 0.084255934 0.07429409
2 0.80202997 0.60106564 0.08094406 0.019631386
2 0.805742 0.6117956 0.08177602 0.041091204
2 0.804918 0.6208785 0.08342397 0.05925703
2 0.697534 0.632432 0.10491204 0.08236396
2 0.697534 0.6204627 0.103248 0.058425426
2 0.700846 0.6105563 0.10491204 0.038612604
