2 0.8153087 0.17403595 0.36938262 0.2354959
2 0.6337998 0.12518948 0.43271983 0.25037897
2 0.2215487 0.17555568 0.31142396 0.22939318
2 0.3916431 0.20087686 0.41293597 0.23135513
2 0.10129183 0.23190631 0.071547136 0.17793521
2 0.79987025 0.4004139 0.4002595 0.19448566
2 0.60815054 0.31541297 0.41716635 0.22104788
2 0.8949734 0.585798 0.2100532 0.14146614
2 0.79432464 0.5504434 0.41135073 0.1623857
2 0.79656565 0.47453505 0.4068687 0.1723944
2 0.21512333 0.26128322 0.29996425 0.19169985
2 0.22134846 0.53821963 0.28262734 0.13204733
2 0.11240418 0.5320029 0.09961367 0.1394887
2 0.21955685 0.4824834 0.31311712 0.16141656
2 0.10438754 0.489244 0.08271172 0.14147502
2 0.10177733 0.42598927 0.07616016 0.13998502
2 0.38475138 0.3727582 0.37386355 0.17508006
2 0.5822018 0.42544788 0.39358553 0.159287
2 0.910667 0.4112206 0.178666 0.1651144
