2 0.3193608 0.4190414 0.1551333 0.057667732
2 0.19737901 0.46222714 0.16393206 0.054492474
2 0.39708132 0.49199468 0.17386997 0.016010642
2 0.7551696 0.24532714 0.088003874 0.07324684
2 0.8107742 0.21942633 0.19002092 0.15796483
2 0.8411647 0.18661779 0.27702022 0.23732454
2 0.8595774 0.134527 0.2558452 0.25298458
2 0.7816099 0.10549678 0.41178012 0.19849357
2 0.36165035 0.7103233 0.14474082 0.13219011
2 0.10827914 0.76317704 0.12310335 0.14422917
2 0.026814088 0.7131312 0.053628176 0.08887255
2 0.54689837 0.732339 0.09379673 0.31257772
2 0.6005005 0.8061441 0.20100105 0.38448215
2 0.64058113 0.8356844 0.28116226 0.32863116
2 0.8997314 0.78835547 0.2005372 0.30466688
2 0.9158156 0.85983866 0.16836882 0.28032267
2 0.9163276 0.9011345 0.16734487 0.19773102
2 0.9339938 0.94070673 0.13201225 0.11858654
