2 0.14505176 0.41246298 0.1427364 0.017574012
2 0.03892945 0.4002652 0.0478589 0.040140867
2 0.04731492 0.39206976 0.06462984 0.058360517
2 0.05080855 0.38054344 0.0716171 0.07401109
2 0.055693436 0.36467895 0.08138687 0.07692218
2 0.06202825 0.34816197 0.0940565 0.076452315
2 0.066023126 0.33098593 0.10204625 0.07698125
2 0.071013205 0.31497142 0.11202641 0.082238674
2 0.07729579 0.29990435 0.124591574 0.078869104
2 0.08373553 0.28192902 0.12611054 0.08052188
2 0.09246361 0.26678208 0.12821984 0.08200483
2 0.105390854 0.25054008 0.13094886 0.089608565
2 0.25030947 0.27753416 0.14813 0.095671475
2 0.23688096 0.2936575 0.14302625 0.09346533
2 0.22860117 0.30943474 0.14381835 0.09167105
2 0.21609588 0.33151934 0.14401421 0.09369928
2 0.20611572 0.34898302 0.1460191 0.09417385
2 0.19378762 0.36432615 0.14050761 0.08789313
2 0.18496162 0.37938926 0.13640629 0.08372152
2 0.17237017 0.38842675 0.14318413 0.06564653
2 0.16209915 0.39598542 0.13640785 0.050529122
2 0.15298899 0.40495285 0.13065809 0.032594323
2 0.31707755 0.41326466 0.1635018 0.015970647
2 0.33156657 0.4034783 0.16508311 0.035543382
2 0.34171215 0.3949837 0.16077143 0.052532554
2 0.3542514 0.38597757 0.1618799 0.0705449
2 0.367442 0.37545145 0.16429102 0.09159708
2 0.37533993 0.3613877 0.15970576 0.09839696
2 0.38398907 0.34204414 0.14726019 0.10042733
2 0.39158276 0.3229749 0.13565701 0.09170663
2 0.39839968 0.30163285 0.12687582 0.09162438
2 0.72852004 0.17094001 0.28204 0.19722003
2 0.73456 0.121685 0.29412007 0.19336998
2 0.74107003 0.096105024 0.30714 0.14221004
2 0.6741 0.070994966 0.17320001 0.091989934
2 0.7514 0.039365 0.29952002 0.028730003
2 0.1710389 0.73525774 0.042488903 0.075484514
2 0.16551 0.5781183 0.10382223 0.043736696
2 0.6419208 0.8909993 0.059273124 0.074787736
2 0.66811 0.94823074 0.06387496 0.054281116
