2 0.60843635 0.2810121 0.45671797 0.23797196
2 0.6147144 0.3750937 0.46401 0.23798996
2 0.6010107 0.44204304 0.45962322 0.23436195
2 0.5906881 0.5234835 0.44841635 0.24156845
2 0.5617732 0.6292818 0.47140348 0.26520848
2 0.4128332 0.23324986 0.4441268 0.15149972
2 0.40108314 0.43430817 0.40380758 0.20167077
2 0.41096967 0.3729977 0.39669657 0.17155933
2 0.35240084 0.5716303 0.4180824 0.21443808
2 0.37108326 0.49835697 0.4099643 0.22071177
2 0.18327866 0.58685344 0.30655733 0.21228397
2 0.112991236 0.19518046 0.16598247 0.075360924
2 0.106761456 0.40596217 0.15352291 0.17955536
2 0.11755026 0.30496433 0.17510052 0.1470682
2 0.120007984 0.23342064 0.18001597 0.15184128
2 0.12078027 0.33899218 0.18156053 0.19630574
2 0.098294795 0.4823929 0.13658959 0.16696164
2 0.4159019 0.2690593 0.4267906 0.21033615
