2 0.6282802 0.74492717 0.74343956 0.51014566
2 0.4623986 0.50688916 0.7915009 0.45244157
2 0.09243257 0.3016277 0.18486515 0.39732277
2 0.62189835 0.79393786 0.7562033 0.41212428
2 0.57810134 0.8470161 0.7545401 0.3059678
2 0.53421783 0.90884715 0.7035147 0.1823057
2 0.2966366 0.90773356 0.5932732 0.18453288
2 0.3833123 0.81543624 0.71814877 0.3691275
2 0.013423493 0.6159562 0.026846986 0.3300339
2 0.05782925 0.47008875 0.1156585 0.3521909
2 0.34728894 0.8442588 0.6945779 0.31148243
2 0.3209066 0.8544897 0.6418132 0.29102063
2 0.05452362 0.91613764 0.10904724 0.16772473
2 0.017778246 0.6753359 0.03555649 0.47833705
