2 0.19880702 0.06699862 0.062464893 0.030939195
2 0.24904825 0.13159914 0.06843856 0.036366075
2 0.21048684 0.15358272 0.065175444 0.033656985
2 0.2091272 0.10418878 0.06463155 0.032569885
2 0.33649123 0.22659534 0.049973667 0.050489888
2 0.3101535 0.20352468 0.050508738 0.03582248
2 0.3204693 0.252923 0.050508797 0.053190127
2 0.44919297 0.24776354 0.032043874 0.06350909
2 0.44403508 0.33272138 0.036938608 0.071653664
2 0.41035965 0.2895652 0.031499982 0.05374241
2 0.38564473 0.32213506 0.04182458 0.07871121
2 0.4318114 0.43088138 0.038561404 0.04323727
2 0.39569297 0.4051904 0.035850883 0.07219726
2 0.26860088 0.42355207 0.04778947 0.0578959
2 0.21238597 0.40871918 0.049429834 0.06405258
2 0.23302633 0.3899882 0.048342094 0.058082223
2 0.3405658 0.39025998 0.04724562 0.06730521
2 0.22786842 0.21600905 0.030412287 0.06405258
2 0.19935086 0.17583808 0.061377198 0.042345226
2 0.13824561 0.19755426 0.046710543 0.03908387
2 0.16377631 0.22414932 0.07603508 0.044510663
2 0.14992543 0.25563645 0.074403524 0.041258037
2 0.10918859 0.25129232 0.07875437 0.044510663
2 0.15345615 0.34004632 0.035850853 0.055916727
2 0.10185963 0.31589288 0.06409645 0.054286063
2 0.067640364 0.31507754 0.07604389 0.04288876
2 0.11679825 0.35416573 0.07114912 0.03311342
2 0.261 0.31018987 0.05974561 0.046141326
2 0.07361842 0.20162658 0.07929821 0.04288006
2 0.04102192 0.22794986 0.044543844 0.041258037
2 0.043469287 0.20786877 0.049438577 0.043423563
2 0.11489473 0.23066768 0.07169294 0.039083853
2 0.06248246 0.2336485 0.07332459 0.038540274
2 0.1366184 0.13431258 0.07385964 0.03637486
2 0.16893421 0.12535258 0.06680703 0.033656985
2 0.05324562 0.12942934 0.068991244 0.03311339
2 0.23465791 0.19619532 0.05702634 0.04180163
2 0.1678465 0.08355971 0.063543856 0.031482786
2 0.0863772 0.07242985 0.06137714 0.026599407
2 0.37017107 0.23093945 0.04019296 0.06459619
2 0.28435087 0.16118383 0.06192106 0.034744084
2 0.32318422 0.14300084 0.060289502 0.03420049
2 0.3503421 0.12155642 0.054850876 0.03365697
2 0.2829956 0.114770696 0.06245613 0.030939192
2 0.3555 0.10418439 0.05757016 0.03582248
2 0.28896928 0.09116082 0.061368406 0.032569885
2 0.34273684 0.07242546 0.05811405 0.03202629
2 0.054824553 0.08460741 0.06778069 0.029966071
2 0.43832895 0.13322988 0.042912304 0.054829597
2 0.4090044 0.15412632 0.038561404 0.0564515
2 0.3951491 0.16444083 0.030412316 0.05754739
2 0.38428947 0.13973947 0.029324532 0.05482083
2 0.31911403 0.16009669 0.063008785 0.033656985
2 0.65220284 0.4671123 0.11550748 0.065775394
2 0.65690434 0.46659267 0.14621937 0.06681466
2 0.8413993 0.42528456 0.13588643 0.10471451
2 0.54675573 0.47051886 0.09351149 0.058962286
2 0.8497214 0.4556766 0.12517917 0.08864683
2 0.9402045 0.4514993 0.11518979 0.097001374
2 0.9391404 0.4615062 0.104429245 0.076987624
2 0.92814875 0.47833255 0.114673376 0.0433349
2 0.8308166 0.44925228 0.11329293 0.08672029
2 0.9813198 0.45418394 0.03736031 0.090587676
2 0.15872599 0.92485946 0.13464001 0.03778112
2 0.156246 0.9124744 0.13630399 0.06255114
2 0.152942 0.8984424 0.13795203 0.09061527
2 0.29047 0.88160664 0.107375994 0.08998132
2 0.38891402 0.86220956 0.06967199 0.077604294
2 0.38849798 0.882846 0.07050401 0.07429409
2 0.390154 0.9034903 0.06719202 0.07429409
2 0.39180198 0.9232044 0.063896 0.041091204
2 0.390978 0.9141215 0.06554401 0.05925703
2 0.292534 0.902568 0.10491198 0.08236396
2 0.292534 0.9145373 0.103247985 0.058425426
2 0.295846 0.9244437 0.10491198 0.038612604
2 0.75945073 0.6726364 0.256644 0.10471177
2 0.5569543 0.6779806 0.0984 0.04718852
