2 0.3763808 0.34913713 0.1222384 0.08922571
2 0.2158025 0.35219792 0.200968 0.08310419
2 0.87024677 0.14233586 0.101380944 0.10307168
2 0.72537166 0.14510347 0.09990573 0.10081336
2 0.58552784 0.13922608 0.016055703 0.10426578
2 0.176542 0.63633245 0.081403196 0.06721723
2 0.11166011 0.65270984 0.09033819 0.07599628
2 0.93054867 0.7800373 0.13890266 0.061083436
2 0.9859579 0.93596447 0.028084159 0.08923924
2 0.8727559 0.9097705 0.25448823 0.15491152
2 0.87141603 0.9363673 0.25716794 0.101875186
2 0.87542796 0.96805096 0.24914408 0.038036942
