2 0.3626633 0.20742054 0.3303246 0.107934445
2 0.91108495 0.23627937 0.1778301 0.22817566
2 0.9499152 0.84135646 0.10016966 0.3172871
2 0.9375455 0.78724086 0.12490904 0.4094875
2 0.9457875 0.60995126 0.10842502 0.40353143
2 0.95296896 0.9516297 0.09406209 0.0967406
2 0.74410874 0.9011442 0.5117825 0.19771159
2 0.74534583 0.8466378 0.50930834 0.30672443
2 0.7334923 0.7941767 0.5330154 0.4116466
2 0.73186177 0.59375286 0.53627646 0.39442682
2 0.50811785 0.9057186 0.8619002 0.18856275
2 0.50800896 0.8624627 0.9196198 0.2750746
2 0.42618915 0.52292365 0.85182744 0.46826005
2 0.43597138 0.62467474 0.87162733 0.47617984
2 0.46574986 0.74311775 0.88956 0.48934975
2 0.4853564 0.80171174 0.9166757 0.39657652
