2 0.47796714 0.36531764 0.5204215 0.32662857
2 0.1347488 0.5085232 0.2694976 0.27000952
2 0.15086688 0.94894373 0.30173376 0.10211253
2 0.12711883 0.93367046 0.25423765 0.13265908
2 0.112201184 0.9178878 0.22440237 0.16422439
2 0.090216674 0.87963617 0.18043335 0.18794811
2 0.073124364 0.8400371 0.14624873 0.18707561
2 0.04854451 0.8054029 0.09708902 0.16981483
2 0.029087774 0.76864326 0.05817555 0.16437769
2 0.16052906 0.56388175 0.32105812 0.2639941
2 0.18146342 0.60155714 0.36292684 0.27022707
2 0.2068258 0.6454762 0.4136516 0.268206
2 0.23104726 0.68973607 0.42685202 0.25254667
2 0.2742521 0.7287131 0.42609316 0.2512169
2 0.31910062 0.76992494 0.43013823 0.25743568
2 0.35921472 0.8095419 0.43099272 0.24989617
2 0.39868703 0.8493032 0.41494018 0.25248682
2 0.4454391 0.8835969 0.41496423 0.2328062
2 0.4838428 0.90468615 0.41215622 0.1906277
2 0.84605354 0.8355206 0.30789292 0.2506355
2 0.82506096 0.7710346 0.34987807 0.2522745
2 0.79845583 0.7350103 0.40308833 0.26993752
2 0.7726485 0.6883402 0.45470297 0.2865957
2 0.7469151 0.6509627 0.5061698 0.28993654
2 0.70527285 0.60342383 0.49531734 0.2878544
2 0.66088414 0.5593231 0.4846753 0.27920973
2 0.62090075 0.5104641 0.48744154 0.29202726
2 0.5752859 0.45796135 0.49584696 0.2996177
2 0.52613795 0.40870497 0.49263275 0.29308707
