2 0.35725096 0.26863372 0.122648776 0.2060442
2 0.28797656 0.26993558 0.23748004 0.34202242
2 0.18660888 0.2691044 0.3112039 0.40423685
2 0.15484032 0.25191966 0.30968064 0.44571084
2 0.12189068 0.232712 0.24378136 0.44836992
2 0.08888346 0.2185447 0.17776692 0.43168494
2 0.85341924 0.21295233 0.068323135 0.08416864
2 0.9243269 0.14856187 0.028846145 0.084629625
2 0.11021119 0.71281886 0.017741814 0.14166439
2 0.1821867 0.774474 0.16944534 0.19235122
2 0.3151516 0.78761095 0.21719682 0.186391
2 0.2996427 0.8463795 0.2482146 0.18096316
2 0.17880145 0.8504522 0.16887671 0.17958903
2 0.10584836 0.83633864 0.020902783 0.16140747
2 0.10938833 0.78039217 0.023646131 0.17597032
2 0.16650124 0.88607776 0.14721742 0.115344405
2 0.28776193 0.8811946 0.2719761 0.12511086
2 0.26275802 0.9035522 0.321984 0.08039558
2 0.27087498 0.6620776 0.12822902 0.052443147
2 0.75607765 0.8603167 0.274081 0.2793666
2 0.7457788 0.89333373 0.26697707 0.21333253
2 0.59746593 0.64240015 0.19493186 0.2848003
2 0.58527005 0.68392074 0.1705401 0.30270624
2 0.5776704 0.7207563 0.15534079 0.29443145
2 0.5732271 0.7658198 0.14645424 0.29461753
2 0.5638659 0.7714545 0.12773183 0.2641853
2 0.5647188 0.83374447 0.12943757 0.292804
2 0.73850954 0.9093629 0.2589289 0.18127418
2 0.72926754 0.929859 0.25039947 0.14028203
2 0.7477157 0.9475342 0.2327801 0.10493159
2 0.76000756 0.9603008 0.21766818 0.07939845
