2 0.541808 0.18779401 0.097696036 0.08558801
2 0.17169598 0.77202404 0.114208035 0.16095197
2 0.349184 0.77478004 0.12793595 0.13619196
2 0.340224 0.7314519 0.12659198 0.13209605
2 0.32648 0.679164 0.12380803 0.1458559
2 0.30859202 0.62962806 0.12656003 0.14035201
2 0.28451198 0.586972 0.10592002 0.14310396
2 0.33542404 0.41791597 0.086655974 0.1867519
2 0.385632 0.40129197 0.06879997 0.21174395
2 0.440672 0.40189993 0.06329602 0.20777604
2 0.5212 0.59935594 0.09775999 0.12659204
2 0.499632 0.555788 0.09865597 0.12841606
2 0.49708802 0.475516 0.10457602 0.13760012
2 0.50328 0.4012121 0.10319996 0.14035207
2 0.504656 0.35924402 0.10044801 0.14172798
2 0.614048 0.23746802 0.088063955 0.14035198
2 0.62368 0.270492 0.08256006 0.12108803
2 0.6168 0.30489203 0.08531201 0.132096
2 0.614048 0.37438002 0.09356797 0.09769601
2 0.60441595 0.41222006 0.08531201 0.115584016
2 0.618176 0.454876 0.08256006 0.11833605
2 0.60510397 0.53537196 0.10044801 0.136224
2 0.59027195 0.586396 0.07519996 0.098559976
2 0.705152 0.34415603 0.07263994 0.093440056
