2 0.94317645 0.9514207 0.1136471 0.09715855
2 0.9418682 0.90438443 0.11626363 0.19123113
2 0.9371332 0.84104013 0.12573361 0.28487945
2 0.9282705 0.74171245 0.14345896 0.26456392
2 0.93006665 0.6470866 0.13986671 0.24026561
2 0.9186827 0.5507682 0.16263461 0.24168417
2 0.9317384 0.47507104 0.13652325 0.21704501
2 0.7139477 0.8514301 0.45419145 0.29713976
2 0.7038939 0.6660334 0.42681313 0.26449668
2 0.68336356 0.5664384 0.42841518 0.26433372
2 0.6659581 0.46880776 0.37032747 0.23195681
2 0.6691202 0.3826542 0.41946757 0.21519387
2 0.6710257 0.34106734 0.349214 0.122692585
2 0.7275725 0.89972216 0.4477893 0.20055568
2 0.8550588 0.9512109 0.28988242 0.09757817
2 0.8524081 0.90386057 0.29518378 0.19227886
2 0.83323586 0.84469414 0.33352828 0.3084905
2 0.8398153 0.7598872 0.32036936 0.29564977
2 0.82946265 0.6528576 0.3410747 0.28824186
2 0.81958574 0.5544618 0.36082852 0.28368664
2 0.820633 0.4595368 0.358734 0.26000592
2 0.82668334 0.40186563 0.34663332 0.17104107
2 0.36186343 0.8231112 0.35364747 0.24797535
2 0.36998045 0.89137995 0.36774266 0.2172401
2 0.26568842 0.7285846 0.18348378 0.19600952
2 0.52316165 0.825359 0.38914585 0.27235007
2 0.5399431 0.8924467 0.39930332 0.2151066
2 0.23503967 0.37534344 0.17082414 0.17141104
2 0.4690866 0.44252533 0.38811326 0.24014291
2 0.24208155 0.3201143 0.16077602 0.10009438
2 0.48809114 0.37537068 0.3797441 0.21113479
2 0.47629884 0.32418147 0.33534282 0.10875541
2 0.25005063 0.46567404 0.19044656 0.1854713
2 0.24889407 0.54801744 0.17404608 0.18107712
2 0.24660966 0.6301184 0.1585644 0.18289578
2 0.35275838 0.7394974 0.3342113 0.22640145
2 0.50606227 0.71699184 0.38496935 0.2595178
2 0.34036765 0.55699384 0.34363502 0.22321141
2 0.27155244 0.8873921 0.16341461 0.17934024
2 0.36605403 0.9339338 0.30443233 0.13213241
