2 0.3549879 0.1268055 0.1300242 0.126111
2 0.35458648 0.15690641 0.13082701 0.16392925
2 0.36142388 0.1966787 0.117152214 0.15994646
2 0.3718737 0.22479309 0.09625262 0.12938431
2 0.39561072 0.24732059 0.048778534 0.085988894
2 0.40284947 0.11351094 0.034301043 0.077138335
2 0.4092855 0.14603685 0.021429002 0.10369006
2 0.6627813 0.18521203 0.05639255 0.043370813
2 0.7315532 0.19001688 0.061323166 0.049317926
2 0.7373322 0.21620038 0.061137676 0.046235293
2 0.80074954 0.21399392 0.05940175 0.04271698
2 0.68590057 0.26359618 0.067124724 0.05298978
2 0.721307 0.2948645 0.06386888 0.049541473
2 0.7254076 0.24854612 0.06329 0.048365995
2 0.6237252 0.31496066 0.0500499 0.0475989
2 0.6153965 0.35369486 0.042465568 0.049237013
2 0.70123506 0.34914327 0.03255129 0.068816245
2 0.7306275 0.31892982 0.060752153 0.056720674
2 0.78747916 0.35607746 0.04662478 0.049648523
2 0.7616978 0.37427115 0.074808955 0.06275451
2 0.77335894 0.39971644 0.072503686 0.043067157
2 0.8122529 0.40213925 0.07697904 0.038221538
2 0.8486818 0.3775058 0.077818155 0.062100828
2 0.8891635 0.40347323 0.06667304 0.035553515
2 0.8873771 0.39280528 0.07024586 0.056889415
2 0.80779374 0.39337832 0.07037282 0.055743337
2 0.8574471 0.40193284 0.07189298 0.0386343
2 0.7926214 0.2967427 0.0722785 0.054472625
2 0.7624116 0.2794834 0.06541979 0.04998529
2 0.8744708 0.3154683 0.072101474 0.051392257
2 0.6959075 0.32856813 0.05658543 0.055023372
2 0.7658216 0.24027576 0.06219423 0.04704258
2 0.84389853 0.2519158 0.05985701 0.04183735
2 0.70155525 0.1736064 0.057912707 0.043300807
2 0.7680279 0.18166463 0.05642295 0.04387635
2 0.65066016 0.2819577 0.06083703 0.04968381
2 0.65458715 0.23845565 0.06112933 0.046232894
2 0.6502509 0.21451421 0.060188055 0.047478408
2 0.872561 0.19886452 0.0699656 0.049673498
2 0.87319994 0.27200887 0.066135526 0.046761394
2 0.90527266 0.3681663 0.034454703 0.04848051
2 0.9012189 0.2345209 0.042562246 0.0463486
2 0.83704305 0.22177017 0.065959334 0.050644547
2 0.80068016 0.19335972 0.06541979 0.04998529
2 0.63294613 0.16232365 0.053767204 0.04311639
2 0.62391144 0.27325842 0.049338937 0.04538381
2 0.24179432 0.6283922 0.3005585 0.18326783
2 0.24668491 0.7026777 0.30677736 0.17523539
2 0.25003916 0.77025944 0.32242167 0.19123995
2 0.24890378 0.8254149 0.3201509 0.18589497
2 0.2466698 0.8799752 0.31212074 0.19004953
2 0.9201892 0.79764104 0.1596216 0.2879461
2 0.6750448 0.6742221 0.35008955 0.34844422
2 0.83519506 0.98008895 0.28181672 0.0381366
2 0.6957225 0.9823562 0.16280365 0.03528762
2 0.68597317 0.94888985 0.24366152 0.1022203
2 0.81199723 0.9424826 0.32241344 0.11340749
2 0.92927456 0.9594097 0.14145088 0.06428766
2 0.9301767 0.97929996 0.13075662 0.024695158
2 0.8077581 0.8812094 0.37444198 0.23326957
2 0.6650505 0.896273 0.330101 0.20745385
2 0.68674654 0.8081142 0.37349308 0.36168337
2 0.66207564 0.7048688 0.32415128 0.4097376
2 0.7743039 0.7111927 0.45139217 0.40470397
2 0.92167246 0.8783184 0.15665507 0.19735336
2 0.9381833 0.92482364 0.123633265 0.1309005
