2 0.31745198 0.8497189 0.26928002 0.07556212
2 0.312492 0.82494885 0.27260798 0.12510228
2 0.305884 0.7968847 0.27590406 0.18123066
2 0.58094 0.7632133 0.21475199 0.17996264
2 0.77782804 0.7244191 0.13934398 0.15520859
2 0.77699596 0.76569194 0.14100802 0.1485883
2 0.780308 0.8069806 0.13438404 0.1485883
2 0.78360397 0.8464088 0.127792 0.08218253
2 0.781956 0.828243 0.13108802 0.11851394
2 0.585068 0.805136 0.20982397 0.16472793
2 0.585068 0.82907456 0.20649597 0.11685085
2 0.591692 0.8488874 0.20982397 0.07722521
