3 0.31037775 0.26610002 0.12924449 0.14432222
3 0.23176667 0.2545 0.21353334 0.12627774
3 0.76916444 0.34819445 0.24000001 0.13134223
3 0.80619556 0.40015054 0.19950223 0.0396989
3 0.7257155 0.41199055 0.18666673 0.016018927
3 0.72621334 0.3289411 0.19555557 0.086933315
3 0.21461277 0.6567106 0.11466041 0.0941962
3 0.31406286 0.6183528 0.11302632 0.07420552
3 0.23711449 0.7203176 0.11561184 0.10069454
3 0.25300115 0.78320074 0.110723734 0.096710086
3 0.26683295 0.845765 0.11420596 0.09825814
3 0.28687263 0.88726246 0.110212624 0.06047499
3 0.37730056 0.85345256 0.092898846 0.09695649
3 0.36397094 0.7903952 0.11212206 0.10096526
3 0.41351813 0.7441473 0.020463705 0.08148062
3 0.34841475 0.7298007 0.10794556 0.093701124
3 0.40633312 0.68466425 0.03483379 0.075399995
3 0.39902097 0.6274475 0.049458086 0.071098685
3 0.33436593 0.67015785 0.105858326 0.08734989
3 0.7771344 0.54803044 0.42604303 0.05923915
3 0.7713393 0.63113993 0.45587015 0.22545803
3 0.75157154 0.6336144 0.4192114 0.23040712
3 0.72201633 0.78829765 0.40849543 0.29434395
3 0.7053233 0.7710591 0.36886156 0.26204002
