3 0.45616543 0.23377341 0.087669134 0.15934926
3 0.46089774 0.24145077 0.07820451 0.1694378
3 0.17277628 0.14631243 0.34555256 0.29262486
3 0.21227747 0.2936758 0.42455494 0.2562706
3 0.22824007 0.30868962 0.45648015 0.24654835
3 0.47218484 0.39377064 0.055630326 0.17255217
3 0.47358117 0.3958543 0.05283767 0.16838491
3 0.9341103 0.1687089 0.088164926 0.118653506
3 0.7346532 0.2246409 0.16707706 0.30696476
3 0.5757861 0.22395664 0.15157223 0.3660879
3 0.042914525 0.5471878 0.08582905 0.052202106
3 0.17825937 0.56684047 0.087067306 0.061845183
3 0.33132187 0.5697013 0.17450798 0.043902278
3 0.59338933 0.8600053 0.13105631 0.02392149
3 0.6340932 0.85234106 0.16880584 0.03882742
3 0.75526404 0.8599907 0.16964805 0.02119112
3 0.8145493 0.85720193 0.15079165 0.025438905
3 0.81141675 0.68453825 0.1238333 0.032096863
3 0.77162457 0.6945476 0.15945315 0.036095023
3 0.6565306 0.6822146 0.14579594 0.038513422
3 0.6101895 0.6866735 0.14487445 0.030949235
3 0.6030039 0.7504772 0.1385858 0.04097855
3 0.64638156 0.7382633 0.15741456 0.03925705
3 0.77266926 0.75313795 0.15633416 0.03938496
3 0.811172 0.74766827 0.12247002 0.03926623
3 0.8073789 0.80096734 0.16386247 0.038082242
3 0.75337905 0.80668616 0.16201508 0.041989565
3 0.62422127 0.80337226 0.16231918 0.03127837
