3 0.3231598 0.620709 0.28920066 0.18970418
3 0.3534724 0.6404805 0.31085262 0.2026732
3 0.10649714 0.55302304 0.14799428 0.15979111
3 0.116963886 0.5688699 0.16892777 0.17615297
3 0.54867023 0.83043504 0.30771723 0.119130015
3 0.27259603 0.77866185 0.2518292 0.16270626
3 0.09391117 0.7079642 0.122822344 0.14657772
3 0.08311636 0.77981305 0.10123272 0.06683838
3 0.42441797 0.18943664 0.31368744 0.15887326
3 0.14963049 0.16436632 0.23426098 0.10873266
3 0.42688486 0.32115987 0.3216552 0.20318168
3 0.3835541 0.30840695 0.31180823 0.19835864
3 0.13023998 0.26664838 0.19547996 0.16737896
3 0.1511827 0.2843418 0.2373654 0.16670083
3 0.13766076 0.43272763 0.21032152 0.16238236
3 0.39654377 0.4902602 0.31253392 0.19251126
3 0.34866148 0.4633184 0.3024032 0.18606472
3 0.11562132 0.41408595 0.16624264 0.14904648
