3 0.36537933 0.2022474 0.09703529 0.057902873
3 0.36558267 0.20461003 0.082349 0.056612253
3 0.28879416 0.20386702 0.07859182 0.053954363
3 0.28435177 0.20729199 0.08171821 0.054234028
3 0.21447337 0.20821783 0.07846725 0.05738491
3 0.20652595 0.20745917 0.081569314 0.05597669
3 0.14360897 0.2106132 0.07270244 0.05542636
3 0.13716729 0.20797399 0.0721567 0.056250125
3 0.37641728 0.26252526 0.08555853 0.058398083
3 0.36512783 0.2608463 0.0831691 0.057419613
3 0.2920941 0.26273245 0.07903212 0.055604473
3 0.2820658 0.2607616 0.079021916 0.055875406
3 0.21153209 0.26470828 0.07303107 0.05397685
3 0.20259976 0.26181248 0.07877576 0.055322453
3 0.14581378 0.26243755 0.07356256 0.05647002
3 0.1349839 0.26038042 0.07122207 0.054083645
3 0.38624167 0.31683093 0.086696684 0.055766046
3 0.3763625 0.3194221 0.08722377 0.057709754
3 0.29744092 0.31876552 0.08178747 0.056155026
3 0.28955066 0.32041863 0.077166796 0.053810656
3 0.2218703 0.31750414 0.07229985 0.05437082
3 0.21454477 0.3178148 0.07378811 0.052881777
3 0.15072134 0.31428495 0.06921288 0.05492747
3 0.1445098 0.31469375 0.07111859 0.05287242
3 0.22462127 0.37513247 0.07194358 0.051685393
3 0.15051772 0.36549425 0.070114814 0.05143422
3 0.657075 0.26383612 0.07165003 0.16622782
3 0.64354444 0.27496666 0.044588923 0.15756667
3 0.74212223 0.16413055 0.24174452 0.035761118
3 0.82448334 0.15381943 0.10853338 0.0151388645
3 0.7073306 0.3413278 0.1721611 0.024844408
3 0.7356778 0.32006666 0.22885561 0.06736666
3 0.44901833 0.67972654 0.086963356 0.052128434
3 0.45243168 0.68655896 0.08013666 0.049651146
3 0.44293666 0.6311529 0.09853333 0.044805884
3 0.449205 0.633072 0.08658999 0.04453683
3 0.33435 0.6355759 0.09853333 0.050290465
3 0.34315 0.6359355 0.09959996 0.051009655
3 0.34909666 0.6858797 0.09997332 0.048132896
3 0.35375 0.69628143 0.100693345 0.047413707
3 0.24641666 0.6991582 0.10032 0.048852086
3 0.23921666 0.69466984 0.10320002 0.05138254
3 0.22933666 0.64007753 0.09277335 0.0484792
3 0.22716334 0.63971794 0.10501331 0.053513527
3 0.03994499 0.6977331 0.06488998 0.044190645
3 0.037425004 0.6950295 0.059850007 0.04453683
3 0.04515835 0.6479754 0.0753167 0.04600191
3 0.041198336 0.6449254 0.06739667 0.04560244
3 0.6528694 0.89483 0.25153756 0.08006978
3 0.81291765 0.87891376 0.33404315 0.12511599
3 0.89443713 0.8567102 0.21112573 0.1717608
3 0.59026104 0.9172782 0.12632096 0.026980996
