3 0.70984155 0.39250627 0.3353169 0.123832524
3 0.6559997 0.41096884 0.34606898 0.11012149
3 0.34548378 0.37130347 0.3543744 0.11020422
3 0.3073132 0.3884556 0.32179433 0.1053015
3 0.7006627 0.28908432 0.32942593 0.03154713
3 0.6426887 0.29536095 0.34301853 0.045390546
3 0.3377235 0.28090462 0.33753288 0.02249813
3 0.29677838 0.28582922 0.3036114 0.032825053
3 0.7204408 0.6846074 0.3141185 0.13451529
3 0.6900113 0.7092282 0.37497747 0.13024485
3 0.3610709 0.66785073 0.37644213 0.13328874
3 0.31812668 0.694866 0.33069646 0.13283312
3 0.7146822 0.53592706 0.32563555 0.13007283
3 0.67313343 0.5505761 0.36104035 0.11180577
3 0.35562527 0.5314166 0.36120558 0.11940205
3 0.31005567 0.5530599 0.32032067 0.11444345
