3 0.1512222 0.70032305 0.13244438 0.20228004
3 0.110944435 0.68956995 0.05188886 0.15932333
3 0.11274998 0.5454454 0.05549995 0.20050165
3 0.15211111 0.54188883 0.13422224 0.21483919
3 0.17894441 0.78352964 0.18788885 0.06794071
3 0.35880554 0.7584669 0.23983325 0.11806619
3 0.2818611 0.7620513 0.24694443 0.11089742
3 0.36061114 0.6636181 0.23977774 0.21845126
3 0.2818611 0.6475302 0.24338895 0.20050168
3 0.5198889 0.74682474 0.20044443 0.14135051
3 0.7319722 0.796061 0.18072224 0.04287803
3 0.7794167 0.7978393 0.17538881 0.039321423
3 0.7078056 0.7316654 0.19327772 0.15037632
3 0.68275 0.7262749 0.18616664 0.14681971
3 0.52975 0.64839154 0.20583332 0.16287994
3 0.50825 0.51952136 0.1950556 0.2058922
3 0.43844447 0.5159092 0.19866663 0.17366064
3 0.6371111 0.6152987 0.16644454 0.13603878
