3 0.21504802 0.34966967 0.37257928 0.30066067
3 0.24269137 0.34037578 0.39387447 0.31924844
3 0.46355572 0.14604123 0.07288855 0.21854106
3 0.45222944 0.16004595 0.09554112 0.23896003
3 0.2508745 0.1931924 0.36353195 0.36272246
3 0.23210987 0.1988344 0.3596778 0.35295352
3 0.05295806 0.28102577 0.10591612 0.25906634
3 0.18588224 0.06620376 0.29464948 0.13240752
3 0.04689136 0.15611126 0.09378272 0.19558254
3 0.050613098 0.16026346 0.101226196 0.17976603
3 0.4474209 0.05285498 0.0887661 0.08289834
3 0.67115664 0.362159 0.12075615 0.0774886
3 0.58396554 0.3696299 0.03843999 0.06075275
3 0.6031468 0.35968742 0.07635617 0.07337648
3 0.71505284 0.34483486 0.12636995 0.08211851
3 0.8035033 0.3366779 0.11999047 0.0773412
3 0.8425163 0.31851944 0.12010074 0.07913691
3 0.92669713 0.31147802 0.1141057 0.06852299
3 0.9456276 0.29626846 0.07624471 0.075490475
3 0.6007324 0.42313948 0.08070755 0.04372102
3 0.6642695 0.42199025 0.11616206 0.046019495
3 0.7067522 0.4149413 0.12234259 0.060117364
3 0.7875062 0.41176155 0.112758875 0.058164954
3 0.83148056 0.39932165 0.115418196 0.07734817
3 0.9141201 0.3869599 0.114866376 0.06836915
3 0.93860054 0.37542582 0.09029889 0.07905531
3 0.9316942 0.42411858 0.10411155 0.036135375
3 0.8184279 0.43541425 0.110812664 0.019171476
3 0.29660383 0.7326467 0.23477405 0.31364727
3 0.3196837 0.7664544 0.20514023 0.34256423
3 0.16908547 0.65207875 0.2521891 0.14829719
3 0.24094787 0.8865582 0.35414726 0.22688365
3 0.20681232 0.86641264 0.35826188 0.26717472
3 0.067570776 0.9698118 0.07977879 0.060376406
3 0.69649756 0.75187683 0.17299509 0.16359866
3 0.7093812 0.74129933 0.19876242 0.16518557
3 0.7053305 0.667542 0.19066095 0.052584052
3 0.6990089 0.6682415 0.17801774 0.053982973
