3 0.2782389 0.2359185 0.18194813 0.079066664
3 0.27609813 0.24282593 0.17289628 0.08049631
3 0.40374446 0.23925184 0.07001108 0.08478519
3 0.41803333 0.24044444 0.041433394 0.08145186
3 0.69166607 0.25011295 0.13333213 0.113883
3 0.2967919 0.6832116 0.0703671 0.09142327
3 0.30519617 0.752094 0.068134606 0.13105881
3 0.28604043 0.81340146 0.113473415 0.09819698
3 0.71314263 0.7778872 0.10267377 0.08095348
3 0.72612023 0.78052974 0.100345135 0.078068376
3 0.7415338 0.7237634 0.10165644 0.078728795
3 0.75035495 0.72567034 0.10005486 0.076796174
3 0.81319726 0.7576481 0.097334266 0.07526028
3 0.8230108 0.76209223 0.098051906 0.07621086
3 0.86244965 0.79063153 0.05510068 0.06866038
3 0.86701626 0.7928843 0.04596746 0.06853104
3 0.8541477 0.83398414 0.055562615 0.04703164
3 0.84725463 0.83267987 0.06934869 0.049640298
3 0.80084527 0.81499934 0.096353054 0.07547712
3 0.76117504 0.67568326 0.10016477 0.06886649
3 0.77038145 0.6755496 0.10122526 0.068599224
3 0.83094347 0.7044935 0.0961107 0.077679396
3 0.8395399 0.7091774 0.09640992 0.07610631
3 0.8695532 0.7373636 0.040893674 0.07120752
3 0.87415516 0.7415466 0.031689644 0.0698812
3 0.8773788 0.6873216 0.025242329 0.0677675
3 0.85030437 0.66636366 0.07939136 0.050227284
3 0.84657407 0.6649268 0.086851835 0.047353625
