3 0.22307697 0.45155966 0.3602553 0.07459676
3 0.28931892 0.45293626 0.37624627 0.06857318
3 0.03723584 0.44560945 0.07447168 0.095769584
3 0.2467503 0.39348945 0.33531076 0.18870777
3 0.28799424 0.37443373 0.36957252 0.21264881
3 0.8190234 0.16636667 0.10695326 0.08523333
3 0.749375 0.36452502 0.24625003 0.02094996
3 0.77848995 0.36097166 0.18801999 0.028056681
3 0.3314233 0.6252364 0.05887091 0.032972693
3 0.32807705 0.62543076 0.05813408 0.033361435
3 0.6098585 0.7704476 0.042571545 0.0460366
3 0.6131536 0.76808405 0.044626117 0.046333075
3 0.65716577 0.77532536 0.044854403 0.050041914
3 0.6621978 0.7768965 0.047395706 0.04899335
3 0.7039359 0.7817068 0.044002414 0.04940033
3 0.70791256 0.7848138 0.043839097 0.050254464
3 0.6169375 0.7218411 0.041731596 0.046809077
3 0.62272066 0.72440314 0.042081714 0.047198534
3 0.6670474 0.7281588 0.041039705 0.046530843
3 0.6723896 0.73145485 0.044985056 0.047953486
3 0.70932156 0.7368294 0.043652177 0.04970503
3 0.7162119 0.7397219 0.042767406 0.04781699
3 0.6221436 0.67702454 0.04241717 0.04672146
3 0.6270404 0.6763811 0.040169954 0.04482758
3 0.66786873 0.6843256 0.039492965 0.046133995
3 0.6724925 0.6846964 0.040849924 0.045104265
3 0.71271086 0.6931742 0.0400393 0.047622085
3 0.7168254 0.6933889 0.041719675 0.04610133
3 0.67394763 0.63892025 0.038771868 0.04341638
3 0.7192322 0.6518853 0.04032731 0.04432571
