3 0.023680074 0.8876717 0.04736015 0.21520054
3 0.8435638 0.88388526 0.3128724 0.23222947
3 0.4278121 0.95140654 0.44935438 0.09718692
3 0.40786785 0.8257593 0.4097705 0.29843307
3 0.44834018 0.8188421 0.42491582 0.29273987
3 0.81495124 0.6728476 0.37009752 0.33866072
3 0.79258126 0.4829992 0.41483748 0.30240047
3 0.39295274 0.6412994 0.37030348 0.28911233
3 0.417736 0.63196874 0.3878328 0.3028022
3 0.73200476 0.19727239 0.41633868 0.2633155
3 0.67979234 0.19760008 0.39001763 0.23627552
3 0.3780778 0.33436581 0.32921934 0.2542042
3 0.33277628 0.34272605 0.31773692 0.240717
3 0.33051088 0.21006805 0.29763085 0.24375428
3 0.6488454 0.09616536 0.35622993 0.17246026
3 0.7179796 0.08936801 0.3751701 0.17873602
3 0.38455778 0.19353728 0.30635488 0.22809628
3 0.34577405 0.14177616 0.28259772 0.11710405
3 0.38518393 0.12601781 0.28246617 0.10410201
