3 0.79141474 0.87185925 0.35721493 0.03128147
3 0.7447334 0.8747185 0.33626664 0.025563002
3 0.42371118 0.6880926 0.36675552 0.1476593
3 0.45372584 0.6828556 0.36770362 0.14669633
3 0.78808147 0.6428482 0.35437024 0.14288878
3 0.81105185 0.63998145 0.32789624 0.13908136
3 0.8186667 0.44994447 0.31266665 0.08478528
3 0.78665924 0.4261296 0.34198523 0.1190815
3 0.77808154 0.34134445 0.31149638 0.10192585
3 0.81475544 0.34610736 0.3010223 0.080962956
3 0.4975407 0.3780259 0.3124592 0.10097772
3 0.46467412 0.38897407 0.31531847 0.10764444
3 0.44895557 0.51852226 0.32959992 0.117170334
3 0.47610363 0.5237667 0.33245927 0.12573338
