3 0.30564478 0.20104337 0.34698504 0.34806472
3 0.318976 0.18049993 0.34441 0.36077568
3 0.32565075 0.09715785 0.3486985 0.1943157
3 0.31641045 0.10146792 0.3671791 0.20293584
3 0.06932501 0.2270261 0.13865001 0.24581553
3 0.06058904 0.12928493 0.12117808 0.19096878
3 0.065700084 0.1207246 0.13140017 0.1869367
3 0.8123224 0.15631552 0.07456553 0.037631035
3 0.8299362 0.15216379 0.07249653 0.029327571
3 0.8571224 0.16615 0.08129656 0.0573
3 0.8813905 0.16321377 0.082219005 0.0403862
3 0.8904526 0.23364139 0.06409478 0.053848267
3 0.7760742 0.25332412 0.12637234 0.044551745
3 0.7758121 0.2960414 0.12479997 0.03779304
3 0.8131086 0.29630345 0.12066209 0.035227597
3 0.8865768 0.27765518 0.071846485 0.04659307
3 0.8387362 0.33332413 0.10355866 0.035724163
3 0.8195776 0.3328138 0.11390352 0.029517293
3 0.30826154 0.7017218 0.092179656 0.103021026
3 0.20966886 0.89995956 0.14677939 0.012580872
3 0.2979384 0.84652543 0.10444461 0.09014535
3 0.18286945 0.858207 0.1157389 0.074493766
3 0.30373955 0.7796717 0.0967108 0.095661044
3 0.18991795 0.7924674 0.123003945 0.085648775
3 0.18147975 0.78669536 0.112959504 0.07433498
3 0.29879364 0.772149 0.10673158 0.087243915
3 0.29674262 0.7025939 0.1149167 0.09814131
3 0.19656035 0.7237308 0.11986536 0.086140394
3 0.2022435 0.6611698 0.11838728 0.089894414
3 0.31130219 0.64874613 0.087985754 0.06512499
3 0.30099112 0.6489514 0.10860789 0.06940687
3 0.17789544 0.6240384 0.101305366 0.042211175
3 0.7891521 0.52255064 0.151999 0.045101285
3 0.9315503 0.5238156 0.13689935 0.047631145
3 0.7799398 0.58853257 0.15529442 0.094222784
3 0.927604 0.5926249 0.14479196 0.11182165
3 0.7733722 0.6882054 0.15600133 0.10871065
3 0.7585032 0.7792883 0.14916849 0.11568642
3 0.7415871 0.869853 0.15377557 0.12817454
3 0.7353876 0.9479662 0.15193737 0.104067564
3 0.90198976 0.96402884 0.17358685 0.07194233
3 0.9093766 0.89883834 0.18124676 0.15336215
3 0.9176625 0.7976355 0.164675 0.12744594
3 0.9257156 0.7010124 0.14856875 0.10404205
