3 0.21643949 0.013947977 0.28540277 0.027895954
3 0.21249965 0.019901048 0.2775231 0.039802097
3 0.44583985 0.24476314 0.069111705 0.29309225
3 0.43252915 0.25308198 0.09666026 0.29287577
3 0.24574128 0.3276554 0.2561921 0.13141638
3 0.23683307 0.32817018 0.23747881 0.12538338
3 0.23553339 0.16779944 0.29825646 0.30373305
3 0.23481235 0.16793644 0.29581982 0.296175
3 0.7829561 0.25683188 0.30699408 0.22210407
3 0.8151903 0.23391345 0.24125338 0.22781914
3 0.27664503 0.9162038 0.10386032 0.07390368
3 0.8565718 0.746398 0.2868564 0.4712336
3 0.92360324 0.6867991 0.15279353 0.33889306
3 0.8275241 0.7978107 0.34495175 0.40437865
3 0.6849642 0.8306913 0.36992836 0.33861744
3 0.8444383 0.8839526 0.31112337 0.23209476
