3 0.8416263 0.14789495 0.31674743 0.13954723
3 0.826365 0.16279513 0.34727 0.1637289
3 0.3958028 0.16899881 0.44244447 0.11121762
3 0.42726928 0.15032186 0.42845893 0.076793164
3 0.23652191 0.43774042 0.47304383 0.3527302
3 0.27508968 0.4169681 0.5382699 0.34052777
3 0.39130157 0.2452232 0.5167519 0.26757485
3 0.6292672 0.40240908 0.74146557 0.45703197
3 0.5999626 0.819385 0.70158947 0.36123002
3 0.6446414 0.803888 0.7107172 0.39222395
3 0.5207904 0.9627073 0.6134763 0.07458544
3 0.57533616 0.95251995 0.6322557 0.09496009
3 0.13658959 0.93366086 0.27317917 0.13267827
3 0.14944418 0.85109824 0.29888836 0.26875055
3 0.18552876 0.78833014 0.3710575 0.36029935
3 0.040520467 0.42640477 0.081040934 0.27379456
3 0.06370077 0.2600456 0.12740155 0.23470479
3 0.07924218 0.2514031 0.15848435 0.22114028
