3 0.27841002 0.15801 0.20068 0.023519993
3 0.25277 0.2509 0.25196004 0.20569998
3 0.7148367 0.29379562 0.10754156 0.16240878
3 0.7211821 0.29821455 0.11918092 0.15357089
3 0.7300414 0.19547662 0.14400959 0.1394227
3 0.72429526 0.19242027 0.13251734 0.1258914
3 0.8486178 0.29682803 0.052764416 0.15634392
3 0.8416258 0.29091442 0.0667485 0.16817117
3 0.8427444 0.35688183 0.06451118 0.036236346
3 0.27515775 0.8492089 0.15606035 0.01658225
3 0.2344587 0.808747 0.15624818 0.09750593
3 0.27880663 0.8044629 0.15063906 0.106074214
3 0.21132222 0.74714875 0.15475965 0.07045603
3 0.35618734 0.8334613 0.067625284 0.048077464
3 0.6803751 0.9140736 0.14469934 0.109942436
3 0.6859513 0.9177468 0.14275146 0.104064345
3 0.8183779 0.96065027 0.1342839 0.059161425
3 0.8154824 0.95703346 0.13646102 0.06581855
