3 0.26805788 0.1462168 0.40181607 0.0935829
3 0.35842392 0.15615374 0.28315216 0.11798653
3 0.45085773 0.2947651 0.09828454 0.17619175
3 0.6356381 0.22284886 0.24780834 0.095179394
3 0.6732827 0.3338978 0.29478598 0.13748854
3 0.65004224 0.21581596 0.2766167 0.08111364
3 0.18594477 0.7016848 0.19294548 0.31979895
3 0.26188335 0.6229876 0.21291971 0.24597526
3 0.22569504 0.61854166 0.1925122 0.23708332
3 0.10199019 0.6571253 0.12816507 0.24839604
3 0.1091881 0.5944743 0.11889018 0.16625261
3 0.9093083 0.84767413 0.07638335 0.07144439
3 0.8974009 0.84624076 0.10019815 0.06954074
3 0.7708537 0.8290963 0.18908882 0.073355556
3 0.74537593 0.8248111 0.19623709 0.0762074
3 0.7620463 0.74788517 0.17908883 0.05954075
3 0.7818092 0.7447889 0.1757555 0.060014844
3 0.9024009 0.75122225 0.09019816 0.04239261
3 0.911212 0.7393148 0.07257593 0.05954075
3 0.91716754 0.6969222 0.060664892 0.050962925
3 0.9093083 0.6993037 0.07638335 0.04048145
