3 0.2148226 0.12268214 0.22534207 0.18393949
3 0.20469564 0.1277446 0.2470292 0.19406441
3 0.24764383 0.2740488 0.18438953 0.17621833
3 0.23832604 0.2841793 0.20443554 0.17485468
3 0.58846843 0.4323837 0.06626439 0.13523263
3 0.6177327 0.4221366 0.12479293 0.15572679
3 0.7779269 0.42464265 0.2527858 0.1507147
3 0.821157 0.42570716 0.25655067 0.14858568
3 0.7224385 0.2884617 0.25001562 0.21336001
3 0.6821544 0.30793756 0.25286722 0.20463552
3 0.571406 0.263347 0.031034589 0.18649304
3 0.37892377 0.88720703 0.116732 0.07208264
3 0.14942186 0.8739617 0.099600345 0.08719587
3 0.20275447 0.90141314 0.17573862 0.036661148
3 0.96230894 0.6870836 0.0278821 0.12081921
3 0.6813572 0.77577275 0.11804569 0.15617728
3 0.7359965 0.84011066 0.172521 0.13309896
3 0.7779697 0.85387367 0.15204418 0.1322527
3 0.79036593 0.77478826 0.15595078 0.15859342
3 0.92362505 0.7739178 0.095483184 0.1306535
3 0.9033041 0.7407319 0.084849 0.1232959
3 0.8358695 0.6710749 0.15778697 0.15222907
3 0.84617114 0.6331369 0.1362238 0.10627389
3 0.76053476 0.61359525 0.13697553 0.06249392
3 0.73734903 0.63500404 0.15329564 0.090286136
3 0.76991224 0.70844054 0.11981511 0.13661754
3 0.9296541 0.64461756 0.09319174 0.125175
3 0.9399437 0.6202264 0.07241607 0.0804528
3 0.9133011 0.5953331 0.08075631 0.030666232
3 0.9096987 0.61170876 0.10893369 0.063417554
3 0.8245865 0.8712875 0.13436627 0.097424984
3 0.8964771 0.8131192 0.11814332 0.122938156
3 0.9645606 0.764124 0.02337873 0.0790503
3 0.94120055 0.6861655 0.07009888 0.10016835
