3 0.31373557 0.23526102 0.32247108 0.14552201
3 0.33114767 0.23090929 0.3572953 0.13681859
3 0.67180663 0.23401846 0.3513868 0.14303693
3 0.6929543 0.41307554 0.30909145 0.1752935
3 0.6550134 0.4441615 0.3849733 0.16783851
3 0.30440223 0.44229487 0.30380452 0.164105
3 0.35727426 0.40002602 0.40954858 0.2038889
3 0.61118495 0.24896477 0.32220533 0.12805441
3 0.7315197 0.62505484 0.23196065 0.18897843
3 0.6898488 0.6704272 0.31530237 0.22502875
3 0.3908664 0.64059514 0.47673285 0.22999895
3 0.35478765 0.6853546 0.40457526 0.22751391
