3 0.8074221 0.7791452 0.25485277 0.16594875
3 0.29492903 0.03372903 0.49806237 0.06745806
3 0.3384118 0.033541854 0.49875057 0.06708371
3 0.75015354 0.084917545 0.3357997 0.16983509
3 0.7578338 0.22153571 0.32889354 0.23072702
3 0.33060628 0.12765475 0.4704834 0.2553095
3 0.3573638 0.13346258 0.4815132 0.26692516
3 0.77297527 0.5188368 0.31192863 0.19841456
3 0.74835426 0.5297925 0.34184873 0.17738906
3 0.41849154 0.46516812 0.40655008 0.21625161
3 0.36966363 0.46668696 0.40785772 0.20602682
3 0.41135228 0.61244714 0.38057935 0.21957004
3 0.7566806 0.66570467 0.3217132 0.18419981
3 0.79482293 0.6575124 0.27472794 0.18946505
3 0.47291368 0.6133087 0.36779952 0.19637716
3 0.4675534 0.7340952 0.34796268 0.19486165
3 0.7898754 0.779217 0.29002416 0.17676723
3 0.51314807 0.73505926 0.3320324 0.17433381
3 0.8073388 0.8724255 0.2584293 0.1247195
3 0.51452374 0.86462164 0.31266618 0.17263675
3 0.48963898 0.85667306 0.32129788 0.18303454
