3 0.39260206 0.3070694 0.04256189 0.05900824
3 0.39212468 0.25973976 0.04248315 0.05120647
3 0.3687153 0.25088948 0.08896506 0.037955657
3 0.21544993 0.29835775 0.12399608 0.056729615
3 0.28212506 0.26234877 0.122314036 0.049419537
3 0.1832399 0.23291628 0.120197505 0.046605796
3 0.094829075 0.2104971 0.037158147 0.048109114
3 0.10561822 0.16364798 0.058736444 0.032701552
3 0.11312565 0.17431007 0.0737513 0.04477951
3 0.19673988 0.1788101 0.11016029 0.050227076
3 0.22824928 0.20137864 0.11548914 0.052591413
3 0.32515466 0.19408429 0.1153599 0.039776295
3 0.30589914 0.14920656 0.11274588 0.043592572
3 0.2909235 0.13538705 0.11918092 0.052124955
3 0.19178577 0.13409059 0.11808589 0.0498719
3 0.159847 0.12073177 0.1073612 0.035681106
3 0.38228828 0.20402142 0.060898125 0.03890845
3 0.9254612 0.4123435 0.09335184 0.051644802
3 0.93643653 0.41061455 0.09345007 0.049253166
3 0.93956715 0.36378962 0.091151714 0.045807898
3 0.9276947 0.36488113 0.091448665 0.047017455
3 0.93046117 0.3182862 0.089383125 0.043573737
3 0.9260163 0.31834984 0.09045839 0.046012163
3 0.93840367 0.24553062 0.08943105 0.04046145
3 0.9451316 0.24230516 0.084736824 0.04050821
3 0.9466766 0.19918738 0.0816468 0.03830841
3 0.9399471 0.19984975 0.089402914 0.039988965
3 0.93856394 0.15621854 0.08896458 0.040442854
3 0.94679415 0.15524241 0.08141172 0.039464146
3 0.9479112 0.11339948 0.07917762 0.0398698
3 0.93979144 0.11389084 0.08744633 0.042298824
3 0.93890417 0.074436374 0.08671546 0.03637274
3 0.94909465 0.07484907 0.0768106 0.03719813
3 0.2966315 0.73711294 0.15673703 0.08382225
3 0.29758334 0.85514444 0.15483332 0.032211065
3 0.3049685 0.85657406 0.14006299 0.02935183
3 0.8190234 0.6663667 0.10695326 0.08523333
3 0.749375 0.864525 0.24625003 0.02094996
3 0.77848995 0.8609717 0.18801999 0.028056622
