3 0.13897 0.4345774 0.13162544 0.020845234
3 0.15255804 0.43630162 0.13722849 0.017396748
3 0.31288764 0.43069413 0.14801496 0.02861178
3 0.32042325 0.4341426 0.1380974 0.021714866
3 0.43403417 0.39868107 0.099431634 0.055265486
3 0.42733756 0.39307356 0.11282492 0.05700469
3 0.3068352 0.39133435 0.13507111 0.053526282
3 0.29541945 0.38659644 0.13291389 0.05268663
3 0.15407115 0.39025483 0.1342023 0.056584895
3 0.14523222 0.3889654 0.13378277 0.056584895
3 0.04275609 0.37622106 0.053012185 0.06306201
3 0.03779727 0.37556133 0.04309454 0.06522107
3 0.04426919 0.3127242 0.05603838 0.055295467
3 0.040389046 0.31056517 0.048278093 0.05181706
3 0.047939595 0.25269082 0.06337919 0.049238145
3 0.044269215 0.25333554 0.05603843 0.050527632
3 0.045347843 0.19871476 0.058195688 0.04749894
3 0.04924298 0.20367756 0.06598596 0.04447031
3 0.14716478 0.20259805 0.12038955 0.04147157
3 0.15450563 0.20669122 0.1203895 0.042761028
3 0.15019101 0.25420517 0.13249439 0.047948733
3 0.15902998 0.256799 0.12859926 0.047079146
3 0.15061048 0.3129491 0.13938576 0.052266836
3 0.1592547 0.31812182 0.13510114 0.051397204
3 0.3049026 0.31533307 0.13462172 0.057874322
3 0.31158426 0.32137537 0.13851684 0.054425836
3 0.2977865 0.25505978 0.13249439 0.05139719
3 0.3049026 0.25939286 0.13120598 0.049687967
3 0.29216853 0.20735092 0.13162547 0.04749894
3 0.284603 0.20259805 0.12428464 0.04231125
3 0.43252108 0.3278525 0.10245788 0.048368573
3 0.43532255 0.3291419 0.096854866 0.05184704
3 0.4312177 0.26931846 0.10506463 0.04447025
3 0.42885065 0.2667396 0.10979867 0.04620947
3 0.41989887 0.20799565 0.12557304 0.053106457
3 0.42237875 0.20475706 0.12274253 0.04578972
3 0.42538998 0.119234994 0.11672002 0.04147157
3 0.42646864 0.16674894 0.11456275 0.038023174
3 0.42302293 0.16610423 0.12145412 0.041891396
3 0.41645318 0.0788579 0.1108914 0.02548866
3 0.410191 0.07929273 0.107895136 0.022040278
3 0.30144194 0.11341758 0.10271162 0.037573338
3 0.29670787 0.1131927 0.10528837 0.037123576
3 0.30231085 0.15638852 0.10960303 0.03109616
3 0.18190637 0.12464762 0.12689143 0.048818402
3 0.17479028 0.13218927 0.12817979 0.044050507
3 0.17759176 0.07525026 0.114786536 0.04050052
3 0.17995878 0.073735945 0.12731084 0.03747189
3 0.05811189 0.11151342 0.08372378 0.03868285
3 0.06020928 0.1082149 0.087918565 0.040482044
3 0.061407767 0.1569583 0.090315536 0.042611122
3 0.057063207 0.070137516 0.081626415 0.030275032
3 0.06020926 0.06893808 0.08791852 0.027876154
3 0.8807843 0.4577854 0.19558597 0.05770743
3 0.9119274 0.30580452 0.1761452 0.13759083
3 0.8942236 0.39607102 0.21155286 0.12668902
3 0.91362524 0.40375072 0.17274952 0.109659016
3 0.9038931 0.45859763 0.14794612 0.055567443
3 0.3711821 0.7370487 0.055158257 0.101028204
3 0.37401468 0.8217907 0.057587862 0.08878422
3 0.36900002 0.82026756 0.06894171 0.10009539
3 0.37418312 0.8964585 0.06438035 0.08052933
3 0.37818944 0.8950567 0.05669737 0.081587195
3 0.15478393 0.64198387 0.101323575 0.12337136
3 0.15172394 0.6459721 0.09356586 0.12037647
3 0.1761511 0.74136376 0.1121622 0.11750221
3 0.17133632 0.7453518 0.10034812 0.11238325
3 0.18230292 0.83486164 0.09039378 0.09427488
3 0.19025534 0.83180743 0.10669154 0.094849825
3 0.91977787 0.8252684 0.14463186 0.100280166
3 0.5913865 0.88933 0.06886518 0.06063223
3 0.7299198 0.8714756 0.20513451 0.09850621
