3 0.14767121 0.2613484 0.09609854 0.077485204
3 0.17806098 0.25150564 0.15844981 0.09237343
3 0.29634258 0.27022985 0.1833924 0.0851267
3 0.3372314 0.26225954 0.1491133 0.09021312
3 0.17366762 0.3346523 0.13945195 0.08178741
3 0.2809635 0.34526956 0.17606491 0.078742504
3 0.3243208 0.34217137 0.15303588 0.087263644
3 0.8435949 0.2886385 0.15722871 0.2615252
3 0.8080753 0.25003338 0.23006856 0.2715907
3 0.7967558 0.41433075 0.23665738 0.0647921
3 0.8517635 0.4327133 0.1250819 0.028026998
3 0.31201175 0.691344 0.16347647 0.15555692
3 0.36660245 0.6971682 0.054295123 0.15724015
3 0.92189 0.6498 0.09122002 0.07210004
3 0.70833 0.81699 0.35166 0.13212001
3 0.93767 0.77163 0.059660077 0.19915998
3 0.70045 0.68726003 0.33589995 0.14701998
