3 0.21566059 0.4715245 0.19036189 0.056950986
3 0.23190036 0.46553594 0.21709245 0.05711299
3 0.37954897 0.48030695 0.13557881 0.039386094
3 0.39362314 0.4771923 0.106993616 0.045615375
3 0.13855882 0.20428652 0.19215775 0.11687648
3 0.15389323 0.1873634 0.23132493 0.12603644
3 0.31970337 0.22127335 0.19765878 0.107776135
3 0.34010985 0.20812261 0.1531936 0.10662316
3 0.16588257 0.31511533 0.19850627 0.09411615
3 0.18143511 0.30077362 0.23579282 0.09671402
3 0.34490684 0.33582714 0.17468911 0.08489287
3 0.36356866 0.32179838 0.13335764 0.084002495
3 0.18860231 0.40096438 0.20355418 0.07606852
3 0.20349114 0.3938191 0.23636207 0.06899172
3 0.3626184 0.4097206 0.1548118 0.06453121
3 0.38047263 0.39975128 0.11551601 0.06158167
3 0.5616163 0.25332052 0.07148123 0.07036662
3 0.6014051 0.22716315 0.13694417 0.07806805
3 0.6141121 0.22395097 0.14079678 0.0805783
3 0.57866776 0.16869766 0.13563395 0.07815853
3 0.5676919 0.17238468 0.12166071 0.07578546
3 0.59034306 0.30895567 0.07364845 0.072793245
3 0.62904197 0.2851449 0.13966954 0.08309601
3 0.64222896 0.2801533 0.14429212 0.08438687
3 0.67070067 0.3417377 0.14515913 0.08928418
3 0.6575161 0.34038466 0.13909483 0.082883716
3 0.72184044 0.12090167 0.12441194 0.050365165
3 0.70998925 0.1227602 0.12630534 0.05297713
3 0.73742664 0.1622762 0.14662445 0.07990571
3 0.7555971 0.16150013 0.1470573 0.08008829
3 0.8042036 0.22012013 0.15281868 0.081802264
3 0.7867678 0.22163364 0.15167463 0.08249843
3 0.8258109 0.28477713 0.15457451 0.08751361
3 0.8275825 0.27926683 0.14729369 0.08517794
3 0.27068514 0.9291549 0.23520194 0.071579814
3 0.37194598 0.77498305 0.032680273 0.27564108
3 0.7010683 0.56398475 0.13113105 0.03916514
3 0.5866979 0.6071701 0.072912455 0.1462152
3 0.73532844 0.6344087 0.1952976 0.1794852
3 0.68154395 0.6035309 0.17593002 0.12842572
3 0.7099048 0.58465445 0.16582501 0.082568884
3 0.81974804 0.66412354 0.096137285 0.0991652
