3 0.25836268 0.37593183 0.24955685 0.06563634
3 0.2580125 0.23529318 0.2830875 0.08095099
3 0.37427396 0.2552491 0.16395211 0.15726238
3 0.2569908 0.3545745 0.30366242 0.10835099
3 0.25160906 0.13158438 0.28659362 0.06486846
3 0.81427103 0.12229509 0.20034587 0.18221436
3 0.6044764 0.14858334 0.2025857 0.1915473
3 0.07468416 0.6334518 0.07442778 0.07683492
3 0.09369345 0.7012452 0.08719152 0.099729896
3 0.08562359 0.69318223 0.07527086 0.092582226
3 0.11659959 0.76835847 0.10385067 0.10527718
3 0.105768695 0.7662855 0.08493757 0.09753156
3 0.6236834 0.67647034 0.09486675 0.0779407
3 0.63486487 0.6724427 0.1172297 0.06988537
3 0.74359554 0.68452567 0.20759845 0.09405136
3 0.78697777 0.8095408 0.20670271 0.10591841
3 0.8017577 0.8041706 0.20759845 0.11665881
3 0.6245792 0.844401 0.09665835 0.0361979
3 0.6201004 0.8106543 0.087700725 0.088516235
3 0.62635523 0.7878771 0.10021043 0.12339187
