3 0.20118417 0.20805228 0.18732062 0.0386433
3 0.21092574 0.20887204 0.18680367 0.03931707
3 0.18639264 0.26591 0.17153902 0.07835513
3 0.19798315 0.265885 0.1765371 0.080682874
3 0.19136207 0.33560765 0.15976283 0.073861
3 0.18053141 0.32847336 0.1573739 0.06984311
3 0.15707114 0.42420247 0.13512477 0.044044554
3 0.15032314 0.42461187 0.1304616 0.04083407
3 0.15030384 0.3807962 0.14505309 0.06516445
3 0.86537933 0.2022474 0.09703529 0.057902873
3 0.8655827 0.20461003 0.08234894 0.056612253
3 0.78879416 0.20386702 0.07859182 0.053954363
3 0.78435177 0.20729199 0.08171821 0.054234028
3 0.71447337 0.20821783 0.07846725 0.05738491
3 0.7065259 0.20745917 0.081569314 0.05597669
3 0.643609 0.2106132 0.07270241 0.05542636
3 0.6371673 0.20797399 0.07215667 0.056250125
3 0.8764173 0.26252526 0.08555853 0.058398083
3 0.8651278 0.2608463 0.0831691 0.057419613
3 0.7920941 0.26273245 0.07903206 0.055604473
3 0.7820658 0.2607616 0.07902193 0.055875406
3 0.7115321 0.26470828 0.07303107 0.05397685
3 0.70259976 0.26181248 0.07877576 0.055322453
3 0.64581376 0.26243755 0.0735625 0.05647002
3 0.6349839 0.26038042 0.07122207 0.054083645
3 0.8862417 0.31683093 0.086696625 0.055766046
3 0.8763625 0.3194221 0.08722377 0.057709754
3 0.7974409 0.31876552 0.08178747 0.056155026
3 0.78955066 0.32041863 0.077166796 0.053810656
3 0.7218703 0.31750414 0.07229984 0.05437082
3 0.7145448 0.3178148 0.073788166 0.052881777
3 0.6507213 0.31428495 0.06921291 0.05492747
3 0.6445098 0.31469375 0.07111859 0.05287242
3 0.7246213 0.37513247 0.07194352 0.051685393
3 0.6505177 0.36549425 0.07011485 0.05143422
3 0.15761594 0.7823907 0.06773189 0.122399926
3 0.1603254 0.6970473 0.073150784 0.115513206
3 0.1515477 0.78352153 0.055595405 0.12094164
3 0.16461764 0.70415634 0.08173528 0.118572
3 0.16677289 0.6560762 0.06471112 0.03465247
3 0.17244996 0.660076 0.079116404 0.04265201
3 0.28348038 0.7001072 0.18553925 0.12271452
3 0.28782114 0.70384055 0.17685771 0.1301812
3 0.274535 0.7794137 0.20343 0.16117251
3 0.26962072 0.76909727 0.21325861 0.16505492
3 0.25733957 0.8245581 0.17973936 0.07088387
3 0.25038496 0.81947786 0.19761963 0.08104432
3 0.57494193 0.614533 0.045077085 0.10063863
3 0.8225161 0.7614371 0.35496783 0.23229265
3 0.8135781 0.74609387 0.37284374 0.237319
3 0.5820564 0.72159505 0.04731095 0.19556797
3 0.57425445 0.7162742 0.032027364 0.1839844
3 0.8169601 0.88430667 0.35655308 0.054112673
3 0.7887453 0.87661284 0.33913505 0.06739712
