3 0.5660445 0.41924754 0.21672747 0.09963471
3 0.556832 0.41778916 0.21576762 0.099482775
3 0.5835013 0.3358618 0.21826482 0.09810966
3 0.5693163 0.3364501 0.21519008 0.10115981
3 0.38705692 0.24069667 0.12726659 0.056393325
3 0.39400634 0.24375795 0.14278853 0.062515885
3 0.38288528 0.31073093 0.15498316 0.08809185
3 0.3759911 0.31242773 0.14276892 0.08782005
3 0.36726904 0.3948879 0.16182458 0.09358531
3 0.36031714 0.39000505 0.14589685 0.08929545
3 0.34263808 0.46531087 0.14334261 0.086227626
3 0.34975 0.47401285 0.16202503 0.09449065
3 0.3428199 0.5496421 0.17063981 0.09940028
3 0.33710232 0.5473521 0.15920466 0.09663072
3 0.5253227 0.5827569 0.21910024 0.10616791
3 0.5402099 0.59032446 0.21834564 0.10694337
3 0.54781663 0.5015741 0.2175341 0.10327804
3 0.5338725 0.4965328 0.21947727 0.10358548
3 0.5935505 0.26042658 0.21483147 0.09585315
3 0.58011484 0.25676766 0.22046551 0.08853531
3 0.67444843 0.6177229 0.08925617 0.08386564
