3 0.36841223 0.12109762 0.17065614 0.024695233
3 0.34849253 0.12057331 0.17611694 0.023646623
3 0.18832192 0.12337363 0.18350643 0.029247276
3 0.16390477 0.12538701 0.1907461 0.033274047
3 0.17444625 0.17515573 0.1747611 0.07677084
3 0.19296563 0.1800403 0.1716337 0.0769757
3 0.34362137 0.18689978 0.16029227 0.057885468
3 0.36212125 0.2009434 0.16707379 0.07607952
3 0.36283424 0.24508241 0.1519196 0.065920785
3 0.3456122 0.2410577 0.14611655 0.054650918
3 0.45690164 0.23526782 0.071196675 0.059764847
3 0.46451476 0.23028657 0.05597049 0.061864614
3 0.46902293 0.1635867 0.046954155 0.06641641
3 0.46225843 0.16026908 0.060483098 0.072057374
3 0.53858674 0.26334694 0.06660485 0.10024744
3 0.19995728 0.76483226 0.11346991 0.054578185
3 0.19253841 0.7614386 0.11310989 0.051213622
3 0.3367507 0.76679146 0.1274727 0.057119727
3 0.32437518 0.7694875 0.12858325 0.05739093
3 0.16276775 0.8170422 0.110683344 0.05666125
3 0.17067945 0.81381065 0.10724884 0.05640924
3 0.16353382 0.8707216 0.104080915 0.052437663
3 0.15771013 0.86653364 0.10526419 0.05258727
3 0.1505677 0.91758704 0.10189108 0.053632855
3 0.16053016 0.9147943 0.10141721 0.052804828
3 0.27135262 0.9330566 0.11197625 0.05588889
3 0.28419814 0.9319762 0.113728285 0.055280685
3 0.27748677 0.8824445 0.11387664 0.054055214
3 0.28540385 0.879027 0.115819514 0.056220412
3 0.28494942 0.8270313 0.116420686 0.05226934
3 0.29424286 0.82324433 0.11807133 0.053564906
3 0.72815764 0.6538448 0.08708012 0.03268957
3 0.7135478 0.6531167 0.08558142 0.03123343
3 0.71977 0.69209343 0.08686304 0.06258249
3 0.7097959 0.69187653 0.085808754 0.060868263
3 0.72051936 0.7448187 0.08408272 0.06515396
3 0.7104367 0.7453505 0.08665633 0.06194222
3 0.7208398 0.79753876 0.08472347 0.06428647
3 0.72988373 0.80248547 0.08583975 0.06515396
