3 0.36061248 0.38085005 0.14682502 0.07950002
3 0.3720375 0.37564996 0.14482498 0.07835007
3 0.36769998 0.3074625 0.14769995 0.04992503
3 0.37838754 0.3107875 0.14597493 0.056575
3 0.3758 0.46308747 0.14769995 0.08207494
3 0.35686252 0.46005002 0.14682502 0.07834989
3 0.35902497 0.542575 0.14655 0.08034992
3 0.37868747 0.54445004 0.14827496 0.081799984
3 0.37868747 0.6240875 0.14597493 0.0780251
3 0.3703 0.63261247 0.14829999 0.07832503
3 0.5365 0.633475 0.14424992 0.07545006
3 0.52926254 0.62827504 0.14712504 0.07139993
3 0.54415005 0.54705 0.1491501 0.07140005
3 0.5308625 0.5447376 0.14682505 0.073125124
3 0.5365 0.46396244 0.14769995 0.073424906
3 0.5526875 0.4580375 0.1477249 0.07082498
3 0.525525 0.37666246 0.14540005 0.07052499
3 0.5446 0.37926248 0.14885008 0.07397497
3 0.52883744 0.30573753 0.14682505 0.046475053
3 0.54068756 0.30818745 0.14742506 0.051374912
3 0.6904375 0.6257875 0.14567506 0.06782496
3 0.70002496 0.631825 0.14649999 0.07160008
3 0.6985625 0.545875 0.14692497 0.07199991
3 0.7094125 0.54316247 0.14117503 0.071575165
3 0.70774996 0.4590875 0.14450002 0.071575165
3 0.6933625 0.46303752 0.14982486 0.07117498
3 0.6991875 0.37980005 0.14567506 0.07199991
3 0.708375 0.3783375 0.14324999 0.074925065
3 0.6996 0.30668747 0.14485002 0.04837495
3 0.695025 0.30814996 0.14649999 0.05129993
