3 0.23923431 0.1519487 0.29096863 0.05389741
3 0.2419787 0.3502732 0.2964574 0.049453616
3 0.24192478 0.25 0.29634956 0.25
3 0.60107666 0.401018 0.09965336 0.070464015
3 0.61600333 0.36876923 0.11276007 0.13496155
3 0.57870334 0.31427607 0.054906726 0.10123116
3 0.5648367 0.34742582 0.02717328 0.09406328
3 0.7180167 0.40684438 0.11275995 0.058811247
3 0.75202334 0.38847753 0.10738671 0.095544934
3 0.72383666 0.33040714 0.11722672 0.1155535
3 0.70191 0.3604134 0.11275995 0.11824983
3 0.83479667 0.27397183 0.04562664 0.12631206
3 0.83703005 0.29860553 0.051906705 0.12184043
3 0.9043484 0.35191074 0.08630335 0.047478795
3 0.9141883 0.2950216 0.06662333 0.053752363
3 0.9180167 0.24888426 0.04921329 0.11914414
3 0.89072335 0.39519826 0.09665334 0.08210349
3 0.88625 0.4037076 0.09663999 0.065084755
3 0.92314166 0.3889247 0.048716664 0.09465057
3 0.83435 0.40415475 0.03758669 0.06419045
3 0.3313549 0.56721413 0.12946814 0.02192831
3 0.33998406 0.56721413 0.13204497 0.02192831
3 0.33459085 0.60753524 0.12557304 0.04749894
3 0.32615635 0.60257244 0.124284625 0.04447031
3 0.19908522 0.60365194 0.12038955 0.0414716
3 0.19174439 0.5995588 0.12038952 0.042761087
3 0.19605899 0.56613463 0.13249439 0.019769192
3 0.18722004 0.56462026 0.12859927 0.01674056
3 0.06298035 0.5665694 0.103460684 0.020638824
3 0.0655721 0.59889907 0.1086442 0.04749894
3 0.06751967 0.60365194 0.112539336 0.04231119
3 0.053706937 0.6928324 0.084913865 0.037573338
3 0.056718163 0.6930573 0.09093632 0.03712356
3 0.05499533 0.64986145 0.08749065 0.03109622
3 0.16434363 0.68160236 0.12689143 0.04881835
3 0.17145973 0.6740607 0.12817979 0.044050455
3 0.16865824 0.7317102 0.114786536 0.041921377
3 0.16629122 0.73580337 0.12731084 0.044050455
3 0.17814139 0.78331727 0.12602243 0.033704996
3 0.16886798 0.78418696 0.12125841 0.03628385
3 0.17059083 0.82564354 0.115235955 0.03109622
3 0.1783661 0.8219701 0.115206 0.029806852
3 0.17966948 0.85501546 0.10055432 0.020750761
3 0.17427622 0.85673976 0.10528836 0.022460103
3 0.18635112 0.9014499 0.094082415 0.01772213
3 0.18137735 0.9005803 0.096239656 0.01772213
3 0.17749721 0.8779103 0.10226217 0.016402721
3 0.18548222 0.8789898 0.09839702 0.015982866
3 0.06939233 0.87141824 0.10358052 0.027647734
3 0.061632015 0.87293255 0.09836702 0.035834074
3 0.05779682 0.76799405 0.09309363 0.036703825
3 0.054785594 0.7697033 0.08707118 0.042761087
3 0.06017883 0.8044879 0.09785767 0.027647734
3 0.05586423 0.8103203 0.089228466 0.027197957
3 0.30456838 0.6947366 0.1165843 0.03868282
3 0.29872563 0.6980351 0.1132884 0.040482044
3 0.30037358 0.6492917 0.12137824 0.042611122
3 0.30456838 0.74106604 0.112389565 0.040182114
3 0.2978268 0.74211556 0.11149062 0.037483454
3 0.30441853 0.7856113 0.11208993 0.035114408
3 0.29857585 0.7878603 0.10699624 0.034814596
3 0.30202153 0.819961 0.10489893 0.025788546
3 0.29662827 0.8240093 0.105498135 0.024888992
3 0.30173692 0.84754884 0.10367042 0.020390987
3 0.29408148 0.84979784 0.098606765 0.01829195
3 0.3020365 0.88473237 0.09767789 0.027587652
3 0.29598412 0.88545203 0.092883885 0.026688099
3 0.6614033 0.7192228 0.24415994 0.12844563
3 0.8018478 0.7346361 0.24295115 0.1592722
3 0.8900644 0.75 0.18237114 0.19000006
3 0.60192555 0.695525 0.16635108 0.08105004
