3 0.19953206 0.30126783 0.21417552 0.11746432
3 0.24277894 0.19498794 0.27105585 0.1087822
3 0.669762 0.31836697 0.13380456 0.08018935
3 0.68083173 0.30442396 0.16484392 0.08382714
3 0.8239875 0.3071859 0.19702506 0.088107586
3 0.8385115 0.29029715 0.16797698 0.09222168
3 0.15085794 0.82060075 0.27397487 0.2736733
3 0.15937799 0.8014465 0.282444 0.26932514
3 0.3910101 0.80155635 0.20404255 0.23148215
3 0.38243634 0.8232329 0.21809202 0.23648798
3 0.43224674 0.5857635 0.13550651 0.17152703
3 0.4159019 0.59049 0.1681962 0.18097997
3 0.39441755 0.6949054 0.20932966 0.19469154
3 0.26488507 0.61632323 0.37306464 0.23264647
3 0.8195083 0.8499172 0.20848334 0.13516557
3 0.6973139 0.8611883 0.24212778 0.112623334
3 0.63806057 0.87541056 0.123621106 0.084178925
3 0.86869943 0.8191083 0.110101104 0.19678342
3 0.87342834 0.61423665 0.1006434 0.0659734
3 0.7686 0.64506334 0.26076436 0.12762666
3 0.8603972 0.7645744 0.12670553 0.16828442
