3 0.23097649 0.37888846 0.13642783 0.054723084
3 0.31986043 0.38312626 0.047014832 0.046247482
3 0.67041945 0.15660001 0.15333891 0.06320003
3 0.686525 0.17979445 0.18554997 0.10958889
3 0.6214528 0.26808888 0.055405617 0.19586664
3 0.59890276 0.22556667 0.010305524 0.19586667
3 0.16485353 0.80509377 0.14970705 0.1098125
3 0.16113093 0.80205274 0.14226186 0.115894556
3 0.31094527 0.794431 0.12992424 0.13113809
3 0.31848934 0.7997327 0.1148749 0.12053466
3 0.68554056 0.7064718 0.110509515 0.0672276
3 0.67268765 0.7063807 0.08520937 0.070342064
3 0.6340157 0.8761653 0.053150177 0.05931449
3 0.7918819 0.8976134 0.11527133 0.072731376
3 0.7836335 0.89875805 0.1309607 0.0704422
3 0.79377306 0.8411374 0.13330364 0.09067345
3 0.8047371 0.8394603 0.110388756 0.08132827
3 0.8076485 0.78163815 0.12452912 0.086887
3 0.8171247 0.77943295 0.10474682 0.077438116
3 0.8225634 0.708841 0.11830163 0.08459127
3 0.8167737 0.7148803 0.12869823 0.08948839
