3 0.35532388 0.19230962 0.031852245 0.1336478
3 0.3231487 0.25623065 0.09620261 0.13250977
3 0.31535056 0.3017518 0.11179888 0.1814964
3 0.27257532 0.19377351 0.11468029 0.17504703
3 0.16061354 0.21734652 0.030959696 0.15043764
3 0.16123594 0.17586793 0.033399493 0.13923585
3 0.19781026 0.1337332 0.106787786 0.054966398
3 0.26732188 0.14697024 0.0806734 0.08133945
3 0.27797502 0.32759288 0.11421925 0.12981421
3 0.18838726 0.25714278 0.08519855 0.13896245
3 0.77010334 0.21504167 0.20979333 0.117583334
3 0.14328761 0.63717073 0.029075235 0.061841488
3 0.15224493 0.69424915 0.04698986 0.14959979
3 0.24602228 0.64189327 0.1292032 0.07128656
3 0.33382884 0.7249753 0.074842334 0.14285016
3 0.9361526 0.6762728 0.098333955 0.13165927
3 0.8993904 0.85598767 0.07305777 0.10502088
3 0.9147744 0.77138805 0.087470174 0.11139405
3 0.92650247 0.68060553 0.11476624 0.12906563
3 0.7643819 0.83054864 0.23449588 0.117024064
3 0.75028884 0.8234951 0.23716092 0.11201036
3 0.7755544 0.73701257 0.23940086 0.124055624
3 0.7590911 0.72511405 0.24658012 0.12844145
3 0.7812311 0.6385862 0.24992478 0.15678275
3 0.7589227 0.63380355 0.24898326 0.14917481
