3 0.10326617 0.33518437 0.20653234 0.20465708
3 0.10429099 0.48780024 0.20858198 0.16144702
3 0.18685853 0.5190469 0.37371707 0.11606023
3 0.6908767 0.404199 0.31001413 0.16949624
3 0.51393276 0.4989627 0.41257417 0.14361644
3 0.72507393 0.5934312 0.18936372 0.118299246
3 0.69664276 0.73433363 0.21115768 0.120895624
3 0.650239 0.6741165 0.32026994 0.13213646
3 0.35993275 0.6883807 0.38686568 0.10208857
3 0.41891274 0.80665445 0.36080378 0.11012781
3 0.46449128 0.840999 0.3736629 0.13041794
3 0.6859727 0.84367156 0.20373607 0.11637461
3 0.13714431 0.6561244 0.27428862 0.10848343
