3 0.21600004 0.80142295 0.13326618 0.20982373
3 0.18602812 0.33157662 0.110441804 0.19282115
3 0.18579252 0.4942628 0.09760812 0.20745078
3 0.20218055 0.5006309 0.1300818 0.21258774
3 0.20131764 0.6486586 0.11662041 0.216483
3 0.21193482 0.6554685 0.13738647 0.21913874
3 0.22831666 0.7984895 0.15829529 0.21569073
3 0.44199073 0.56915873 0.3643336 0.25201297
3 0.46593067 0.5837121 0.3731956 0.24385807
3 0.44973278 0.7359593 0.3598454 0.26250648
3 0.4787966 0.7582938 0.37588784 0.27267385
3 0.46451685 0.82685107 0.34513587 0.13667071
3 0.49848205 0.83492625 0.35000476 0.11567843
