3 0.27662647 0.2275629 0.44674706 0.44837552
3 0.2646925 0.34175923 0.47061503 0.21998286
3 0.77515775 0.3492089 0.15606034 0.016582191
3 0.7344587 0.308747 0.15624821 0.09750599
3 0.7788066 0.30446288 0.15063906 0.106074214
3 0.7113222 0.24714872 0.15475965 0.07045603
3 0.85618734 0.33346128 0.067625284 0.048077404
3 0.13687454 0.69658816 0.14874908 0.06501818
3 0.15569273 0.6862973 0.1703709 0.057614565
3 0.30919817 0.70605004 0.17448728 0.057614565
3 0.33717635 0.6965809 0.17613094 0.055141807
3 0.42273092 0.71181726 0.029538155 0.059258223
3 0.1381109 0.7727191 0.15122181 0.055970907
3 0.16104545 0.76819545 0.16955635 0.06173098
3 0.3120709 0.7784718 0.16708364 0.057614565
3 0.34129274 0.7669518 0.16789818 0.046094537
3 0.14181273 0.84967184 0.15862545 0.05185449
3 0.16310364 0.8393809 0.1670691 0.055970907
3 0.31001273 0.8492645 0.16625452 0.049381852
3 0.3396418 0.8373227 0.16625452 0.046909094
3 0.42149457 0.8591336 0.032010853 0.054312706
3 0.18121272 0.88837636 0.16543998 0.010747194
3 0.35240546 0.88837636 0.15390545 0.0107473135
3 0.1352309 0.6298118 0.1454618 0.04712367
3 0.15004545 0.62323 0.17509091 0.033959985
3 0.30589637 0.62857544 0.1777746 0.044650912
3 0.33882725 0.62199366 0.17777456 0.031487226
3 0.42231637 0.63310635 0.030367255 0.053712726
3 0.6117597 0.7863873 0.10665882 0.10758817
3 0.6194644 0.79074115 0.122479916 0.107360125
3 0.63146454 0.7266071 0.13217723 0.114797115
3 0.64315724 0.72847146 0.12982333 0.11216259
3 0.7270577 0.7634524 0.12409198 0.10975933
3 0.74002635 0.7682475 0.12463093 0.11099017
3 0.8169385 0.80185425 0.11569762 0.106597066
3 0.8296994 0.8052145 0.11707544 0.10902715
3 0.72033477 0.81730795 0.113353014 0.08206451
3 0.65348625 0.66209584 0.12877464 0.11486673
3 0.66551197 0.66312546 0.13011742 0.11196935
3 0.74602354 0.70029455 0.12120426 0.110311866
3 0.75737286 0.7054262 0.12146902 0.10871017
3 0.8302777 0.7381283 0.11373961 0.10614169
3 0.84356344 0.74393004 0.11593616 0.107774496
3 0.85601765 0.6783481 0.11248374 0.105353475
3 0.8444894 0.6789285 0.11007142 0.09931326
3 0.7775856 0.6388899 0.11994207 0.108769536
3 0.7681806 0.6365657 0.12081492 0.1074568
3 0.6749019 0.62051994 0.12633824 0.068023086
3 0.6660489 0.61755425 0.12737107 0.06038332
