3 0.6413153 0.27065885 0.17416024 0.12944044
3 0.61209565 0.27031806 0.17116284 0.124297515
3 0.62454003 0.37918687 0.17372608 0.12516499
3 0.6045917 0.37875313 0.17161751 0.12173653
3 0.44800264 0.3421124 0.16644955 0.119588494
3 0.42398196 0.33739293 0.16731775 0.121302605
3 0.27790442 0.30095878 0.1565891 0.117874086
3 0.2547416 0.29839754 0.15830487 0.121302664
3 0.25667444 0.19723284 0.15787077 0.12043522
3 0.28713435 0.19894713 0.15871829 0.1170066
3 0.4286951 0.23323327 0.16388625 0.12043518
3 0.62603873 0.48463738 0.16816545 0.13030794
3 0.6058734 0.48570102 0.17331254 0.12388441
3 0.45272607 0.445198 0.16130236 0.12516499
3 0.43106204 0.4396213 0.16345215 0.12173635
3 0.2914238 0.40405458 0.15357113 0.12086904
3 0.26589411 0.3978274 0.15745735 0.12217027
3 0.2819871 0.50477535 0.15272349 0.12258318
3 0.30106717 0.50112987 0.15144195 0.11273119
3 0.43556842 0.5495745 0.16130239 0.1255987
3 0.45250902 0.5510719 0.16343158 0.122603774
3 0.6266796 0.5900775 0.16944695 0.12857306
3 0.64476746 0.59997094 0.1716795 0.13030791
3 0.2613256 0.7030566 0.14985019 0.11977422
3 0.27606457 0.7110395 0.15133858 0.12276912
3 0.44763052 0.74322915 0.15681651 0.088338494
3 0.46985275 0.7429917 0.1593386 0.0868305
