3 0.07721674 0.6570189 0.15443347 0.1354121
3 0.08610392 0.6447739 0.17220785 0.14335215
3 0.09031942 0.51350665 0.18063883 0.1439147
3 0.09912309 0.51145136 0.19824618 0.15998217
3 0.09856842 0.38667944 0.19713683 0.15221971
3 0.09090237 0.3947759 0.18180475 0.15323347
3 0.10669777 0.25777125 0.20847934 0.16427004
3 0.09533481 0.2681426 0.19066963 0.16432512
3 0.095967904 0.17044698 0.19193581 0.109197654
3 0.08733955 0.17187151 0.1746791 0.10340801
3 0.53939253 0.598985 0.22357169 0.14156044
3 0.5507897 0.5905503 0.22233006 0.14314711
3 0.51688457 0.46998176 0.22584066 0.15532023
3 0.53310686 0.45952186 0.22060499 0.15454239
3 0.54215646 0.32341585 0.22271514 0.15775687
3 0.5152792 0.33662286 0.22936022 0.15079463
3 0.5028928 0.21437894 0.22527981 0.15248814
3 0.5239195 0.19856377 0.22056568 0.15378526
3 0.50038207 0.08575504 0.22040167 0.14938481
3 0.51955885 0.07780533 0.21512294 0.14175315
3 0.80507493 0.56522804 0.24313319 0.15238822
3 0.7965842 0.5788005 0.24573731 0.14656615
3 0.77946573 0.4351793 0.24981761 0.14797273
3 0.79436964 0.42942458 0.24874938 0.15147963
3 0.8071088 0.2837876 0.24539602 0.1614508
3 0.7780405 0.30380926 0.2541989 0.16835874
3 0.77020836 0.17259787 0.2395134 0.15922293
3 0.7814435 0.16015102 0.24236453 0.17024562
3 0.7806929 0.05411329 0.2378397 0.10822658
3 0.7545417 0.06269127 0.23697364 0.12538254
3 0.9602668 0.40906 0.07946634 0.14483964
3 0.96340704 0.27039933 0.07318592 0.14278495
3 0.96061647 0.12671325 0.07876706 0.14524114
3 0.9511642 0.13684815 0.09767163 0.14719802
3 0.9525786 0.033383325 0.09484279 0.06676665
