3 0.34231332 0.724318 0.2415123 0.1549772
3 0.16793105 0.7392598 0.07687986 0.1215055
3 0.20629352 0.71937484 0.15271223 0.14675295
3 0.43010572 0.6896697 0.25273985 0.16423702
3 0.6070066 0.6733558 0.23998094 0.1546824
3 0.6850326 0.6370389 0.24020147 0.15827382
3 0.85339427 0.62295604 0.22821152 0.13704598
3 0.89125526 0.5925369 0.15248942 0.15098095
3 0.20146482 0.84627897 0.16141513 0.08744204
3 0.32853904 0.8439805 0.23232406 0.09203899
3 0.41350436 0.8298826 0.24468529 0.12023473
3 0.5750125 0.8235231 0.22551766 0.11632991
3 0.6629611 0.7986433 0.23083639 0.15469635
3 0.82824016 0.7739198 0.22973275 0.1367383
3 0.8772011 0.75085163 0.1805979 0.15811062
3 0.8633884 0.84823716 0.20822322 0.07227075
3 0.6368558 0.8708285 0.22162533 0.038342953
