3 0.2330157 0.31645992 0.35992816 0.22137535
3 0.22005343 0.31918177 0.33172488 0.20522662
3 0.44169164 0.39233518 0.116616726 0.12436539
3 0.59454376 0.17670003 0.059337497 0.029374987
3 0.59799373 0.1758 0.058437586 0.030574977
3 0.10541797 0.83437943 0.07115173 0.12458849
3 0.22885393 0.76771325 0.23234037 0.19269145
3 0.3057618 0.90456164 0.1186192 0.09881556
3 0.7716561 0.66793 0.3005731 0.15336013
3 0.8007108 0.66410464 0.26304793 0.14570928
3 0.7835837 0.80712247 0.29463053 0.20325518
3 0.8203151 0.8050271 0.25858045 0.1984582
3 0.90574765 0.84105706 0.08810723 0.054021597
