3 0.49279755 0.9101201 0.34256732 0.17975974
3 0.3711886 0.8889829 0.29004055 0.13809109
3 0.18829396 0.8151367 0.23197967 0.15045702
3 0.10906284 0.7986846 0.21773778 0.13067031
3 0.05357437 0.61678207 0.10714874 0.1390953
3 0.13942075 0.67210674 0.2163871 0.16021872
3 0.22109383 0.6484394 0.22999871 0.17132902
3 0.39551714 0.7299465 0.292826 0.19486141
3 0.51584715 0.73220676 0.32619062 0.19795609
3 0.76414984 0.7469006 0.13615835 0.24147773
3 0.6992845 0.791132 0.24540412 0.1905849
3 0.53147906 0.110810205 0.23122251 0.13479987
3 0.46383047 0.15214333 0.274266 0.14505583
3 0.2917347 0.14556627 0.20202519 0.13304871
3 0.21925795 0.16992033 0.20733309 0.108038545
3 0.11086871 0.16898005 0.11942053 0.08138585
3 0.0978072 0.30809355 0.12805444 0.08312976
3 0.19333503 0.33922803 0.20319195 0.1160475
3 0.265927 0.30214635 0.21508129 0.120571196
3 0.4520382 0.33642146 0.27271146 0.13453156
3 0.51719314 0.31615713 0.23265219 0.13899261
3 0.7593974 0.29862 0.23825037 0.16419338
3 0.7169234 0.54756504 0.2689469 0.18278849
3 0.50442916 0.5037935 0.3091766 0.14466599
3 0.408042 0.51610494 0.2740024 0.15049326
3 0.22172865 0.49071512 0.21208447 0.098831
3 0.058429003 0.47343042 0.09042832 0.09808248
