3 0.16154596 0.38485354 0.14775386 0.112719536
3 0.1737838 0.27299067 0.153133 0.14869684
3 0.18717684 0.15278767 0.14764372 0.15192789
3 0.19736883 0.082855545 0.12143409 0.06745297
3 0.76916444 0.34819445 0.24000001 0.13134223
3 0.80619556 0.40015054 0.19950223 0.0396989
3 0.7257155 0.41199055 0.18666673 0.016018927
3 0.72621334 0.3289411 0.19555557 0.086933315
3 0.34502107 0.52582955 0.123631895 0.051659107
3 0.35740718 0.52788323 0.12472695 0.05402851
3 0.689571 0.82491785 0.37914205 0.14526021
3 0.68132937 0.83102435 0.36265877 0.16425681
3 0.69300455 0.9056841 0.37726128 0.044190407
3 0.6897611 0.9092167 0.36959732 0.036269426
3 0.67863655 0.7254302 0.3572731 0.14987254
3 0.64124423 0.7264047 0.28248847 0.12334263
3 0.8294207 0.7786618 0.087653995 0.094824195
3 0.66835904 0.6482552 0.33671808 0.11201465
3 0.6316097 0.6430184 0.2632194 0.10154104
3 0.82436466 0.69346803 0.08451104 0.10448158
3 0.82836103 0.6362111 0.06339884 0.05991113
3 0.64237595 0.60925615 0.2847519 0.03401649
3 0.6275636 0.60516244 0.2551272 0.025829077
