3 0.43619385 0.46007043 0.1614129 0.08964327
3 0.42706323 0.45561495 0.16106784 0.08464748
3 0.6073683 0.44623092 0.16008854 0.08777237
3 0.59215826 0.4517153 0.16340005 0.08867931
3 0.36790547 0.5525858 0.16635758 0.094183326
3 0.38048366 0.5456355 0.16020304 0.09347311
3 0.35073566 0.6469827 0.15987688 0.08632374
3 0.343457 0.64081854 0.16210532 0.08683574
3 0.31388727 0.72152346 0.16197817 0.056953073
3 0.33038402 0.71788114 0.15957159 0.064237714
3 0.4855673 0.71895224 0.16091377 0.062095523
3 0.5032607 0.71666354 0.16101512 0.06667292
3 0.507433 0.6408943 0.15873754 0.08343732
3 0.51868016 0.63331455 0.16026962 0.086731076
3 0.5310512 0.54737365 0.15700209 0.08120942
3 0.5436853 0.53968924 0.15772045 0.08296895
3 0.71465343 0.5251561 0.17222536 0.10767636
3 0.7059977 0.5222767 0.17595506 0.11109531
3 0.6852737 0.62398136 0.1609093 0.08356118
3 0.6729558 0.6303781 0.16069782 0.08211279
3 0.6747466 0.7137025 0.16338694 0.072595
3 0.6630926 0.71247447 0.16038871 0.07505107
