3 0.29660383 0.23264667 0.23477405 0.31364733
3 0.3196837 0.2664544 0.20514023 0.34256417
3 0.16908547 0.15207873 0.2521891 0.14829722
3 0.24094787 0.38655818 0.35414726 0.22688365
3 0.20681232 0.36641267 0.35826188 0.26717466
3 0.067570776 0.46981183 0.07977879 0.060376346
3 0.7322412 0.4309114 0.22109926 0.05929917
3 0.63076097 0.3544423 0.26152194 0.19979203
3 0.66384673 0.3656982 0.2670902 0.18884379
3 0.85149074 0.43818283 0.16327238 0.046531618
3 0.6421582 0.24899012 0.28431642 0.26710445
3 0.61774963 0.22253099 0.23549926 0.29841024
3 0.84801006 0.38698915 0.19545507 0.14878404
3 0.61230665 0.13629305 0.22461331 0.2725861
3 0.6634937 0.14712478 0.3269874 0.29424956
3 0.91625464 0.315022 0.16749078 0.20878965
3 0.38875967 0.8379879 0.034980655 0.053218007
3 0.1741072 0.8529495 0.09890306 0.04410112
3 0.2006501 0.85733217 0.13010298 0.03533566
3 0.29855055 0.8481226 0.12650563 0.04659629
3 0.3395398 0.84776485 0.12713009 0.043268204
3 0.16682415 0.7866861 0.094014145 0.061299443
3 0.19957992 0.79553753 0.13552777 0.05589676
3 0.29116872 0.7796366 0.13137442 0.056519985
3 0.34017068 0.7851678 0.12890393 0.057227373
3 0.38652816 0.7693538 0.03944367 0.054595113
3 0.38288334 0.70430076 0.04673332 0.04639232
3 0.333542 0.72182465 0.12306541 0.045268536
3 0.28557897 0.71875 0.12038028 0.042641997
3 0.16623023 0.7184608 0.10121107 0.05584359
3 0.19787517 0.7294399 0.11601232 0.039931417
3 0.1654645 0.66067773 0.106239974 0.042766213
3 0.19753133 0.6716539 0.12306544 0.045268536
3 0.29569033 0.6591874 0.11773169 0.040017247
3 0.3343712 0.66230774 0.11542213 0.04322505
3 0.599769 0.9804107 0.19953799 0.03917861
3 0.58618516 0.9787563 0.17237031 0.042487383
3 0.5848528 0.90515965 0.16970566 0.090483665
3 0.5941421 0.91587096 0.18828416 0.084515214
3 0.5871295 0.8306312 0.17425895 0.07411778
3 0.5834078 0.8241905 0.16681564 0.0825305
3 0.59169304 0.7159865 0.18338609 0.09502566
3 0.5868646 0.7152176 0.17372918 0.09763479
3 0.58563375 0.7720386 0.17126751 0.08141291
3 0.5930581 0.772902 0.18611622 0.07698679
3 0.8143025 0.9732853 0.1989969 0.053429246
3 0.80476964 0.9717993 0.19426382 0.056401372
3 0.8130631 0.92010224 0.18909681 0.05220139
3 0.8031937 0.91184914 0.19443882 0.05117905
3 0.81423056 0.8666868 0.18820453 0.04796207
3 0.8009624 0.86196125 0.1844486 0.045268297
3 0.8180937 0.7957506 0.17924869 0.07612383
3 0.80763584 0.7931392 0.17453253 0.074698806
