3 0.14175725 0.38842195 0.2835145 0.12430692
3 0.30878407 0.37611127 0.38243186 0.12209028
3 0.40415165 0.38118938 0.1916967 0.08202332
3 0.06683745 0.36587813 0.1336749 0.1758343
3 0.04015187 0.17337066 0.08030374 0.15551436
3 0.21634817 0.1445065 0.43269634 0.289013
3 0.077281564 0.33162707 0.15456313 0.2208829
3 0.7378966 0.33554623 0.17373383 0.06979042
3 0.784249 0.33886895 0.17104006 0.054485917
3 0.6948068 0.28370947 0.18711364 0.12180315
3 0.6292083 0.31860647 0.055916667 0.10234225
3 0.64968884 0.32294846 0.096877694 0.08672285
3 0.66108763 0.35533142 0.07787132 0.031837165
3 0.45904943 0.8880698 0.08190113 0.22311413
3 0.46367952 0.98084736 0.072640955 0.038305342
3 0.44888076 0.9828522 0.10223848 0.03429556
3 0.8013551 0.6824983 0.1304828 0.061903477
3 0.8254379 0.838781 0.12479997 0.034937978
3 0.78814137 0.83929133 0.12066209 0.033917308
3 0.6835345 0.8457742 0.13412416 0.020951748
3 0.63123107 0.8447397 0.12066209 0.023020744
3 0.58231986 0.79591894 0.09213972 0.03417933
3 0.5724853 0.7537259 0.072470665 0.03779304
3 0.5667888 0.7405121 0.061077595 0.04557252
3 0.7115069 0.76718795 0.11028969 0.033655167
3 0.8062655 0.7589121 0.10720003 0.0305655
3 0.83681726 0.76538104 0.11031723 0.03417933
3 0.76251376 0.8029258 0.10355866 0.035724163
3 0.7816724 0.8034362 0.11390352 0.029517293
3 0.6509138 0.8065535 0.10513103 0.034703493
