3 0.26966727 0.17074814 0.29831147 0.2111891
3 0.23758137 0.17263791 0.29887986 0.19916981
3 0.40789297 0.2673877 0.13171405 0.16654849
3 0.32800117 0.09032518 0.2181459 0.055650353
3 0.35699782 0.10233806 0.185494 0.07967612
3 0.70860714 0.21124999 0.12221432 0.05021429
3 0.75325 0.20303571 0.13171422 0.053499997
3 0.8193393 0.21124999 0.06632149 0.05021429
3 0.70614284 0.27957144 0.11728573 0.05021429
3 0.7495357 0.27505356 0.12757134 0.051035702
3 0.8148036 0.2779107 0.07539284 0.033749998
3 0.8329107 0.33019644 0.03917861 0.047749996
3 0.8078214 0.34417856 0.08935714 0.042785764
3 0.74050003 0.3318214 0.11935711 0.039500058
3 0.7007857 0.34376785 0.106571436 0.041964233
3 0.7063214 0.3889643 0.10864282 0.022071421
3 0.8139821 0.3885536 0.077035666 0.022892833
3 0.26209503 0.72635865 0.13205469 0.098578334
3 0.35212582 0.6972265 0.053248346 0.07220721
3 0.34421128 0.66417354 0.06378895 0.035847068
3 0.33872136 0.66587424 0.07397562 0.039248586
3 0.2453272 0.68319345 0.1313674 0.07388687
3 0.24303772 0.6593445 0.110746115 0.02618897
3 0.78153336 0.8897157 0.18314981 0.22056866
3 0.765733 0.8780556 0.21653998 0.21940994
3 0.8064763 0.65936184 0.17266619 0.24779081
3 0.7793307 0.6698333 0.22509313 0.2456479
