3 0.352325 0.376875 0.11464995 0.078399956
3 0.34765 0.37202498 0.10529995 0.07354993
3 0.50227505 0.37289998 0.1436001 0.07665002
3 0.48822498 0.3774 0.14669988 0.07734996
3 0.429075 0.7239125 0.1436001 0.07527506
3 0.4398375 0.7292875 0.14567512 0.07077503
3 0.42404997 0.64361256 0.1446501 0.074925065
3 0.440525 0.63927495 0.1450001 0.07319999
3 0.43254998 0.557075 0.14290005 0.07249999
3 0.4424375 0.5503125 0.14392489 0.07562506
3 0.4422625 0.46723747 0.14152509 0.070425004
3 0.45348743 0.46045002 0.14197499 0.07209998
3 0.618125 0.45578754 0.15260005 0.09537497
3 0.609275 0.4525 0.15575004 0.09849998
3 0.60355 0.550475 0.1450001 0.07249999
3 0.59244996 0.556025 0.1450001 0.0711
3 0.60667497 0.6415374 0.14775014 0.070075035
3 0.59505 0.6391001 0.1446501 0.071449995
3 0.60789996 0.7263375 0.14950013 0.07317507
3 0.598525 0.723225 0.1453501 0.07179999
