3 0.32036504 0.2964111 0.09704119 0.092822194
3 0.46181527 0.3146943 0.20758504 0.12938857
3 0.6533986 0.33398926 0.1937654 0.15297616
3 0.7795299 0.3455755 0.06594014 0.12694931
3 0.29388914 0.41168314 0.101417124 0.13485485
3 0.26197994 0.5328251 0.08833611 0.1277808
3 0.3739328 0.6334687 0.19378108 0.11073625
3 0.56197065 0.6639761 0.18513799 0.13037491
3 0.72170275 0.6808273 0.149153 0.13834536
3 0.4008388 0.5425822 0.19786978 0.14845955
3 0.59209687 0.561222 0.1887368 0.14771688
3 0.74538773 0.57127875 0.13422453 0.13156903
3 0.7654131 0.46122807 0.09417379 0.12503836
3 0.62608683 0.45021588 0.19429898 0.14364848
3 0.43459278 0.4292871 0.19518337 0.1357156
