3 0.2844797 0.33822066 0.118540585 0.048558652
3 0.249375 0.23425409 0.18875 0.14824009
3 0.249375 0.24117891 0.18875 0.15394291
3 0.2303887 0.17848404 0.1507774 0.04939121
3 0.2316387 0.18144158 0.1532774 0.055306286
3 0.9235804 0.31134722 0.08283925 0.11980373
3 0.94364023 0.30867758 0.042719603 0.13111214
3 0.823771 0.25775513 0.28232968 0.14168608
3 0.7979116 0.2555422 0.26522863 0.13408029
3 0.62673867 0.21477196 0.16380739 0.09655289
3 0.6476188 0.123230025 0.14500761 0.101170756
3 0.6721925 0.111365184 0.18237853 0.10273036
3 0.851581 0.14098291 0.22683811 0.11339092
3 0.81709075 0.15463232 0.2865548 0.1349298
3 0.9413407 0.18902397 0.047318578 0.13369966
3 0.9271287 0.39009595 0.0757426 0.0998081
3 0.85024166 0.34805673 0.22951674 0.10975224
3 0.6546455 0.29459977 0.20700145 0.10004407
3 0.6360264 0.29352117 0.20455277 0.099029005
3 0.837008 0.40200287 0.23266852 0.07599425
3 0.64133644 0.36651045 0.21184671 0.11038947
3 0.6511378 0.40499374 0.17127788 0.07001251
3 0.69094086 0.41203055 0.16474128 0.0559389
3 0.6423453 0.2054301 0.18198514 0.08503842
3 0.80355483 0.08333842 0.25092876 0.046676833
3 0.94325626 0.10899256 0.04348743 0.037902832
3 0.36213768 0.80213314 0.27572465 0.22986567
3 0.34899896 0.8096755 0.30200207 0.2141627
3 0.13775815 0.89134604 0.2755163 0.13309538
3 0.16250247 0.96425855 0.2517863 0.0714829
3 0.19319043 0.9684631 0.29408246 0.063073754
3 0.40383065 0.9400899 0.1923387 0.11982024
3 0.359051 0.92452586 0.28189802 0.15094829
3 0.40758365 0.6655598 0.18483269 0.22661507
3 0.18589543 0.78055847 0.32947996 0.1669451
3 0.1601658 0.78502625 0.3203316 0.16343212
3 0.40003693 0.5845971 0.19992614 0.16919422
3 0.16985932 0.6683592 0.33971864 0.22546959
3 0.17330743 0.62179595 0.3049654 0.1344155
3 0.24462067 0.598729 0.3009263 0.11702573
3 0.17690581 0.8967013 0.2634251 0.1108309
3 0.3649544 0.99146247 0.27009118 0.017075062
3 0.72735995 0.73296946 0.10734141 0.06844723
3 0.75858605 0.6876924 0.11632204 0.094099164
3 0.8891352 0.7108495 0.066729665 0.14669907
