3 0.3050906 0.18982236 0.09350026 0.08617112
3 0.2777031 0.20587516 0.15027207 0.09437041
3 0.18486612 0.20540822 0.15980813 0.081254065
3 0.13217738 0.22235173 0.16105604 0.088629544
3 0.15328985 0.15220924 0.15100789 0.061091065
3 0.8094688 0.2982158 0.12096131 0.12229115
3 0.7989577 0.3072626 0.14198363 0.10546982
3 0.6660727 0.26575133 0.116651654 0.1821615
3 0.6535582 0.25944203 0.09162259 0.1695429
3 0.6709336 0.33000988 0.103796005 0.066551805
3 0.6827746 0.3388778 0.12407541 0.048815966
3 0.47459745 0.647745 0.05080509 0.12411857
3 0.5733169 0.5652539 0.13007987 0.045838118
3 0.8612584 0.54244655 0.13890958 0.057109594
3 0.85131776 0.5450668 0.1400001 0.06062877
3 0.7026473 0.57117826 0.17098892 0.07511294
3 0.68509805 0.5769712 0.17115855 0.07593465
3 0.567733 0.60545576 0.13546601 0.0765388
3 0.55857724 0.6101178 0.11715448 0.07590461
3 0.51847935 0.7097186 0.036958694 0.09735966
3 0.6083592 0.66708416 0.21671844 0.10634518
3 0.6386987 0.66053724 0.20565999 0.09888601
3 0.79727495 0.6227615 0.1712501 0.08877504
3 0.81478673 0.617414 0.16369665 0.0901134
3 0.8075863 0.67997986 0.17378163 0.10234177
3 0.785845 0.68817943 0.18662989 0.10471141
3 0.6145896 0.7341234 0.22607446 0.118676424
3 0.6015165 0.7453963 0.203033 0.123932004
3 0.51582515 0.7883514 0.031650305 0.11746359
3 0.59157026 0.8352983 0.18314055 0.15402293
3 0.6057658 0.82258403 0.21153164 0.14751244
3 0.774212 0.7642875 0.20216036 0.12623143
3 0.79724324 0.75430423 0.1943605 0.12488079
3 0.78696996 0.84093815 0.21406245 0.15217686
3 0.76152337 0.85232645 0.2240076 0.15325105
3 0.5984117 0.9160106 0.19682336 0.16797876
3 0.5838924 0.9224931 0.16778481 0.15501386
3 0.56703764 0.9762955 0.13407528 0.04740894
3 0.58780414 0.9674634 0.17560828 0.06507313
3 0.7420415 0.93238544 0.24713564 0.13522911
3 0.77297795 0.92620647 0.2353828 0.14758706
3 0.7568945 0.9786856 0.25637686 0.042628765
3 0.76920897 0.9747889 0.25419152 0.05042219
