3 0.39718938 0.11278495 0.19698942 0.11618012
3 0.37722236 0.11517004 0.22227395 0.11752586
3 0.3795684 0.19214429 0.22997785 0.16002455
3 0.40168723 0.19242945 0.19662553 0.16769993
3 0.2398879 0.13636746 0.1843685 0.12699327
3 0.39822242 0.29317942 0.20355517 0.19166833
3 0.3484328 0.30149084 0.23793405 0.18788326
3 0.16942579 0.22747108 0.18454957 0.15597384
3 0.041185886 0.38051382 0.08237177 0.15651554
3 0.76863927 0.2080522 0.16151333 0.10455939
3 0.14614934 0.8927787 0.13979867 0.04944265
3 0.28025132 0.6600146 0.13632001 0.07212806
3 0.26400065 0.6671454 0.1466133 0.07687473
3 0.39083266 0.649316 0.06583464 0.06340265
3 0.385286 0.6564467 0.07692796 0.069749355
3 0.15423532 0.768596 0.14899197 0.08163202
3 0.294518 0.74560934 0.118879974 0.06420267
3 0.3916273 0.7293587 0.06424534 0.05706668
3 0.14852801 0.8367506 0.14455605 0.0879786
3 0.286982 0.8129747 0.12125863 0.075285316
3 0.38805935 0.792372 0.07138133 0.065781355
3 0.39321133 0.791572 0.061077356 0.065781355
3 0.29847533 0.817732 0.11730136 0.06419206
3 0.16097136 0.8438867 0.1402773 0.07846403
3 0.16651802 0.89357334 0.1450347 0.04785335
3 0.28223 0.8812853 0.11809063 0.0724293
3 0.38608068 0.85379064 0.0753386 0.06657064
3 0.39123267 0.85101736 0.06503463 0.065781355
3 0.39123264 0.8983253 0.06503469 0.03834927
3 0.380134 0.8963467 0.08723199 0.04230666
3 0.37933934 0.598243 0.08882129 0.033985972
3 0.25290197 0.60220563 0.14820272 0.041911364
3 0.2782833 0.59704834 0.14341336 0.03159666
3 0.39083266 0.59388566 0.06583464 0.025271297
3 0.749681 0.69223595 0.21186197 0.046971917
3 0.65597504 0.7242078 0.024450064 0.109392405
3 0.74932134 0.75 0.21114278 0.16250002
