3 0.13687454 0.19658819 0.14874908 0.06501818
3 0.15569273 0.18629727 0.1703709 0.057614505
3 0.30919817 0.20605001 0.17448728 0.057614505
3 0.33717635 0.19658089 0.17613094 0.055141836
3 0.42273092 0.21181726 0.029538155 0.059258163
3 0.1381109 0.2727191 0.15122181 0.055970967
3 0.16104545 0.26819545 0.16955635 0.061730966
3 0.3120709 0.2784718 0.16708364 0.057614505
3 0.34129274 0.2669518 0.16789818 0.046094522
3 0.14181273 0.34967184 0.15862545 0.05185449
3 0.16310364 0.33938092 0.1670691 0.055970967
3 0.31001273 0.34926453 0.16625452 0.049381852
3 0.3396418 0.3373227 0.16625452 0.046909034
3 0.42149457 0.35913363 0.032010853 0.054312706
3 0.18121272 0.38837638 0.16543998 0.010747254
3 0.35240546 0.38837636 0.15390545 0.0107473135
3 0.1352309 0.12981181 0.1454618 0.04712362
3 0.15004545 0.12323 0.17509091 0.03396
3 0.30589637 0.12857547 0.1777746 0.044650942
3 0.33882725 0.12199364 0.17777456 0.03148727
3 0.42231637 0.13310638 0.030367255 0.053712755
3 0.8711821 0.23704869 0.055158257 0.10102819
3 0.8740147 0.32179072 0.057587862 0.08878422
3 0.869 0.3202676 0.06894171 0.10009539
3 0.8741831 0.39645854 0.06438029 0.08052927
3 0.87818944 0.3950567 0.05669737 0.081587195
3 0.65478396 0.1419839 0.101323605 0.1233713
3 0.6517239 0.14597206 0.09356582 0.12037644
3 0.6761511 0.24136373 0.11216223 0.11750226
3 0.6713363 0.24535179 0.100348115 0.11238326
3 0.68230295 0.33486164 0.09039378 0.09427488
3 0.69025534 0.33180743 0.10669148 0.094849885
3 0.30155334 0.77764446 0.24000001 0.11260438
3 0.33603722 0.79544 0.19042557 0.10467553
3 0.27291334 0.8497455 0.21628441 0.03550887
3 0.14787166 0.83244777 0.15824333 0.07010448
3 0.10984501 0.6843289 0.08219003 0.09976888
3 0.12367611 0.6912444 0.109852225 0.083946705
3 0.78248966 0.892267 0.08774018 0.057851315
