3 0.85875094 0.21567637 0.1774981 0.13003635
3 0.8291218 0.19509454 0.23675632 0.11522904
3 0.57410365 0.23460002 0.34897456 0.11522904
3 0.5181473 0.21566178 0.35226187 0.11028364
3 0.21328816 0.24613453 0.3265763 0.118516356
3 0.18530273 0.21237455 0.27060544 0.12017462
3 0.8562782 0.3679382 0.18244362 0.11194193
3 0.8241764 0.3588909 0.24664724 0.1234619
3 0.5683582 0.37944362 0.33416727 0.11522901
3 0.5099146 0.3564036 0.33579636 0.092189014
3 0.21247363 0.37617087 0.32494724 0.10205096
3 0.17789906 0.35230184 0.2557981 0.09713459
3 0.84887457 0.5218437 0.19725084 0.10370901
3 0.8233618 0.5012619 0.24827635 0.11194193
3 0.57247454 0.52102906 0.33250904 0.098763674
3 0.5132164 0.4971454 0.33250904 0.09381807
3 0.2169109 0.54076725 0.32922173 0.10862541
3 0.19024819 0.51608366 0.28049636 0.1053381
3 0.8291218 0.6683454 0.23675632 0.116858125
3 0.8060673 0.64117455 0.2828654 0.1053381
3 0.54860544 0.6592836 0.31770182 0.08890188
3 0.48768908 0.63788724 0.30781093 0.098763704
3 0.20588455 0.67493457 0.31176907 0.097105384
3 0.1787282 0.65188 0.25745636 0.09713459
