3 0.371117 0.19933851 0.056241512 0.13488308
3 0.22262555 0.188669 0.29395783 0.1574771
3 0.24588665 0.37531614 0.23084646 0.08931315
3 0.26163703 0.37592012 0.23763704 0.086438835
3 0.71966386 0.41461152 0.3706138 0.047943473
3 0.16748722 0.75455296 0.08497444 0.16144085
3 0.16414085 0.76635194 0.0782817 0.15515769
3 0.17598605 0.63935184 0.1019721 0.02870369
3 0.16741958 0.6405817 0.08483917 0.031163454
3 0.3025153 0.6454388 0.1331129 0.04087758
3 0.3181427 0.7696943 0.09693873 0.19085157
3 0.31070545 0.6390966 0.11673254 0.028193235
3 0.16514051 0.8651756 0.08028102 0.01964891
3 0.69925886 0.55604666 0.24656546 0.030917645
3 0.73188055 0.67026156 0.3566785 0.24125981
3 0.6687341 0.6818614 0.23112845 0.20960045
3 0.7099641 0.85567766 0.3448347 0.19490504
3 0.6631904 0.8571938 0.25128734 0.16835451
