3 0.28705183 0.2577 0.17448728 0.057614505
3 0.25907364 0.26716912 0.17613094 0.05514182
3 0.15664408 0.25193274 0.06328815 0.059258163
3 0.14265136 0.26881272 0.03530273 0.06008731
3 0.2841791 0.18527819 0.16708364 0.057614505
3 0.2549573 0.1967982 0.16789818 0.046094507
3 0.15623681 0.18691456 0.062473625 0.05102548
3 0.28823316 0.32829952 0.17353366 0.030900955
3 0.25742275 0.33488137 0.17777456 0.01773727
3 0.15705864 0.32376862 0.06411728 0.03996277
3 0.8177179 0.2435478 0.11706412 0.08706409
3 0.67966026 0.21021861 0.11182046 0.09997481
3 0.12662023 0.910861 0.15262705 0.13472104
3 0.104040444 0.91480875 0.15302655 0.1313641
3 0.12969597 0.8218092 0.14607695 0.1180681
3 0.11485042 0.82408 0.14621958 0.115962505
3 0.03355203 0.86453503 0.06512074 0.109053135
3 0.14516585 0.7399438 0.13594574 0.1097039
3 0.13087125 0.7405666 0.14073631 0.105890036
3 0.052534267 0.77926326 0.064109355 0.10448885
3 0.07016238 0.6980845 0.060875937 0.09392321
3 0.15885328 0.66394925 0.13054395 0.09802997
3 0.17219596 0.65622336 0.13006178 0.097892165
3 0.8439566 0.65060824 0.060192704 0.06971216
3 0.83871794 0.6563806 0.07066882 0.074683785
3 0.833726 0.7261754 0.07745004 0.073176146
3 0.8286561 0.7269438 0.08804929 0.08121824
3 0.82639277 0.79524815 0.08908892 0.07370889
3 0.83092153 0.7917585 0.08027065 0.07401168
3 0.8196623 0.8672222 0.09966588 0.078703165
3 0.82569146 0.8629056 0.08782792 0.078027844
3 0.6430043 0.6628561 0.05529225 0.07004881
3 0.639444 0.666652 0.04914987 0.06972933
3 0.6427278 0.7302308 0.072303295 0.07600081
3 0.63722223 0.7348616 0.062301993 0.074338675
3 0.6281103 0.8057867 0.06163168 0.072244406
3 0.6368046 0.8004744 0.07743001 0.07012391
3 0.6331545 0.8679108 0.08682525 0.07015288
3 0.62607163 0.87485045 0.07431078 0.06962776
