3 0.177956 0.073291324 0.09094402 0.034082636
3 0.08920934 0.078496665 0.080128 0.044493333
3 0.16953999 0.069686 0.09335465 0.026872009
3 0.17855334 0.114770025 0.0913493 0.051285356
3 0.088212006 0.122577995 0.07973333 0.043669313
3 0.18857467 0.17426866 0.09534931 0.042069346
3 0.17455333 0.17086066 0.09454933 0.0432747
3 0.09461734 0.18288201 0.08373332 0.04086399
3 0.085204 0.17767133 0.08252801 0.04087466
3 0.195988 0.22535132 0.09976536 0.041664034
3 0.18436667 0.21974067 0.091754675 0.043264
3 0.09462266 0.22655134 0.08293334 0.044064045
3 0.084809326 0.27162334 0.08493866 0.04046929
3 0.10163066 0.27943668 0.084938675 0.04246396
3 0.19698533 0.278834 0.098560005 0.043669343
3 0.18476667 0.27222598 0.0981653 0.041674733
3 0.23364668 0.351554 0.102975994 0.044063985
3 0.21942267 0.34754866 0.10017067 0.042474627
3 0.23905465 0.41265798 0.10577069 0.049280047
3 0.227236 0.40403932 0.107775986 0.04727471
3 0.13548666 0.415858 0.09255466 0.046869338
3 0.12687331 0.40924466 0.089749336 0.04727471
3 0.12266533 0.35596466 0.086944014 0.041664004
3 0.12286801 0.36097264 0.108981326 0.046880007
3 0.03560567 0.405442 0.048711337 0.044469357
3 0.036810994 0.35836467 0.051121987 0.041664004
3 0.45605066 0.272834 0.062898695 0.061130628
3 0.351764 0.28375134 0.113909364 0.059925377
3 0.34878266 0.22838068 0.10875732 0.05715199
3 0.35950267 0.22818336 0.11193597 0.055178642
3 0.45406666 0.20972465 0.066866696 0.06429863
3 0.45148534 0.15832733 0.07202935 0.06469336
3 0.34799334 0.18114866 0.10557872 0.06272003
3 0.35493734 0.17956465 0.10995197 0.06588802
3 0.447912 0.07702467 0.07917601 0.04154934
3 0.440968 0.07325401 0.09306401 0.03400801
3 0.34957734 0.08793666 0.10716802 0.06337331
3 0.3348947 0.08694465 0.104789376 0.061389297
3 0.336084 0.064320676 0.1039893 0.016141355
3 0.9437707 0.05370337 0.04791534 0.10740674
3 0.9233326 0.05459085 0.08879924 0.1091817
3 0.7653286 0.07222908 0.3021524 0.14445816
3 0.72725326 0.07674398 0.30684984 0.15348797
3 0.75646067 0.21533175 0.27137578 0.11017296
3 0.7856251 0.22180791 0.27022862 0.111462146
3 0.9322674 0.21586256 0.072152734 0.07820693
3 0.9461832 0.23682882 0.044613004 0.106726915
3 0.19953695 0.82406473 0.16762853 0.13378072
3 0.16971296 0.73738307 0.17445695 0.15611911
3 0.19541533 0.7418659 0.17043462 0.1537056
3 0.28000635 0.82357764 0.13955605 0.13072217
3 0.21950082 0.6560318 0.16144493 0.1431619
3 0.19131689 0.65119994 0.16352049 0.14239979
3 0.29907382 0.74340975 0.14286357 0.13614142
3 0.20784107 0.6151195 0.15728813 0.07023907
3 0.25880462 0.6184866 0.15186626 0.0769732
3 0.37336415 0.67345035 0.14029968 0.1411128
3 0.8900768 0.65282035 0.0648464 0.030640721
3 0.881025 0.65139073 0.082949996 0.027781487
3 0.76191664 0.64638704 0.18480742 0.017774105
3 0.7631056 0.7522037 0.18337774 0.07382965
3 0.7781129 0.7548222 0.18385184 0.073348165
3 0.8895991 0.77482593 0.06580186 0.07144439
3 0.89865094 0.7762593 0.04769814 0.06954074
3 0.77572775 0.83509815 0.16479993 0.05480373
3 0.7893018 0.83271664 0.1662296 0.059566736
