3 0.3856597 0.17575862 0.013680637 0.13312888
3 0.23403317 0.19185293 0.2530663 0.1309743
3 0.26270458 0.1999164 0.2595908 0.12131117
3 0.23026173 0.3475236 0.24552342 0.12885237
3 0.2653821 0.35343245 0.25423574 0.13205153
3 0.38619846 0.33035198 0.0126030445 0.12454307
3 0.3620352 0.41926408 0.060929596 0.04897189
3 0.34108827 0.4165708 0.102823436 0.054358363
3 0.21470255 0.4337424 0.21440512 0.02001518
3 0.1942944 0.438574 0.17358881 0.0103520155
3 0.83262324 0.054389726 0.3347535 0.09210298
3 0.83900523 0.085401 0.32198954 0.1414724
3 0.72618806 0.13604318 0.45237613 0.27208635
3 0.6841641 0.10303505 0.3683282 0.2060701
3 0.50984156 0.14754428 0.019683152 0.29508856
3 0.14098819 0.8485309 0.16296726 0.055970907
3 0.16979545 0.8530545 0.16955636 0.06173098
3 0.3208209 0.8427782 0.16708367 0.057614565
3 0.35004273 0.85429823 0.16789818 0.046094537
3 0.4550132 0.8444146 0.07497364 0.05102551
3 0.47230047 0.8563491 0.040399075 0.048567295
3 0.14551182 0.7715782 0.16872725 0.05185449
3 0.17185363 0.78186905 0.16706912 0.055970907
3 0.31876272 0.7719855 0.16625452 0.049381852
3 0.34839183 0.7839273 0.16625452 0.046909094
3 0.45336956 0.7621164 0.0782609 0.054312706
3 0.4661259 0.77445817 0.052748203 0.05266905
3 0.16814455 0.6983273 0.16296726 0.058429003
3 0.18996271 0.71191275 0.16544001 0.05266905
3 0.33069727 0.7028582 0.15885091 0.044451
3 0.36115545 0.7135564 0.15390551 0.049381852
3 0.45830774 0.6950327 0.06838453 0.04855275
3 0.47188592 0.70656 0.041228175 0.048567295
3 0.9235804 0.81134725 0.08283925 0.11980379
3 0.94364023 0.80867755 0.042719603 0.1311121
3 0.823771 0.75775516 0.28232968 0.14168608
3 0.7979116 0.75554216 0.26522863 0.13408029
3 0.62673867 0.714772 0.16380739 0.09655285
3 0.6476188 0.62323004 0.14500761 0.10117078
3 0.6721925 0.6113652 0.18237853 0.10273039
3 0.851581 0.6409829 0.22683811 0.11339092
3 0.81709075 0.65463233 0.2865548 0.13492978
3 0.9413407 0.689024 0.047318578 0.13369966
3 0.9271287 0.89009595 0.0757426 0.0998081
3 0.85024166 0.84805673 0.22951674 0.10975218
3 0.6546455 0.7945998 0.20700145 0.10004401
3 0.6360264 0.79352117 0.20455277 0.099029064
3 0.837008 0.9020029 0.23266852 0.07599425
3 0.64133644 0.86651045 0.21184671 0.11038947
3 0.6511378 0.9049938 0.17127788 0.07001257
3 0.69094086 0.9120306 0.16474128 0.05593884
3 0.6423453 0.7054301 0.18198514 0.08503842
3 0.80355483 0.58333844 0.25092876 0.046676874
3 0.94325626 0.6089926 0.04348743 0.037902832
