3 0.27374908 0.39317638 0.29749817 0.13003635
3 0.31138545 0.37259454 0.3407418 0.11522901
3 0.61839634 0.41210002 0.34897456 0.11522901
3 0.6743527 0.39316177 0.35226187 0.11028367
3 0.84546185 0.42363453 0.05907631 0.118516326
3 0.2762218 0.5454382 0.30244362 0.11194193
3 0.3220909 0.5363909 0.3391127 0.12346193
3 0.6241418 0.5569436 0.33416727 0.11522901
3 0.6825855 0.5339036 0.33579636 0.092189044
3 0.28362545 0.6993437 0.3172509 0.10370898
3 0.32620728 0.67876184 0.3341382 0.11194193
3 0.62002546 0.69852906 0.33250904 0.098763704
3 0.6792836 0.6746454 0.33250904 0.09381807
3 0.84298915 0.71826726 0.06402171 0.10862541
3 0.36242545 0.77675277 0.33087996 0.021494508
3 0.7048109 0.7767527 0.3078109 0.021494627
3 0.2704618 0.25962362 0.2909236 0.09424724
3 0.3000909 0.24646 0.35018182 0.06792
3 0.61179274 0.25715095 0.3555492 0.089301884
3 0.6776545 0.24398728 0.35554913 0.06297454
3 0.84463274 0.26621276 0.06073451 0.10742551
