3 0.28153333 0.38971564 0.18314976 0.22056872
3 0.265733 0.37805557 0.21653996 0.21940994
3 0.3064763 0.15936181 0.1726662 0.24779081
3 0.27933067 0.16983333 0.22509314 0.24564795
3 0.6476712 0.2613484 0.09609854 0.077485204
3 0.678061 0.25150564 0.15844989 0.09237343
3 0.7963426 0.27022985 0.1833924 0.0851267
3 0.8372314 0.26225954 0.1491133 0.09021312
3 0.6736676 0.3346523 0.13945198 0.08178741
3 0.78096354 0.34526956 0.17606497 0.078742504
3 0.8243208 0.34217137 0.15303588 0.087263644
3 0.062755905 0.981712 0.12551181 0.036575913
3 0.06826499 0.9751698 0.13652998 0.049660504
3 0.26326248 0.96507204 0.1911432 0.06985593
3 0.25159383 0.97219783 0.19092155 0.05560434
3 0.3135121 0.8493917 0.21578032 0.16601205
3 0.2796563 0.8605465 0.22544235 0.16376221
3 0.25081503 0.9355577 0.21666157 0.12888455
3 0.13143396 0.87682235 0.26286793 0.2463553
3 0.0892982 0.6151341 0.1785964 0.23026824
3 0.07653543 0.6263092 0.15307087 0.25261843
3 0.33346996 0.5627726 0.2969314 0.097498775
3 0.3470863 0.62238806 0.2842989 0.15774357
3 0.32271025 0.65842485 0.28484368 0.21296203
3 0.44499093 0.84288776 0.110018134 0.120473504
3 0.45467216 0.83195484 0.090655684 0.11151576
3 0.442092 0.9147944 0.115816 0.11915374
3 0.43593672 0.92532206 0.12812656 0.13050199
3 0.68383986 0.8305328 0.08775878 0.039947152
3 0.6942126 0.8328718 0.08790827 0.0382272
3 0.69435805 0.79844713 0.08791137 0.05598867
3 0.6839442 0.79501414 0.08805871 0.053833008
3 0.68200916 0.752285 0.08594322 0.050486565
3 0.6932916 0.75529695 0.0861994 0.051610947
3 0.6916983 0.71283734 0.08430588 0.048288822
3 0.69592994 0.71365404 0.08527708 0.050602913
3 0.6858677 0.65370387 0.08420622 0.029907823
3 0.67679995 0.65146494 0.08520162 0.025429845
