3 0.22341341 0.20283037 0.19220446 0.09694672
3 0.3823194 0.16403988 0.17796725 0.08807975
3 0.40771934 0.16260198 0.18275958 0.085203946
3 0.54820794 0.14548515 0.17582619 0.050970294
3 0.57541287 0.14191407 0.17138445 0.04382813
3 0.5863892 0.18146062 0.1707617 0.12292123
3 0.5617889 0.1859731 0.17582342 0.13120458
3 0.421116 0.22130585 0.18629655 0.13781214
3 0.39505094 0.2264403 0.18457496 0.1376389
3 0.2363173 0.2661164 0.2002148 0.14637333
3 0.21369854 0.26802927 0.20148093 0.14995337
3 0.2317057 0.35680103 0.19897263 0.14477742
3 0.25401658 0.35360077 0.19842082 0.14064282
3 0.40896353 0.31053737 0.1831947 0.13363874
3 0.4314012 0.30475608 0.18163702 0.12718302
3 0.5725815 0.2673962 0.16819656 0.11879234
3 0.59909683 0.26002946 0.16533947 0.12101084
3 0.60866195 0.3404689 0.16088855 0.1112538
3 0.5857415 0.34734312 0.1659354 0.11647749
3 0.45144278 0.38544014 0.17565906 0.12166464
3 0.42330348 0.3933432 0.17785946 0.12555313
3 0.27472693 0.4370811 0.19284593 0.1332686
3 0.2508335 0.44196147 0.19380403 0.13556111
3 0.27075 0.52523357 0.1886856 0.12832487
3 0.26191154 0.5276891 0.19155103 0.13322353
3 0.4428072 0.4728158 0.17488801 0.12021148
3 0.4611907 0.4697549 0.17370975 0.117055714
3 0.5978013 0.4258012 0.15853286 0.10848695
3 0.6192739 0.42009962 0.1630323 0.11313468
3 0.30903655 0.6531628 0.18781108 0.12289798
3 0.32920462 0.6534483 0.19012477 0.123661995
3 0.47869343 0.5948239 0.17280087 0.11319852
3 0.4973774 0.59305286 0.17069659 0.11685121
3 0.64935005 0.53962755 0.16067994 0.11038172
3 0.65348387 0.5340953 0.15955508 0.10921979
3 0.67224455 0.6114982 0.15644264 0.1085999
3 0.65088034 0.6176195 0.16081703 0.10924125
3 0.5184616 0.6687624 0.17110634 0.115023136
3 0.49356532 0.6746685 0.17110631 0.115023136
3 0.3474029 0.7305739 0.1869055 0.119054556
3 0.32624355 0.73547745 0.18760908 0.122053504
3 0.33700943 0.8157518 0.1868915 0.12259436
3 0.3606216 0.81073284 0.18557626 0.12057912
3 0.5060903 0.75088936 0.17187071 0.11644852
3 0.5289175 0.7456665 0.16792953 0.10882318
3 0.6631216 0.6895428 0.16081703 0.10924125
3 0.68588805 0.6820249 0.15802395 0.10989988
3 0.69554585 0.7545549 0.15674722 0.109873414
3 0.6679914 0.7597181 0.15183318 0.09995091
3 0.543434 0.8125835 0.16513872 0.10777736
3 0.51989454 0.82105124 0.16712964 0.10724902
3 0.37369955 0.85304093 0.17712629 0.053918242
3 0.3500189 0.8548296 0.17942935 0.05034077
