3 0.1232326 0.50664103 0.14296257 0.14073324
3 0.20281023 0.4543263 0.27388847 0.1561361
3 0.22822416 0.44790193 0.28159356 0.1611566
3 0.15733558 0.3373953 0.271268 0.15631706
3 0.13538381 0.34476936 0.24332142 0.15157092
3 0.18068615 0.61791134 0.14729697 0.14558649
3 0.25808394 0.5702898 0.27933913 0.16619202
3 0.28445792 0.5603066 0.2885843 0.16877374
3 0.3414013 0.6834754 0.29031825 0.17856836
3 0.31503224 0.6807693 0.27818978 0.16576743
3 0.44368094 0.24180333 0.24882379 0.10073033
3 0.41997853 0.2455204 0.25261062 0.10595426
3 0.47485322 0.3245524 0.293249 0.15981142
3 0.5111943 0.32300025 0.2941146 0.16017658
3 0.6084072 0.44024026 0.30563736 0.16360453
3 0.57353556 0.4432673 0.3033493 0.16499686
3 0.6516219 0.56955427 0.3091489 0.17502722
3 0.65516496 0.55853367 0.29458737 0.17035589
