3 0.017762942 0.3381304 0.035525884 0.16600525
3 0.014426112 0.32595742 0.028852224 0.15956265
3 0.2763776 0.46023843 0.44724482 0.05884093
3 0.3024297 0.3368672 0.3951406 0.23242122
3 0.2893214 0.10624365 0.4213572 0.2124873
3 0.2776447 0.101558015 0.4447106 0.20311603
3 0.28574517 0.4672212 0.42850965 0.044875383
3 0.026456954 0.13437507 0.052913908 0.19635656
3 0.025601683 0.13450281 0.051203366 0.19076788
3 0.8973283 0.12508586 0.080343366 0.037671715
3 0.9009283 0.12419353 0.07314336 0.035887048
3 0.893915 0.171411 0.087170005 0.047786623
3 0.898595 0.16889381 0.07780993 0.048505783
3 0.89804834 0.2202631 0.07890332 0.04991752
3 0.9020083 0.22098231 0.07098329 0.04704085
3 0.71138334 0.12069078 0.08632004 0.02888155
3 0.72199667 0.11853321 0.090266705 0.024566412
3 0.7275567 0.15613475 0.088479996 0.03843707
3 0.71929 0.1602768 0.08560002 0.03878337
3 0.72917 0.2041078 0.08594668 0.037371635
3 0.72162336 0.20697126 0.0830667 0.038090795
3 0.61391664 0.11871965 0.083440065 0.024939299
3 0.6239834 0.1167352 0.08773339 0.02097039
3 0.62811667 0.15148659 0.08234668 0.03771782
3 0.6243567 0.15488282 0.08272004 0.04094094
3 0.6261567 0.20141749 0.08055997 0.03843698
3 0.63513 0.1981678 0.08127999 0.039875418
3 0.072246246 0.72071606 0.09518716 0.11397302
3 0.07992008 0.7256239 0.109010816 0.11094272
3 0.077567846 0.7978208 0.09134765 0.09650493
3 0.0867075 0.8067492 0.10822404 0.10058308
3 0.085447475 0.8711692 0.09471098 0.09756744
3 0.09466571 0.8770957 0.111757055 0.094112515
3 0.6485125 0.80055 0.054525018 0.03832507
3 0.65265626 0.804175 0.06281245 0.039350033
3 0.6516187 0.75394374 0.06073749 0.04038751
3 0.65550625 0.75679374 0.06851256 0.04091251
3 0.65250003 0.70966256 0.0625 0.03987503
3 0.656125 0.70930624 0.06974995 0.037287474
3 0.65456873 0.6650875 0.066637516 0.037675023
3 0.65094376 0.66405 0.059387445 0.035599947
