3 0.3533802 0.131371 0.2932396 0.12505898
3 0.43744716 0.15269382 0.12510568 0.1459871
3 0.25045845 0.10334181 0.2804318 0.081376806
3 0.10572584 0.09537828 0.19611499 0.078086734
3 0.75719905 0.28085512 0.24041378 0.13936615
3 0.7362938 0.289216 0.25341475 0.14078231
3 0.72405726 0.35330054 0.21645701 0.051781833
3 0.73758376 0.3529806 0.21797633 0.052972913
3 0.90602493 0.32469392 0.12068069 0.11374909
3 0.18969446 0.6988898 0.17688894 0.14277959
3 0.27045447 0.7595019 0.1852486 0.17877626
3 0.24388386 0.7679177 0.18098876 0.17591679
3 0.14519288 0.72779894 0.08788576 0.13889384
3 0.26500934 0.82463837 0.15207303 0.09322333
3 0.29543126 0.8195492 0.15235531 0.10196376
3 0.16312037 0.80548286 0.119445115 0.13153422
3 0.94312584 0.5573991 0.11374831 0.11479822
3 0.68603927 0.5458255 0.36963224 0.09165096
