3 0.2423378 0.3473415 0.11011581 0.04781699
3 0.2347262 0.34767434 0.11174932 0.047151327
3 0.65427256 0.2998985 0.25886738 0.15722953
3 0.66667795 0.30316338 0.2762599 0.15230191
3 0.8964462 0.31084192 0.20710754 0.11746001
3 0.9115219 0.19815467 0.17695624 0.13275382
3 0.8885779 0.17588776 0.22284424 0.1346071
3 0.64806044 0.1492824 0.25725794 0.13299775
3 0.6862105 0.17980231 0.31408155 0.1623871
3 0.6099552 0.3928715 0.16104794 0.10792327
3 0.8102354 0.38768417 0.21313322 0.10858071
3 0.832797 0.39224136 0.21494603 0.10713965
3 0.6054315 0.4454726 0.14568138 0.051271975
3 0.7940712 0.45148706 0.20922267 0.08556491
3 0.8660603 0.2932146 0.19975555 0.0973921
3 0.93914306 0.08677434 0.12171388 0.09616162
3 0.9130079 0.07481811 0.17398417 0.084016904
3 0.73513085 0.06367892 0.31366992 0.11606191
3 0.68852097 0.043399945 0.31293428 0.08553228
3 0.5485957 0.046370246 0.06487775 0.09274049
3 0.38959804 0.7122772 0.16070706 0.16983044
3 0.41490716 0.70318055 0.093577325 0.12824678
3 0.3961689 0.63437563 0.0767113 0.06912053
3 0.3697623 0.6338861 0.13094002 0.0752244
3 0.38954335 0.8570763 0.22091329 0.26766956
3 0.18008389 0.85694313 0.20653298 0.17791152
3 0.22337407 0.76807815 0.1915487 0.19554412
3 0.28589886 0.76416826 0.20727414 0.16710198
3 0.061989002 0.81056666 0.123978004 0.16691852
3 0.10392277 0.82028556 0.15062895 0.17796469
3 0.22096413 0.667858 0.16879867 0.15443528
3 0.27768534 0.66261846 0.18082446 0.14526308
3 0.11046606 0.7201337 0.13731444 0.14585459
3 0.02106583 0.75539863 0.04213166 0.11377227
3 0.039201915 0.67985904 0.066691786 0.09528899
3 0.045579657 0.6776153 0.07709107 0.09451389
3 0.115536496 0.6425121 0.125429 0.10275674
3 0.13333611 0.60575426 0.10911292 0.04784596
3 0.17276835 0.6033003 0.113989234 0.038461447
3 0.068002716 0.6176803 0.087029696 0.075520515
3 0.9226316 0.7332141 0.15473664 0.2512939
3 0.9315295 0.7396544 0.13694096 0.25154042
3 0.90135515 0.5878887 0.17919016 0.17577744
3 0.9114107 0.59098923 0.16216326 0.18197846
3 0.7220268 0.6696189 0.2507546 0.2523936
3 0.72683895 0.80500495 0.24404049 0.20221853
3 0.745763 0.8208679 0.24484193 0.22294927
