3 0.11642762 0.11356513 0.09619336 0.03783346
3 0.326882 0.17446965 0.07892752 0.053883255
3 0.33151788 0.17835788 0.070266366 0.05281678
3 0.3197994 0.1322465 0.08385241 0.036785357
3 0.75719905 0.28085512 0.24041378 0.13936615
3 0.7362938 0.289216 0.25341475 0.14078231
3 0.72405726 0.35330054 0.21645701 0.051781833
3 0.73758376 0.3529806 0.21797633 0.052972913
3 0.90602493 0.32469392 0.12068069 0.11374909
3 0.36966667 0.69085044 0.045666635 0.070944905
3 0.14233333 0.6397978 0.069666654 0.08706403
3 0.26521793 0.66289854 0.120256424 0.073100924
3 0.61973214 0.84264284 0.08696425 0.039714336
3 0.6504286 0.8496429 0.12921429 0.025714278
3 0.74055356 0.843875 0.12510717 0.037250042
3 0.7878929 0.84758925 0.122642875 0.029821396
3 0.8693929 0.8414107 0.106214285 0.04217863
3 0.890375 0.84346426 0.06424999 0.038071394
3 0.8879107 0.79317856 0.06917858 0.039499998
3 0.86775005 0.7812321 0.10949993 0.041964293
3 0.7854107 0.7952322 0.11767864 0.038678527
3 0.73892856 0.78985715 0.11521435 0.036214232
3 0.6234286 0.7837143 0.09435713 0.05021429
3 0.6529107 0.7960536 0.11110711 0.033749938
3 0.7837679 0.645375 0.107821465 0.01575005
3 0.8862679 0.6874107 0.07246423 0.03539288
3 0.8669107 0.6766964 0.1045357 0.033749938
3 0.7796607 0.6894643 0.10617852 0.03457141
3 0.7533214 0.68453574 0.08314288 0.03457141
3 0.6512679 0.68289286 0.10617852 0.036214232
3 0.62466073 0.67217857 0.09682143 0.032928586
3 0.62630355 0.7269107 0.10010719 0.037035704
3 0.6561964 0.7392678 0.11767864 0.038678527
3 0.7525 0.7318393 0.1127857 0.033749938
3 0.78994644 0.73680353 0.1103214 0.037035704
3 0.8735 0.7335 0.09800005 0.027142882
