3 0.33359182 0.49265662 0.1804418 0.014686763
3 0.34274524 0.45603868 0.18425965 0.08792263
3 0.32891423 0.45245323 0.17341352 0.09509355
3 0.30604073 0.38504592 0.15974486 0.11399531
3 0.3261937 0.39575124 0.17306739 0.11614686
3 0.31918973 0.32039395 0.16318013 0.09445459
3 0.3033775 0.31056255 0.1528455 0.0905928
3 0.30527294 0.24478695 0.15052724 0.07544999
3 0.2918558 0.23873124 0.14172441 0.07376933
3 0.18048465 0.467972 0.122232795 0.06405598
3 0.18532717 0.47245353 0.12529093 0.05509293
3 0.1849878 0.42805102 0.12348655 0.10450953
3 0.17770049 0.4235085 0.11999524 0.10393059
3 0.16413397 0.3479303 0.11006853 0.08707422
3 0.17838256 0.35964707 0.120371975 0.095837295
3 0.17386915 0.2951229 0.10885084 0.07414037
3 0.1686765 0.28965244 0.10827491 0.07722086
3 0.16205806 0.22812611 0.10121602 0.06244999
3 0.17352964 0.23402049 0.105544895 0.06624821
3 0.0678291 0.4434904 0.0898432 0.09644312
3 0.07322161 0.44878638 0.08874324 0.095826566
3 0.06629038 0.38014296 0.083577216 0.08045703
3 0.07758944 0.38896477 0.087646484 0.08760315
3 0.0723539 0.32900965 0.08409226 0.07332623
3 0.06288332 0.3219989 0.08083475 0.069796085
3 0.071687825 0.2721959 0.080490544 0.06131929
3 0.07819952 0.27679962 0.08139138 0.061929926
3 0.07456354 0.22156405 0.07773891 0.05243367
3 0.06589382 0.22048742 0.07646771 0.05220577
3 0.013111388 0.41679502 0.026222777 0.07006216
3 0.011955279 0.35858282 0.023910558 0.06546581
3 0.015676884 0.26358774 0.031353768 0.051599085
3 0.64626634 0.18944001 0.042532682 0.06337458
3 0.7967791 0.10887862 0.15644181 0.03025724
3 0.7778237 0.11299501 0.17613089 0.038490027
3 0.6660191 0.106405914 0.082038164 0.025311828
3 0.65202636 0.115053184 0.05405271 0.04260637
3 0.7961973 0.35336727 0.15760541 0.06992
3 0.78080547 0.36581817 0.18607998 0.07111275
3 0.66527 0.35159272 0.08053994 0.07111275
3 0.6486809 0.36522183 0.04736185 0.07466185
3 0.7963718 0.25528 0.15725636 0.069963634
3 0.77700186 0.27010182 0.18600726 0.069963634
3 0.66478276 0.26104 0.079565406 0.05678545
3 0.6417427 0.26886547 0.033485413 0.07077819
3 0.79760814 0.1816218 0.1547836 0.06254551
3 0.77617276 0.19355637 0.17777455 0.060087293
3 0.66643363 0.17667633 0.082867265 0.07077819
3 0.23813888 0.67870134 0.1467777 0.05740273
3 0.1960833 0.68138266 0.14138888 0.06276536
3 0.25918058 0.72529674 0.14586115 0.055515885
3 0.88935626 0.90908754 0.10771251 0.03832507
3 0.8844375 0.90908754 0.10720003 0.03832507
3 0.8888375 0.86196876 0.108749986 0.037287474
3 0.8815875 0.8635187 0.10667503 0.03936255
3 0.7647625 0.6832 0.10357499 0.03832507
3 0.7567313 0.679575 0.10408747 0.039350033
3 0.75855005 0.72980624 0.10357499 0.04038751
3 0.75154996 0.72695625 0.10512495 0.04091251
3 0.7568875 0.7740875 0.103775024 0.03987503
3 0.75056875 0.77444375 0.10563755 0.037287474
3 0.75290626 0.8189813 0.10408747 0.038312554
3 0.760675 0.82105625 0.10512495 0.038312554
3 0.7671437 0.8655938 0.10563755 0.037287474
3 0.76093125 0.8671187 0.10461247 0.038262486
3 0.77076876 0.91297495 0.10461247 0.03987503
3 0.76196253 0.91090626 0.10564995 0.038837552
3 0.88495624 0.8176875 0.10616255 0.040899992
3 0.8771875 0.8148375 0.10927498 0.04040003
3 0.876925 0.7703062 0.10667503 0.040387392
3 0.87149376 0.7713375 0.10616255 0.038324952
3 0.8777063 0.724475 0.108237505 0.041949987
3 0.86967504 0.72240627 0.108749986 0.035737514
3 0.8777063 0.67553747 0.10616255 0.03832507
3 0.87408125 0.6791625 0.10616255 0.039350033
3 0.9661312 0.7260313 0.042737484 0.04091251
3 0.9632875 0.72655 0.04842496 0.041949987
3 0.9625063 0.67968124 0.049987555 0.04038751
3 0.96872497 0.77444375 0.037549973 0.042462587
