3 0.09482499 0.421875 0.08964999 0.078399956
3 0.23227502 0.4179 0.14360008 0.07665002
3 0.218225 0.4224 0.14669989 0.07734996
3 0.17105 0.8468125 0.1418499 0.051374912
3 0.16047499 0.84455 0.14290008 0.055899978
3 0.15907499 0.7689125 0.14360008 0.07527506
3 0.16983749 0.7742875 0.1456751 0.07077503
3 0.15405 0.6886126 0.14465007 0.074925065
3 0.170525 0.684275 0.14500007 0.07319999
3 0.16254999 0.602075 0.14290008 0.07249999
3 0.17243749 0.5953125 0.14392489 0.07562506
3 0.17226249 0.5122375 0.14152509 0.07042503
3 0.18348743 0.50545 0.14197502 0.072099954
3 0.348125 0.5007875 0.15260011 0.09537494
3 0.339275 0.4975 0.1557501 0.09849998
3 0.33355 0.595475 0.14500004 0.07249999
3 0.32244998 0.601025 0.14500009 0.0711
3 0.336675 0.68653744 0.14775008 0.070075035
3 0.32505 0.68410003 0.1446501 0.071449995
3 0.33789998 0.7713375 0.14950007 0.07317507
3 0.32852498 0.768225 0.14535004 0.07179999
3 0.32638752 0.845625 0.14627492 0.05375004
3 0.33751252 0.8471125 0.14772493 0.05077505
3 0.5631125 0.8422 0.14682505 0.060600042
3 0.5745375 0.8450875 0.14482498 0.05482495
3 0.5783 0.7694125 0.14769995 0.08207488
3 0.55936253 0.77245 0.14682505 0.07834983
3 0.561525 0.689925 0.14654997 0.08034992
3 0.5811875 0.68805 0.14827502 0.081799984
3 0.5811875 0.6084125 0.14597487 0.0780251
3 0.5728 0.5998875 0.14829996 0.07832503
3 0.73899996 0.599025 0.14424992 0.07545006
3 0.7317625 0.604225 0.147125 0.07139993
3 0.74665004 0.68545 0.14915013 0.07140005
3 0.7333625 0.68776244 0.14682508 0.073125124
3 0.73899996 0.7685375 0.14769995 0.073424935
3 0.7551875 0.7744625 0.14772487 0.07082498
3 0.72802496 0.84653753 0.14540005 0.051924944
3 0.7471 0.844375 0.14885008 0.056249976
3 0.88379997 0.6067125 0.12740004 0.06782496
3 0.8883875 0.600675 0.11822498 0.07160008
3 0.88755 0.686625 0.11989999 0.07199991
3 0.8944125 0.68933755 0.106174946 0.071575165
3 0.89274997 0.7734125 0.10950005 0.071575165
3 0.884225 0.76946247 0.12654996 0.07117498
3 0.888175 0.84459996 0.11864996 0.05579996
