3 0.13687454 0.19658819 0.14874908 0.06501818
3 0.15569273 0.18629727 0.1703709 0.057614505
3 0.30919817 0.20605001 0.17448728 0.057614505
3 0.33717635 0.19658089 0.17613094 0.055141836
3 0.42273092 0.21181726 0.029538155 0.059258163
3 0.1381109 0.2727191 0.15122181 0.055970967
3 0.16104545 0.26819545 0.16955635 0.061730966
3 0.3120709 0.2784718 0.16708364 0.057614505
3 0.34129274 0.2669518 0.16789818 0.046094522
3 0.14181273 0.34967184 0.15862545 0.05185449
3 0.16310364 0.33938092 0.1670691 0.055970967
3 0.31001273 0.34926453 0.16625452 0.049381852
3 0.3396418 0.3373227 0.16625452 0.046909034
3 0.42149457 0.35913363 0.032010853 0.054312706
3 0.18121272 0.38837638 0.16543998 0.010747254
3 0.35240546 0.38837636 0.15390545 0.0107473135
3 0.1352309 0.12981181 0.1454618 0.04712362
3 0.15004545 0.12323 0.17509091 0.03396
3 0.30589637 0.12857547 0.1777746 0.044650942
3 0.33882725 0.12199364 0.17777456 0.03148727
3 0.42231637 0.13310638 0.030367255 0.053712755
3 0.85673034 0.3538692 0.08403933 0.034761608
3 0.8528502 0.358832 0.09179962 0.024836004
3 0.85759926 0.3107898 0.0823015 0.041921437
3 0.8556517 0.30669662 0.08619666 0.044050515
3 0.85004866 0.25918272 0.09740257 0.033705056
3 0.85587645 0.25831306 0.08574712 0.036283866
3 0.8565206 0.21685646 0.08445883 0.03109616
3 0.85264045 0.22052987 0.092219114 0.029806793
3 0.8556517 0.18748453 0.08619666 0.02075082
3 0.8571648 0.18576024 0.083170414 0.022460073
3 0.8539288 0.14105009 0.08964229 0.01772213
3 0.7379316 0.34776342 0.1165843 0.03868282
3 0.74377435 0.3444649 0.1132884 0.040482044
3 0.7379316 0.30143398 0.112389565 0.040182114
3 0.7446732 0.30038446 0.11149061 0.037483394
3 0.73808146 0.25688872 0.11208987 0.035114393
3 0.74392414 0.25463974 0.1069963 0.034814537
3 0.74047846 0.22253898 0.10489893 0.025788605
3 0.7458717 0.21849072 0.105498075 0.024888992
3 0.74076307 0.19495118 0.10367036 0.020390987
3 0.7484185 0.19270217 0.098606825 0.01829195
3 0.7404635 0.15776765 0.097677946 0.027587712
3 0.74651587 0.15704797 0.092883825 0.026688099
3 0.2463266 0.8096727 0.11194496 0.068154454
3 0.2639585 0.75090504 0.115999445 0.07280767
3 0.27395222 0.6903985 0.11476135 0.06829703
3 0.1757126 0.6879501 0.081977785 0.06340015
3 0.16608962 0.74902177 0.08217925 0.07262874
3 0.15758699 0.80392903 0.06517398 0.054665565
3 0.82936347 0.98873246 0.2211051 0.022535145
3 0.7906907 0.79338026 0.31808794 0.1751312
3 0.92731935 0.85167205 0.1198616 0.22936928
3 0.8170793 0.96231526 0.2808001 0.07536948
3 0.75247127 0.60480696 0.3828374 0.20961392
