3 0.5016133 0.69238776 0.29534554 0.14455211
3 0.4861021 0.68320537 0.28772 0.14445245
3 0.5161363 0.5290053 0.3094051 0.16279408
3 0.49311405 0.5212486 0.29321516 0.16041684
3 0.46622777 0.36683464 0.2882783 0.17782587
3 0.5029294 0.37104973 0.3111273 0.17445183
3 0.50625587 0.24036069 0.30580953 0.15374592
3 0.47719985 0.24098876 0.28600264 0.13651943
3 0.2297409 0.6818428 0.20803061 0.122330666
3 0.23812564 0.6944387 0.21244743 0.11793828
3 0.23909838 0.5514748 0.21894929 0.11764574
3 0.2261714 0.5489126 0.2135361 0.119736314
3 0.20209628 0.4169741 0.20543061 0.13708508
3 0.2282323 0.42694372 0.22267325 0.14597362
3 0.22212315 0.3103683 0.20753825 0.12866694
3 0.21286792 0.310057 0.20546955 0.12329739
