3 0.2938046 0.85810953 0.204902 0.08446956
3 0.3160451 0.8595469 0.2304213 0.089194894
3 0.49639836 0.86239624 0.24200863 0.08665359
3 0.5296037 0.86314213 0.23864198 0.08344674
3 0.7335714 0.863103 0.25491214 0.07375896
3 0.76202434 0.86421293 0.25442493 0.070141554
3 0.7414055 0.78627634 0.262954 0.09899378
3 0.7120926 0.782917 0.2621417 0.094406724
3 0.5095841 0.7804422 0.2418673 0.09127867
3 0.48038673 0.7796574 0.23950002 0.08432019
3 0.2971196 0.77554953 0.22156876 0.07907295
3 0.26693162 0.7750003 0.2098401 0.08234811
3 0.24506077 0.69130474 0.21324027 0.07416344
3 0.27484557 0.6910989 0.22012424 0.07856023
3 0.45021167 0.6922065 0.2332626 0.08148086
3 0.4870761 0.69250643 0.23638403 0.085323334
3 0.6825159 0.6921078 0.2566322 0.089467525
3 0.71411467 0.6942382 0.25798345 0.091840625
3 0.68538874 0.6025044 0.2529924 0.08675742
3 0.6971306 0.6025919 0.25695467 0.09161556
3 0.45749563 0.60515684 0.23396853 0.081560016
3 0.43314698 0.6028256 0.23224741 0.07822657
3 0.25383326 0.60733116 0.21159458 0.07306397
3 0.2256664 0.60677344 0.21767443 0.07696688
3 0.62998223 0.45650482 0.25466585 0.083076775
3 0.6026594 0.45005012 0.25783002 0.08325976
3 0.403241 0.4668063 0.23348075 0.076120585
3 0.3781144 0.4629913 0.23097068 0.08133638
3 0.17705166 0.47337133 0.21683325 0.07659951
3 0.17191082 0.4779458 0.21518642 0.07551324
3 0.14080347 0.39030242 0.21265396 0.07722247
3 0.16923739 0.39027435 0.21844712 0.07648665
3 0.34526902 0.37592843 0.23303472 0.08038515
3 0.37874073 0.37720343 0.23309118 0.080409825
3 0.57509476 0.36182892 0.25517404 0.080248535
3 0.60376453 0.36302298 0.25631168 0.08373147
3 0.5860711 0.27234992 0.25728142 0.0862629
3 0.5538219 0.2705435 0.25536 0.08419299
3 0.35731477 0.29096428 0.2358604 0.083343685
3 0.3264422 0.28964847 0.23005313 0.07522696
3 0.14718328 0.30927742 0.21991178 0.077759326
3 0.11677413 0.3104207 0.21624446 0.07951951
3 0.10287353 0.22854677 0.20574705 0.08126609
3 0.13510512 0.23143941 0.20868203 0.07058801
3 0.30016565 0.20542589 0.23209928 0.08903471
3 0.33171618 0.20237312 0.23550212 0.08976722
3 0.5292009 0.18240805 0.2524395 0.086538434
3 0.56163734 0.18314691 0.25599885 0.09174132
3 0.5468491 0.10578316 0.24747872 0.066704765
3 0.5063701 0.107726544 0.24615967 0.06709368
3 0.31393352 0.12166807 0.22885841 0.07762289
3 0.28009722 0.12355998 0.23174743 0.07863403
3 0.10883099 0.14291686 0.21708757 0.087954015
3 0.091764964 0.14646655 0.18352993 0.09207001
