3 0.30380285 0.09531836 0.29713237 0.10108463
3 0.37878513 0.09536552 0.14716774 0.09725337
3 0.2478249 0.23829111 0.4031968 0.2266872
3 0.34723443 0.23251043 0.20331162 0.18750736
3 0.8753052 0.36147365 0.19871593 0.055162907
3 0.6854218 0.3666176 0.13892126 0.06330854
3 0.25644472 0.9135934 0.11435871 0.12228775
3 0.14514387 0.88088334 0.101985745 0.114839315
3 0.057027556 0.86327493 0.059862867 0.101471186
3 0.2539488 0.79431975 0.11351533 0.11503756
3 0.14350435 0.77252614 0.10291669 0.11338949
3 0.057442285 0.75876915 0.06260188 0.10490048
3 0.25317886 0.6823986 0.112911284 0.11423838
3 0.14042605 0.6663186 0.10537344 0.117162704
3 0.053754903 0.65676326 0.057095945 0.10880101
3 0.24938571 0.57719296 0.110612825 0.11085057
3 0.053831384 0.55958945 0.058908507 0.099087596
3 0.13912337 0.55975616 0.09929699 0.10118997
3 0.81862676 0.88941836 0.3287574 0.19441938
3 0.79192275 0.7838152 0.30315292 0.18646312
3 0.8878331 0.7686108 0.22433376 0.13316357
3 0.8594005 0.91084784 0.2217356 0.12676466
3 0.83671844 0.5583386 0.32656318 0.116677165
3 0.86794674 0.54601914 0.2641065 0.092038274
