3 0.14239249 0.07070284 0.28478497 0.09996098
3 0.3894198 0.29510796 0.22116041 0.16591346
3 0.12676579 0.19302346 0.25353158 0.3446022
3 0.39811566 0.18168949 0.20376867 0.14964697
3 0.80533373 0.28720257 0.14583087 0.115594864
3 0.85677457 0.28946033 0.14161277 0.111079335
3 0.18376835 0.6875316 0.086868376 0.16691041
3 0.32360336 0.73606396 0.17339927 0.1944983
3 0.7488948 0.7050813 0.14815438 0.16041839
3 0.76038694 0.79904836 0.15288484 0.16250646
3 0.75996685 0.7069405 0.14921916 0.16266298
3 0.75214964 0.78935623 0.15367317 0.16285443
3 0.75134945 0.910146 0.15318978 0.034707904
3 0.7584757 0.8646002 0.15679002 0.12579966
3 0.7472568 0.8598777 0.15681875 0.13524449
3 0.6472608 0.804441 0.06702161 0.1465993
3 0.6428139 0.79533184 0.05812788 0.14185739
3 0.6468505 0.7012661 0.06620109 0.14136446
3 0.6519761 0.71251875 0.076452136 0.14643359
3 0.65100527 0.6249551 0.061677933 0.10741019
3 0.65742725 0.63093 0.07617581 0.11935997
