3 0.6933914 0.60168296 0.113217235 0.17163408
3 0.47574013 0.63898164 0.45148027 0.09703672
3 0.44339132 0.64022416 0.38678265 0.09455168
3 0.7313379 0.44873512 0.03732419 0.23870242
3 0.56028306 0.5314061 0.37943384 0.16286823
3 0.29846308 0.5786563 0.09692615 0.15292788
3 0.27980202 0.57492304 0.059604064 0.15043151
3 0.5702352 0.3905635 0.3595296 0.15612698
3 0.31028304 0.43257084 0.12056607 0.17405659
3 0.31836742 0.36072564 0.13673486 0.09645128
3 0.35693282 0.35264635 0.21386565 0.0802927
