3 0.26789278 0.23809952 0.3591076 0.12817049
3 0.28323144 0.23929775 0.3561648 0.12787396
3 0.23578417 0.3710156 0.38049364 0.13875186
3 0.26064068 0.3681556 0.3725326 0.14330971
3 0.55210984 0.9429434 0.4045625 0.11411321
3 0.5791925 0.94878304 0.4075091 0.10243392
3 0.5944062 0.8198502 0.38458633 0.20554912
3 0.6167984 0.8307888 0.39035937 0.20954752
3 0.61682916 0.6650084 0.36675644 0.17936206
3 0.6368501 0.6642079 0.3693403 0.17106986
3 0.64443773 0.5224408 0.34942317 0.15339974
3 0.6214089 0.5150124 0.35293198 0.15319753
3 0.6170213 0.38439083 0.33942008 0.13290632
3 0.6357734 0.3813936 0.33591244 0.1345905
3 0.6221518 0.2557935 0.32421064 0.1266945
3 0.64610046 0.26311862 0.32590878 0.12442303
3 0.3132972 0.1572815 0.33123475 0.06387356
3 0.21428195 0.5064609 0.3932047 0.16848657
3 0.23843594 0.5167974 0.40229705 0.16910437
3 0.20523018 0.66557103 0.41046035 0.19162917
3 0.22372012 0.66223854 0.40862557 0.18325973
3 0.19090116 0.835085 0.38180232 0.2272296
3 0.20404547 0.84245676 0.40809095 0.20407832
3 0.1710587 0.9562372 0.3421174 0.087525606
3 0.17933308 0.9480938 0.35866615 0.103812456
