3 0.6446395 0.28447315 0.21072102 0.0773657
3 0.6521302 0.2910702 0.19573963 0.08096409
3 0.6464373 0.21184726 0.20712543 0.04869452
3 0.64673686 0.37713206 0.20652628 0.08036423
3 0.65392786 0.3792311 0.19214427 0.07496679
3 0.6470365 0.46622258 0.20592701 0.070228785
3 0.655426 0.47072053 0.18914795 0.0696291
3 0.653029 0.53492206 0.19394195 0.05157721
3 0.65812266 0.5430186 0.18375468 0.049777985
3 0.65392786 0.59009767 0.19214427 0.040781975
3 0.66411513 0.5945957 0.17176974 0.0365839
3 0.65662456 0.6644647 0.18675089 0.055175424
3 0.66507393 0.66590405 0.16985214 0.053376198
