3 0.23714218 0.25268492 0.2569285 0.18843587
3 0.19685987 0.27318436 0.17217238 0.15956819
3 0.2528816 0.35933915 0.27153873 0.120563865
3 0.39849502 0.33842313 0.20300996 0.13384086
3 0.44542623 0.1783867 0.10914755 0.13416365
3 0.426734 0.17459123 0.146532 0.14404547
3 0.769083 0.17983693 0.32083583 0.35967386
3 0.79108536 0.35418305 0.3029319 0.23635776
3 0.40960014 0.78773504 0.03436035 0.15670002
3 0.3886269 0.8443501 0.07649332 0.07826424
3 0.27908564 0.8513252 0.05814004 0.084849596
3 0.2870529 0.8718229 0.0474599 0.043854237
3 0.38823324 0.7609837 0.07443422 0.1328181
3 0.31982937 0.8316443 0.090135515 0.12421143
3 0.15169337 0.8575296 0.10290417 0.07244086
3 0.1850554 0.87115216 0.108285725 0.0451957
3 0.089308895 0.86686087 0.05361779 0.05377841
3 0.5145929 0.90772974 0.029185772 0.08635867
3 0.5647441 0.87984055 0.12948823 0.08542824
3 0.67156076 0.8717854 0.2447815 0.08153963
3 0.7603612 0.84528226 0.23347938 0.082282305
3 0.9048399 0.8385495 0.19032025 0.08054125
3 0.95302486 0.82483196 0.09395033 0.0645504
3 0.5813129 0.6529211 0.16262579 0.05554533
3 0.5529508 0.67089593 0.1059016 0.05281675
3 0.7139304 0.6387015 0.18226671 0.05456066
3 0.7758876 0.6225678 0.18611455 0.058021545
3 0.9163353 0.6109587 0.16732943 0.06142044
3 0.9459957 0.59559137 0.108008504 0.053329706
3 0.94662607 0.64651346 0.10674775 0.048095465
3 0.9107386 0.66188425 0.17852283 0.060667753
3 0.7765632 0.67316455 0.18159544 0.058646083
3 0.7049301 0.6875894 0.20646107 0.055772185
3 0.5772022 0.7012491 0.15440443 0.048685074
3 0.5414959 0.72232544 0.08299187 0.053637147
3 0.5342438 0.7760665 0.068487644 0.06359124
3 0.5799943 0.75318795 0.15998864 0.057951927
3 0.69637525 0.746891 0.20858097 0.067822576
3 0.76806736 0.72521484 0.20225406 0.06472087
3 0.91563135 0.7151218 0.16873729 0.066829324
3 0.95171595 0.70418113 0.09656817 0.056942582
3 0.939313 0.7584578 0.12137401 0.06213391
3 0.90391093 0.7707442 0.19217813 0.07312322
3 0.74343777 0.79145736 0.21575236 0.060955167
3 0.55497754 0.8233183 0.1099551 0.06828642
3 0.52302665 0.8380037 0.04605329 0.06675768
