3 0.7134607 0.7077384 0.16807866 0.069523215
3 0.7057004 0.717664 0.18359923 0.049672008
3 0.7151985 0.6215796 0.164603 0.08384287
3 0.71130335 0.61339325 0.17239332 0.08810103
3 0.7000974 0.51836544 0.19480526 0.06741011
3 0.71175283 0.5166261 0.17149436 0.07256773
3 0.7130412 0.43371293 0.16891766 0.06219232
3 0.7052809 0.44105974 0.18443823 0.059613585
3 0.71130335 0.37496907 0.17239332 0.04150164
3 0.7143296 0.3715205 0.16634083 0.044920146
3 0.70785767 0.28210017 0.17928469 0.03544426
3 0.47586328 0.69552684 0.2331686 0.07736564
3 0.4875487 0.6889298 0.22657678 0.08096409
3 0.47586328 0.60286796 0.22477913 0.08036423
3 0.4893464 0.6007689 0.22298127 0.07496679
3 0.4761629 0.51377743 0.22417986 0.070228785
3 0.48784828 0.5092795 0.21399248 0.06962907
3 0.4809569 0.44507796 0.20979783 0.05157721
3 0.49174348 0.43698144 0.21099621 0.049777985
3 0.4815262 0.38990235 0.20734084 0.040781975
3 0.49683705 0.38540435 0.19721359 0.0365839
3 0.480927 0.3155353 0.19535577 0.055175424
3 0.4930318 0.31409594 0.18576777 0.053376198
