3 0.16364926 0.42856532 0.2629894 0.08683324
3 0.20705536 0.41196123 0.295905 0.09155989
3 0.7658668 0.18488546 0.25434077 0.31635585
3 0.76957273 0.16937625 0.24715209 0.30931866
3 0.75533825 0.33619934 0.27034807 0.076096416
3 0.7635485 0.33511353 0.25393498 0.07473457
3 0.5738342 0.3436447 0.0796057 0.076597154
3 0.5640141 0.21489981 0.052337766 0.19617707
3 0.5660425 0.35109723 0.064009786 0.057272434
3 0.25892758 0.8536845 0.074565515 0.035130978
3 0.24131379 0.85783625 0.07249655 0.026827574
3 0.21412759 0.84385 0.08129653 0.054800034
3 0.18331379 0.8480362 0.09531036 0.0403862
3 0.16892242 0.77760863 0.08784485 0.053848267
3 0.29517585 0.75792587 0.1263724 0.04455173
3 0.29543793 0.7152086 0.12480003 0.03779304
3 0.2581414 0.7149465 0.12066208 0.035227537
3 0.17279828 0.73359483 0.09559655 0.04659307
3 0.18150689 0.64325774 0.11028966 0.03151548
3 0.2762655 0.6383474 0.10720001 0.021694899
3 0.30681723 0.6424853 0.11031723 0.029970646
3 0.2325138 0.6779258 0.10355863 0.035724163
3 0.25167242 0.6784362 0.11390346 0.029517293
3 0.14923966 0.6815534 0.04847932 0.034703493
3 0.7685919 0.8911713 0.18638921 0.09599197
3 0.7866684 0.8838092 0.18440425 0.097375035
