3 0.4426541 0.10967907 0.114691794 0.072695024
3 0.44706386 0.10206644 0.10587227 0.055966176
3 0.44389272 0.26103383 0.112214565 0.23664147
3 0.45696792 0.25544915 0.08606416 0.22561568
3 0.20548356 0.25770336 0.4109671 0.2966352
3 0.15292491 0.11795528 0.30584982 0.15641454
3 0.18964747 0.26348823 0.37929493 0.2782675
3 0.92879397 0.36672097 0.07741201 0.03905803
3 0.9328362 0.32823056 0.06932771 0.105053544
3 0.956161 0.32730007 0.022677898 0.09448922
3 0.82944095 0.35615376 0.2009114 0.060192466
3 0.62946063 0.37076065 0.17914486 0.03097874
3 0.65185165 0.3458958 0.15053165 0.080708385
3 0.8238432 0.29994735 0.18971586 0.09075594
3 0.6922848 0.33942184 0.14679599 0.078949034
3 0.947455 0.26296073 0.040090084 0.09883523
3 0.9567827 0.2530148 0.021434546 0.106301725
3 0.2868236 0.7736995 0.11177677 0.12441611
3 0.18479086 0.70550877 0.07670826 0.11851752
3 0.17034592 0.74000436 0.06674197 0.11771321
3 0.15349488 0.79641116 0.06448976 0.07142389
3 0.23959778 0.8018713 0.11602047 0.06951761
3 0.2666673 0.82244074 0.10328372 0.030664802
3 0.16253531 0.68611753 0.074637115 0.07973504
3 0.3084475 0.68445003 0.10897797 0.07640004
3 0.27485925 0.69692224 0.112987995 0.07060981
3 0.29491606 0.73379874 0.11865409 0.094506025
3 0.24561343 0.78033376 0.11829984 0.08877814
3 0.3426886 0.73405015 0.051049948 0.0868994
3 0.7264594 0.75125426 0.15791881 0.12454355
3 0.7417059 0.7592627 0.18841171 0.13346839
3 0.8131567 0.71888757 0.055909514 0.07911134
3 0.7098886 0.6636427 0.12477708 0.12399435
3 0.72563577 0.6699191 0.15627146 0.12733245
3 0.77526677 0.62996376 0.05337715 0.06242752
3 0.6954223 0.62218046 0.09584451 0.046860933
3 0.7090017 0.61996925 0.12300336 0.042438507
