3 0.51288944 0.82718676 0.22871742 0.24457562
3 0.29028773 0.7617667 0.20397149 0.22967875
3 0.11405511 0.7265499 0.119725734 0.20294249
3 0.5078976 0.5886395 0.22703066 0.23007515
3 0.2870087 0.54505235 0.20583338 0.22677898
3 0.11488457 0.51753837 0.12520376 0.20980096
3 0.5063577 0.3647972 0.22582257 0.22847664
3 0.2808521 0.33263716 0.21074688 0.23432533
3 0.10750981 0.31352654 0.11419189 0.2176019
3 0.49877143 0.1543859 0.22122565 0.2217012
3 0.10766277 0.119178884 0.117817014 0.1981752
3 0.27824673 0.119512334 0.19859397 0.20238003
