3 0.23164004 0.2880749 0.16028649 0.115799725
3 0.76055926 0.24977657 0.36777472 0.22434695
3 0.7367234 0.26310998 0.38479316 0.22652054
3 0.54467213 0.4433395 0.08934426 0.11332101
3 0.5543682 0.4345342 0.108736396 0.13093162
3 0.78118634 0.40896466 0.35531008 0.18207067
3 0.7989067 0.40826932 0.35595357 0.18346137
3 0.9530756 0.32796884 0.093848825 0.20452537
3 0.97868615 0.4427685 0.042627692 0.11446297
3 0.97319555 0.4461924 0.053608954 0.10761517
3 0.042914525 0.5471878 0.08582905 0.052202106
3 0.17825937 0.56684047 0.087067306 0.061845183
3 0.33132187 0.5697013 0.17450798 0.043902278
3 0.7816957 0.8283415 0.1941086 0.050817013
3 0.8019123 0.82678974 0.15367544 0.053920627
3 0.80066895 0.7693676 0.15616202 0.11935115
3 0.8243061 0.7721647 0.10888791 0.09883523
3 0.69306666 0.81070304 0.14363325 0.08143413
3 0.8047111 0.69475365 0.14807773 0.097007275
3 0.82803607 0.69164735 0.10142791 0.09079468
3 0.6918233 0.7339355 0.14114666 0.09075594
3 0.68622553 0.67703766 0.12995112 0.061575294
3 0.81933 0.6605642 0.11883998 0.02862835
3 0.82865775 0.6574578 0.10018456 0.022415638
