3 0.15908967 0.36961913 0.06817934 0.09876287
3 0.17356837 0.3628831 0.097136736 0.11304492
3 0.28269428 0.31295326 0.19042718 0.13295108
3 0.30604035 0.30315107 0.19054283 0.13150334
3 0.32128182 0.3769074 0.18764192 0.13406062
3 0.33004194 0.37312025 0.19034064 0.13882267
3 0.1804037 0.43829608 0.11080739 0.108042896
3 0.17144518 0.44440255 0.09289035 0.098259866
3 0.33947545 0.5026213 0.18701936 0.12897372
3 0.321872 0.5159084 0.18936169 0.12986946
3 0.1925506 0.5566246 0.12053116 0.09907091
3 0.20926645 0.6302241 0.12382878 0.10258198
3 0.33713132 0.5885354 0.18628389 0.12534761
3 0.35770807 0.57869977 0.18685466 0.12817681
3 0.380773 0.6489971 0.18608844 0.12861764
3 0.35799453 0.66033036 0.18483776 0.12664747
3 0.22658363 0.69944215 0.12966269 0.10591996
3 0.22914754 0.75555915 0.106664985 0.063881755
3 0.24201547 0.75135756 0.13189867 0.07228482
3 0.37489694 0.7272093 0.18126643 0.12058139
3 0.39806804 0.7193232 0.18349963 0.13061166
