3 0.40546 0.2611377 0.1834383 0.14335366
3 0.4335959 0.26268274 0.17993227 0.13791203
3 0.43462765 0.3729589 0.1825079 0.13896316
3 0.453812 0.37380853 0.1800642 0.13532841
3 0.6004259 0.3465661 0.17482352 0.13280195
3 0.6230243 0.3433067 0.17586601 0.13460714
3 0.7595265 0.31559417 0.16510987 0.13041395
3 0.78155595 0.31448126 0.16717482 0.13402337
3 0.7704543 0.23561469 0.16090846 0.08414984
3 0.7410816 0.23364156 0.16172564 0.08420466
3 0.6067283 0.24283798 0.1710186 0.12127182
3 0.44580528 0.48045635 0.17776138 0.14385048
3 0.46537817 0.4828478 0.18195584 0.13762972
3 0.60821074 0.45144168 0.1705277 0.13815838
3 0.628434 0.4471549 0.17219031 0.1347993
3 0.7588306 0.4199103 0.16255808 0.13327432
3 0.78270364 0.41521022 0.16646135 0.13485372
3 0.77998716 0.5232902 0.16194594 0.1349684
3 0.76115173 0.5183346 0.15953076 0.12483308
3 0.63725024 0.55905175 0.17057955 0.13860095
3 0.6210936 0.5594822 0.17227423 0.13568306
3 0.45780885 0.58799875 0.1787895 0.14216328
3 0.44155088 0.5969216 0.18115002 0.14407814
3 0.8236461 0.72694117 0.15883887 0.13191617
3 0.8103888 0.73413163 0.16063273 0.13506842
3 0.6487999 0.75586236 0.16179359 0.10029256
3 0.6273424 0.7541806 0.16404521 0.098917365
