3 0.25561547 0.3171499 0.3604251 0.26329488
3 0.889598 0.21227719 0.160707 0.16983041
3 0.91490716 0.20318058 0.093577385 0.12824684
3 0.8961689 0.13437563 0.0767113 0.069120586
3 0.8697623 0.13388608 0.13094008 0.07522443
3 0.88954335 0.35707626 0.22091329 0.26766962
3 0.6800839 0.3569431 0.20653296 0.17791146
3 0.72337407 0.26807815 0.1915487 0.19554406
3 0.78589886 0.2641683 0.20727408 0.16710192
3 0.561989 0.31056663 0.12397802 0.16691858
3 0.6039228 0.32028553 0.15062892 0.17796469
3 0.72096413 0.16785799 0.16879869 0.1544353
3 0.77768534 0.16261844 0.18082452 0.14526305
3 0.61046606 0.22013372 0.13731444 0.14585459
3 0.52106583 0.2553986 0.042131662 0.11377223
3 0.5392019 0.17985904 0.066691756 0.09528902
3 0.5455797 0.17761527 0.0770911 0.09451389
3 0.6155365 0.1425121 0.12542903 0.1027567
3 0.6333361 0.10575423 0.10911286 0.04784601
3 0.67276835 0.10330029 0.113989234 0.03846143
3 0.5680027 0.11768034 0.087029696 0.075520456
3 0.4787639 0.7601615 0.027472198 0.10114002
3 0.47831944 0.68094444 0.028361142 0.10741961
3 0.4649028 0.83801484 0.055194438 0.10647035
3 0.36794445 0.8635221 0.12616664 0.055455804
3 0.39434722 0.81118995 0.11991662 0.10294604
3 0.43179166 0.80446583 0.12141669 0.082329035
3 0.2757778 0.8554642 0.101111114 0.07157159
3 0.31827778 0.853672 0.09844446 0.075155854
3 0.215375 0.88097155 0.089472234 0.020556927
3 0.17465279 0.87784564 0.08858332 0.026808739
3 0.39344442 0.74180907 0.1198889 0.10922563
3 0.4322361 0.7337651 0.120527804 0.10025084
3 0.31380555 0.7946158 0.10022223 0.09308219
3 0.20776391 0.8353496 0.09036113 0.07607722
3 0.18404166 0.84115684 0.08769444 0.084135175
3 0.21984722 0.77583265 0.09663889 0.07518816
3 0.232375 0.77313745 0.09308332 0.073409796
3 0.308875 0.73419577 0.10291666 0.08143997
3 0.31962502 0.6697607 0.0975278 0.10294604
3 0.35452777 0.6679546 0.099333346 0.08683038
3 0.25519443 0.71764934 0.083222255 0.06801939
3 0.67947006 0.84281814 0.10644019 0.06436372
3 0.68303764 0.8383429 0.11357522 0.07331419
3 0.8200314 0.8472933 0.104937315 0.055413365
3 0.81601596 0.85309565 0.11296821 0.0438087
3 0.8356916 0.74222755 0.07361674 0.11533654
3 0.8245101 0.7480453 0.09597969 0.11086142
3 0.8146723 0.814201 0.11565542 0.096571565
3 0.72822684 0.74357015 0.20395362 0.15024304
3 0.7063118 0.6335842 0.16012359 0.01966834
3 0.69914573 0.6389544 0.14579141 0.03040886
3 0.8330198 0.6487844 0.07896042 0.050068855
