3 0.34724903 0.4498619 0.12673199 0.083122194
3 0.39406663 0.30760518 0.097115636 0.20766681
3 0.2957734 0.38114566 0.19389886 0.19919169
3 0.14785174 0.21239027 0.12912697 0.18524373
3 0.73270917 0.1225974 0.16200101 0.03920748
3 0.77001286 0.12437973 0.16471207 0.04880847
3 0.76977944 0.19008015 0.17223132 0.18075994
3 0.706323 0.19535363 0.15919197 0.1803806
3 0.19990355 0.6870805 0.2123071 0.124161124
3 0.20697084 0.6826731 0.22644168 0.115346074
3 0.33109167 0.6652372 0.09167284 0.08047438
3 0.37215337 0.7522192 0.06819326 0.09701216
3 0.3582431 0.77126867 0.096013784 0.09982276
3 0.22121793 0.79772776 0.23408747 0.12214208
3 0.25067285 0.7691341 0.26254016 0.14632714
3 0.12636772 0.78275883 0.065235436 0.13318217
3 0.27813578 0.63291395 0.14010388 0.015827894
3 0.3249909 0.6728796 0.1066767 0.080740094
3 0.3025147 0.8402226 0.2074706 0.069554806
3 0.28600973 0.8550127 0.22139162 0.03997457
3 0.1730014 0.8594953 0.077836245 0.031009555
3 0.812073 0.83473134 0.14809167 0.06553733
3 0.79485774 0.8354472 0.15886271 0.06410563
3 0.9121864 0.84212804 0.038127184 0.050744057
3 0.9063583 0.8432007 0.04978335 0.048598647
3 0.7726089 0.6901689 0.16523612 0.093265176
3 0.79614794 0.69108325 0.1601026 0.09109223
3 0.9070079 0.7114238 0.048484206 0.07240713
3 0.8953462 0.715812 0.07180762 0.072585225
3 0.8986422 0.78876233 0.06521571 0.069895625
3 0.7800108 0.77346456 0.16081369 0.0882231
3 0.8066779 0.7685093 0.15561211 0.085262656
3 0.91077304 0.7836875 0.040953994 0.06364238
