3 0.40811315 0.18019512 0.10515106 0.03509429
3 0.40019163 0.23449488 0.11001295 0.07134256
3 0.38462433 0.29930824 0.105312526 0.06865704
3 0.37049022 0.3366636 0.10290772 0.01667279
3 0.4566925 0.29457244 0.03973037 0.060654223
3 0.95379376 0.2772099 0.067412496 0.06957066
3 0.95743275 0.28337178 0.06013453 0.06565225
3 0.9456434 0.22735071 0.083713055 0.069127694
3 0.9517547 0.23022681 0.071490645 0.061854005
3 0.9404498 0.17715915 0.094100475 0.065607876
3 0.9458027 0.17780428 0.08339465 0.06330666
3 0.9407655 0.12472197 0.0921824 0.067728
3 0.9358278 0.12710285 0.09927189 0.07175886
3 0.9241519 0.08348244 0.09734011 0.054464865
3 0.9332157 0.08170614 0.096515656 0.050912276
3 0.83549035 0.10162233 0.096891165 0.06486716
3 0.828225 0.10194159 0.095893145 0.0678419
3 0.8330252 0.15705939 0.09780264 0.07038593
3 0.84250486 0.15311152 0.09586799 0.067836314
3 0.85228467 0.20270048 0.098085284 0.0669125
3 0.84226143 0.20474012 0.09779382 0.06718853
3 0.85102487 0.2562124 0.098204136 0.07118207
3 0.8593683 0.2547363 0.099285364 0.072128475
3 0.8701443 0.30374846 0.09934032 0.06931186
3 0.87561184 0.31324288 0.099945664 0.06873852
3 0.7745975 0.3385549 0.099741936 0.07010794
3 0.76733744 0.3355425 0.10272193 0.0732556
3 0.75236833 0.28267485 0.09258008 0.06815648
3 0.7502797 0.28276688 0.104653835 0.0757785
3 0.74242723 0.23164135 0.0989002 0.06814052
3 0.74878466 0.23263314 0.097653866 0.06893867
3 0.7307105 0.18174088 0.09897733 0.06889102
3 0.7396294 0.18235776 0.09869921 0.069536656
3 0.7305813 0.13149671 0.0934335 0.0697597
3 0.7381462 0.12908268 0.09346342 0.066937596
3 0.5813318 0.37985256 0.062278032 0.057234406
3 0.57867366 0.37765846 0.05755663 0.056530237
3 0.581109 0.32869717 0.07230711 0.061234713
3 0.5770559 0.32645535 0.06479013 0.05917853
3 0.5705656 0.2766868 0.06183803 0.05606319
3 0.5768225 0.27845457 0.073459744 0.05617261
3 0.5743094 0.23206845 0.07764149 0.054976285
3 0.5693002 0.22891435 0.06851518 0.0532974
3 0.56951386 0.18376143 0.07785857 0.053976655
3 0.5649766 0.18181866 0.06945038 0.052823335
3 0.18376835 0.6875316 0.086868376 0.16691041
3 0.32360336 0.73606396 0.17339927 0.1944983
3 0.7782389 0.7359185 0.18194818 0.079066634
3 0.77609813 0.7428259 0.17289627 0.08049631
3 0.90374446 0.73925185 0.07001114 0.08478522
3 0.91803336 0.7404444 0.041433334 0.08145189
