2 0.57012004 0.6402867 0.3447733 0.17357326
2 0.5606 0.5344867 0.32573333 0.16645336
2 0.6866133 0.49644664 0.31621337 0.15693337
2 0.67948 0.39657998 0.30194664 0.13789332
2 0.5439733 0.33951333 0.31146657 0.1331467
2 0.31926668 0.2990867 0.2805599 0.13314666
2 0.53564 0.42274 0.33288002 0.15693337
2 0.83069664 0.46435332 0.13360667 0.15930673
2 0.34900004 0.70567334 0.30194664 0.14264
2 0.22985333 0.6367267 0.25970662 0.14741337
2 0.3430533 0.59392667 0.3090933 0.14741325
2 0.22271998 0.5225933 0.24543998 0.1759466
2 0.21320003 0.43343338 0.22640003 0.14503998
2 0.22509336 0.34545997 0.25018668 0.13074666
2 0.6961333 0.59154 0.3067199 0.16167998
2 0.21914667 0.18615335 0.2382933 0.116506755
2 0.21082667 0.050050013 0.22165334 0.070100024
2 0.3287866 0.23964666 0.28530675 0.13314667
2 0.65213335 0.24203333 0.2662933 0.10938662
2 0.51305336 0.05599665 0.28770652 0.0819933
2 0.80811 0.16237997 0.17877996 0.14026663
2 0.81167 0.2634333 0.17166007 0.15218657
2 0.66641337 0.30980667 0.30909336 0.14503996
2 0.52018666 0.15882 0.30197334 0.13314667
2 0.63549334 0.07679333 0.29482666 0.11650658
2 0.7986033 0.053623334 0.19779336 0.077246666
2 0.80335 0.10651335 0.18830001 0.12837332
2 0.31928003 0.038169995 0.25680006 0.04633999
2 0.35886666 0.8117933 0.32183987 0.18741333
2 0.22944 0.7242067 0.25888002 0.1670134
2 0.5808933 0.73846 0.34221342 0.17925334
2 0.72289664 0.7985533 0.3492068 0.18535995
2 0.7104 0.6866467 0.33525336 0.18069327
2 0.83425665 0.63196665 0.12648666 0.17592001
2 0.8449633 0.75916666 0.10507333 0.19736004
