2 0.24507406 0.7529108 0.20295174 0.10256016
2 0.16543625 0.43071666 0.13587251 0.11778331
2 0.2518402 0.5078351 0.21853562 0.10717404
2 0.30297947 0.57091236 0.1851216 0.09608209
2 0.27792874 0.6891516 0.18861777 0.120271206
2 0.4201538 0.7149664 0.19379246 0.118956685
2 0.4271919 0.6872332 0.17635953 0.114216566
2 0.42944854 0.6255713 0.19934884 0.119378805
2 0.45616567 0.47830045 0.15179351 0.15165845
2 0.43551016 0.46083134 0.15702173 0.15887251
2 0.4092776 0.44735312 0.14736676 0.1564455
2 0.39028335 0.43089318 0.13586915 0.15384987
2 0.3714799 0.4135649 0.13064086 0.14663583
2 0.34712014 0.39581436 0.1076172 0.1414566
2 0.30397564 0.38634875 0.1375475 0.12834597
2 0.2815627 0.35549507 0.14720546 0.13078743
2 0.2618617 0.33368397 0.15053113 0.12934679
2 0.24432069 0.29348105 0.1255644 0.16503595
2 0.22249132 0.28563482 0.12780152 0.166928
2 0.17064674 0.3143785 0.13051519 0.09364116
2 0.15898485 0.19599873 0.07204655 0.15926224
2 0.2560377 0.09736382 0.20655936 0.10797186
2 0.27332452 0.08012856 0.17874473 0.083643064
2 0.23919168 0.715352 0.1676163 0.08279753
2 0.2966884 0.1366737 0.13731663 0.094157904
2 0.3150044 0.14337005 0.15268944 0.12266514
2 0.33450508 0.1660563 0.15194142 0.11919269
2 0.35627916 0.18272 0.14970738 0.117315084
2 0.3778023 0.20909148 0.14415103 0.116892934
2 0.442683 0.23963994 0.13340443 0.11778438
2 0.4589695 0.302718 0.16446453 0.10988289
2 0.6482107 0.19607013 0.16386747 0.07395947
2 0.52681386 0.13118668 0.17689252 0.08350235
2 0.6761065 0.15490462 0.1620754 0.08237663
2 0.71072215 0.33597863 0.17131734 0.08306426
2 0.8278785 0.25300488 0.1377554 0.10443811
2 0.6360221 0.44867995 0.19105971 0.09824097
2 0.8184013 0.42896327 0.13972437 0.12168014
2 0.8477927 0.37375712 0.10941458 0.10060912
2 0.8001706 0.4090297 0.14087296 0.12690508
2 0.60962343 0.48731786 0.17950833 0.08711672
2 0.60340387 0.5327789 0.16337907 0.11323044
2 0.590125 0.5503186 0.17195177 0.11901942
2 0.52761334 0.69751877 0.12268376 0.17678607
2 0.565203 0.70655495 0.11783409 0.17129421
2 0.59708667 0.70721143 0.12382913 0.18199658
2 0.6218868 0.7143931 0.12829709 0.18575156
2 0.71967894 0.67235756 0.11783087 0.17127967
2 0.70947254 0.6159217 0.12691784 0.14633858
2 0.7526961 0.6121423 0.14436615 0.15107977
2 0.7744515 0.6031928 0.14251709 0.15095365
2 0.7780464 0.8840976 0.080394864 0.13882875
2 0.76326084 0.8812084 0.11012328 0.14450288
2 0.72840816 0.88120925 0.10342157 0.13887036
2 0.6794408 0.85540146 0.12038159 0.18288267
2 0.7678468 0.13183331 0.15390003 0.07832536
