2 0.046671882 0.77567965 0.043343768 0.15070319
2 0.24229687 0.89475 0.18418752 0.0948751
2 0.08760156 0.5626563 0.1252031 0.11534369
2 0.19578122 0.63614845 0.19906256 0.09860933
2 0.25996873 0.69847655 0.16743755 0.08929682
2 0.26089847 0.8249843 0.16557807 0.11534369
2 0.40693748 0.8407891 0.17115629 0.11348438
2 0.40786722 0.8110234 0.1544218 0.10976565
2 0.39671096 0.74591404 0.17673439 0.11348438
2 0.391125 0.58870316 0.120937526 0.1525625
2 0.36693752 0.5719609 0.12465632 0.15998438
2 0.33810937 0.55986714 0.11534369 0.15814054
2 0.3157813 0.5440547 0.10418761 0.15626562
2 0.2934531 0.5273125 0.100468814 0.14884377
2 0.2655469 0.5105703 0.078125 0.14510939
2 0.2208906 0.5040547 0.111625105 0.12835944
2 0.19206245 0.47335938 0.120937556 0.13021868
2 0.16787499 0.4519688 0.12465629 0.12837508
2 0.14182813 0.41103905 0.09115628 0.16929686
2 0.1185703 0.40452346 0.09301566 0.17117172
2 0.0773672 0.43893754 0.10473439 0.091156185
2 0.1145781 0.20359379 0.17915618 0.10046862
2 0.12415627 0.18406247 0.16371879 0.07628134
2 0.22833592 0.8556719 0.15254687 0.07628131
2 0.1595 0.24173439 0.11906242 0.091156185
2 0.17903908 0.24732025 0.1283594 0.12092188
2 0.20321873 0.26964843 0.12837505 0.11720313
2 0.22833593 0.2854531 0.1265156 0.115343675
2 0.25531253 0.31149995 0.120937526 0.11534369
2 0.3260078 0.33847654 0.10976565 0.11720312
2 0.35578126 0.40359372 0.14325011 0.10603124
2 0.5194922 0.2761563 0.15070307 0.06696892
2 0.38553903 0.21754682 0.16185933 0.07628137
2 0.53810155 0.23057812 0.14698431 0.07628137
2 0.611586 0.41847655 0.15626562 0.076265514
2 0.7092578 0.3217343 0.11720312 0.102312446
2 0.8032031 0.28080472 0.111624956 0.08745307
2 0.562289 0.5431249 0.1730156 0.091156214
2 0.73809373 0.50777346 0.11534369 0.12092188
2 0.77716404 0.4463828 0.1339531 0.09860957
2 0.71576566 0.48824224 0.11534369 0.12651557
2 0.5446093 0.5859218 0.16371882 0.08000016
2 0.5483359 0.634289 0.14139059 0.10976565
2 0.53903127 0.6538203 0.14884377 0.11535931
2 0.5092578 0.8138203 0.08557817 0.1823281
2 0.5483359 0.8203281 0.08185935 0.17674994
2 0.5799609 0.81846875 0.0855782 0.18790627
2 0.6060078 0.82404685 0.08929694 0.191625
2 0.69344527 0.771961 0.08185935 0.17673445
2 0.6711172 0.7133515 0.096734405 0.14882815
2 0.7129765 0.7059141 0.11348438 0.15254688
2 0.7325156 0.69475 0.111624956 0.1525625
2 0.8525078 0.8017266 0.16557813 0.094890594
2 0.86275005 0.83614063 0.16371882 0.100468755
2 0.69344527 0.92917186 0.08185935 0.11165631
2 0.6236797 0.19894531 0.13954675 0.07254678
2 0.91949224 0.20732029 0.106046915 0.07442188
2 0.9356172 0.38591403 0.07876563 0.14139062
2 0.88878906 0.36638287 0.096734405 0.15070301
2 0.8627422 0.37661722 0.10045314 0.15254688
2 0.9467812 0.7077734 0.056437492 0.12651563
2 0.9356172 0.726375 0.07876563 0.11906242
