2 0.031314794 0.4674784 0.05262959 0.12637746
2 0.41942015 0.41310355 0.09773588 0.1746772
2 0.18430819 0.41791683 0.13683298 0.12545544
2 0.031427246 0.52775425 0.052854493 0.13167048
2 0.051520478 0.5350281 0.065376826 0.14638543
2 0.051084727 0.69002867 0.090760276 0.16983354
2 0.15259866 0.6090233 0.0848403 0.15472412
2 0.17462197 0.61596864 0.093376905 0.16403353
2 0.2070833 0.62260574 0.08103746 0.17092848
2 0.23753338 0.7602291 0.09468576 0.15954733
2 0.32373828 0.7145372 0.12338114 0.13987362
2 0.48285642 0.6966585 0.16263121 0.10125828
2 0.31779858 0.49930543 0.08923322 0.16378272
2 0.33678743 0.52038664 0.08950877 0.18030715
2 0.45610943 0.6498154 0.1789245 0.085448384
2 0.81911063 0.76436234 0.11484468 0.1305641
2 0.8388611 0.7389923 0.108805895 0.12583315
2 0.46739 0.869741 0.13942006 0.06551802
2 0.65374804 0.83623755 0.10923362 0.13252497
2 0.6907506 0.8390984 0.1120199 0.12680316
2 0.07650125 0.88053554 0.14300251 0.04392886
2 0.13003688 0.77979225 0.12101197 0.13183963
2 0.24231054 0.85713196 0.14646617 0.09073615
