2 0.46362528 0.2249128 0.072749436 0.10068658
2 0.38190052 0.21868715 0.13299733 0.08414328
2 0.2930125 0.30037665 0.13314568 0.07986176
2 0.29347962 0.3198653 0.12925154 0.07329154
2 0.19090113 0.32505906 0.09583467 0.08191991
2 0.16073084 0.33342364 0.096102774 0.07659209
2 0.071943 0.40099788 0.09207806 0.06979501
2 0.03663082 0.4311701 0.07326164 0.09542763
2 0.377413 0.31040582 0.11697757 0.07651621
2 0.22930504 0.36669904 0.07559994 0.0701738
2 0.14426748 0.42607224 0.1032494 0.08186197
2 0.13129067 0.4766117 0.11001223 0.028291762
2 0.24005932 0.44729275 0.10260816 0.061080873
2 0.27753976 0.42651343 0.11085291 0.064136386
2 0.29703712 0.40934664 0.099585876 0.05828595
2 0.3203814 0.3883584 0.108635426 0.06488371
2 0.36668998 0.41784513 0.10165459 0.08034825
2 0.35242903 0.47283936 0.11589205 0.047836125
2 0.45701903 0.33894083 0.08596194 0.08404714
2 0.86197 0.17612526 0.13068032 0.084325194
2 0.80169964 0.13520093 0.16357815 0.10142926
2 0.6404997 0.10184302 0.15273857 0.09790303
2 0.7082157 0.13350573 0.17489016 0.099670045
2 0.58809006 0.10517834 0.054074526 0.07026121
2 0.84088814 0.2478263 0.13347876 0.082831115
2 0.7827531 0.19889419 0.163499 0.09712848
2 0.8625178 0.32066512 0.053305864 0.056098998
2 0.82777095 0.2988832 0.1314063 0.07912779
2 0.8342744 0.2724289 0.13254404 0.07935399
2 0.63205093 0.1313205 0.1466018 0.088232994
2 0.6207198 0.23750523 0.12393963 0.07562232
2 0.5783147 0.22145616 0.039129376 0.0660412
2 0.62602305 0.21545893 0.13454616 0.08720553
2 0.5766657 0.20335563 0.03583145 0.06428379
2 0.5782169 0.17813338 0.038933754 0.061535567
2 0.6947164 0.19361006 0.1618979 0.086937875
2 0.76779515 0.23469537 0.15641618 0.0807392
2 0.87969995 0.26243636 0.050987482 0.057547435
2 0.14337413 0.6133375 0.17674825 0.049175024
2 0.15543026 0.5948613 0.2008605 0.012222648
2 0.17625351 0.6033004 0.19143859 0.029100776
2 0.19555178 0.6209775 0.14475782 0.06445503
2 0.23094825 0.60732365 0.12224558 0.037147284
2 0.25466752 0.6202619 0.098947346 0.048223138
2 0.2607026 0.6403363 0.08204907 0.064260244
2 0.2824149 0.6298926 0.08202106 0.030532002
2 0.29890615 0.6479762 0.055494666 0.04741013
2 0.9319705 0.8145503 0.13605905 0.08924639
2 0.97275513 0.9372653 0.05448973 0.041125655
2 0.85928464 0.8921624 0.28143072 0.13142192
2 0.8623558 0.9196508 0.27528834 0.07636368
2 0.87190247 0.94983596 0.25619507 0.015895367
