2 0.19081223 0.2496311 0.16124445 0.0632533
2 0.109210566 0.2775422 0.13842115 0.07441777
2 0.06455276 0.25770223 0.049105525 0.06943999
2 0.38183445 0.23350668 0.15132445 0.07068445
2 0.37934557 0.17708 0.15630221 0.057031155
2 0.18834111 0.17149776 0.16369778 0.060799986
2 0.10858834 0.20808443 0.13717669 0.06947556
2 0.3632211 0.11071557 0.15875554 0.06325331
2 0.26400334 0.102057785 0.14634667 0.050844483
2 0.18586999 0.11629776 0.15626669 0.057066634
2 0.18462557 0.14483112 0.1562667 0.057031155
2 0.063148335 0.19316886 0.04629667 0.058133304
2 0.10508612 0.1680489 0.13017225 0.052408874
2 0.3637011 0.15512447 0.16007113 0.05528888
2 0.26931888 0.16552442 0.15072002 0.053120047
2 0.6263176 0.1654132 0.18567967 0.1858264
2 0.83340657 0.1633774 0.21016371 0.18175481
2 0.9568567 0.16132744 0.03878653 0.17765489
2 0.27269515 0.9138782 0.23526984 0.07724357
2 0.16061753 0.9354729 0.1145457 0.03405416
2 0.12807052 0.9360053 0.054554738 0.032989383
2 0.13224 0.9255763 0.066366166 0.053847432
2 0.12603682 0.8829328 0.06702608 0.09003425
2 0.12696753 0.8957764 0.06684595 0.09625816
2 0.12422427 0.90774596 0.058705553 0.089508176
2 0.28750968 0.80057055 0.20721096 0.15127218
2 0.2867037 0.81458104 0.20830393 0.15350103
2 0.28237677 0.8475801 0.21854073 0.16109967
2 0.27867806 0.8728339 0.22191179 0.15933216
2 0.2792899 0.8819786 0.21946001 0.14104283
2 0.28266317 0.89237094 0.23855978 0.12025821
2 0.27127734 0.9051394 0.23631442 0.0947212
2 0.16155653 0.90235853 0.12969461 0.10028303
2 0.641535 0.78197336 0.03306997 0.09267998
2 0.6363816 0.83387667 0.022763371 0.08224666
2 0.69879496 0.84814334 0.14758992 0.05371332
2 0.75831664 0.81534004 0.16644001 0.08560002
2 0.70948833 0.8016667 0.16897666 0.09868002
2 0.77021 0.75768 0.1854533 0.09390664
2 0.84638166 0.7903733 0.05723667 0.09748006
2 0.83270836 0.86062336 0.08458328 0.0287534
2 0.7517767 0.8528967 0.15573335 0.04420674
