2 0.45937267 0.1627355 0.2653846 0.040470988
2 0.71306324 0.22780396 0.21229494 0.1706079
2 0.8698071 0.31103158 0.07575488 0.18441123
2 0.4526234 0.18612343 0.26558775 0.087246835
2 0.4458115 0.2106592 0.27259564 0.13631845
2 0.4395811 0.23862907 0.2784411 0.19225816
2 0.43086922 0.26130527 0.28108 0.23761058
2 0.4384147 0.30597854 0.28517938 0.27296788
2 0.42697984 0.35858157 0.2892381 0.26185083
2 0.42619208 0.41485706 0.28630775 0.2663626
2 0.41723016 0.467907 0.28927022 0.26185668
2 0.40655062 0.5215207 0.2930829 0.26928926
2 0.6788576 0.6219561 0.22930825 0.22564936
2 0.8383526 0.69156414 0.08148348 0.17359602
2 0.84067976 0.64859533 0.08264625 0.16702962
2 0.84716696 0.6063616 0.075998545 0.16582823
2 0.86595225 0.35199267 0.07713795 0.18125665
2 0.85908645 0.3993526 0.08353329 0.17904055
2 0.8553566 0.43862164 0.0851711 0.17933652
2 0.85608363 0.48562226 0.07612586 0.1675536
2 0.85654664 0.5247412 0.07039738 0.17836893
2 0.85198176 0.5638593 0.07345033 0.17551601
2 0.68679595 0.57131004 0.22436261 0.22475553
2 0.6902742 0.5242121 0.2206428 0.21900913
2 0.7003376 0.4791615 0.22474241 0.2298983
2 0.7057233 0.42892843 0.22407818 0.22133231
2 0.7054991 0.38635594 0.22423756 0.22306341
2 0.69828266 0.33645102 0.22307491 0.22962968
2 0.70499015 0.29079393 0.2156676 0.21814269
2 0.709639 0.25177595 0.21914339 0.21855193
