2 0.23966369 0.11390786 0.44740915 0.22781572
2 0.22474581 0.14306408 0.44163787 0.28612816
2 0.22129093 0.20371811 0.44258186 0.3156334
2 0.27894816 0.2668681 0.30733794 0.2726177
2 0.15752894 0.30338967 0.31505787 0.221538
2 0.74598724 0.1928169 0.10181308 0.058125615
2 0.736025 0.2188396 0.11049211 0.05665952
2 0.7386223 0.25053138 0.107271194 0.061625957
2 0.7343066 0.2801271 0.10664606 0.054789543
2 0.72806394 0.30645093 0.10759151 0.064715326
2 0.7281468 0.33297548 0.10653865 0.061582446
2 0.7260075 0.3593283 0.09811151 0.057772517
2 0.7216119 0.38586864 0.106499076 0.06089312
2 0.7119922 0.40843323 0.10188663 0.058897316
2 0.7035362 0.4264287 0.10885584 0.054774046
2 0.849142 0.28459737 0.10729754 0.06162852
2 0.83985317 0.3387315 0.10321987 0.057600617
2 0.8397455 0.36753368 0.10425997 0.0606004
2 0.83814025 0.3962065 0.089876175 0.056248605
2 0.8313117 0.42854306 0.1095289 0.06184137
2 0.8268082 0.4442572 0.10028064 0.042037368
2 0.84992814 0.2565983 0.106565 0.06158501
2 0.8600674 0.20521705 0.0976367 0.060706854
2 0.8039481 0.18545714 0.10594559 0.06300259
2 0.80066395 0.2159031 0.108240366 0.06388068
2 0.7916006 0.24041387 0.10642052 0.060068175
2 0.7885699 0.2681988 0.10404456 0.058338508
2 0.7912687 0.2988262 0.10654378 0.061635673
2 0.7825716 0.3233853 0.105730176 0.06074065
2 0.7820073 0.35294953 0.10586703 0.0621776
2 0.78084564 0.38085905 0.10751295 0.0638904
2 0.77482605 0.4087348 0.107890606 0.06020844
2 0.7743254 0.43359804 0.10504937 0.053593516
2 0.92044175 0.2038071 0.10101473 0.057390213
2 0.94782555 0.26938802 0.07092011 0.051407814
2 0.9488204 0.24106121 0.072359204 0.055425957
2 0.9067653 0.28064248 0.09741366 0.058365166
2 0.90696204 0.2510432 0.099823356 0.060177103
2 0.9007367 0.3949682 0.10271895 0.059715092
2 0.8904106 0.42091596 0.10202849 0.060387492
2 0.88984275 0.44648445 0.1032269 0.04975432
2 0.94656956 0.2942542 0.06843364 0.048243582
2 0.905648 0.3119799 0.09811413 0.05779916
2 0.9397141 0.3505136 0.071686506 0.05153364
2 0.95296806 0.21841928 0.06406391 0.051107883
2 0.11773889 0.6703835 0.117977776 0.12838566
2 0.12627064 0.6810902 0.13504127 0.086429596
2 0.1361454 0.6587527 0.15479079 0.07536769
2 0.1376428 0.6324099 0.1577856 0.08658564
2 0.16906402 0.6374322 0.13300058 0.050888658
2 0.19645321 0.62035537 0.11015423 0.052572012
2 0.20661215 0.6014961 0.09621599 0.065769196
2 0.22656173 0.6091689 0.08941491 0.03495264
2 0.24693808 0.5912284 0.06586921 0.048089743
2 0.59465927 0.6124344 0.16431856 0.03986883
2 0.76431483 0.61243445 0.14856303 0.03986883
2 0.91864073 0.61548865 0.13771844 0.045977354
2 0.9700259 0.7219721 0.03494823 0.052945018
2 0.9644259 0.73928195 0.04614818 0.04886782
2 0.9618852 0.7591419 0.051229596 0.051936865
2 0.9578111 0.7759402 0.05937779 0.052945018
2 0.9517074 0.7947771 0.07158518 0.060076475
2 0.8324852 0.8019086 0.14448893 0.062122583
2 0.8441889 0.7830717 0.13939261 0.06109953
2 0.85080373 0.76576185 0.14041483 0.059068322
2 0.8609741 0.74132055 0.14040005 0.06109965
2 0.8691074 0.7219721 0.14244437 0.06109965
2 0.87979627 0.7041508 0.13736296 0.05599928
2 0.88691485 0.6863369 0.13328886 0.054976225
2 0.8976037 0.6659729 0.14041483 0.052945018
2 0.9062482 0.64865565 0.13328886 0.054991126
2 0.9143889 0.6267645 0.12921476 0.060076475
2 0.7561741 0.6267719 0.15669632 0.058045387
2 0.7480333 0.6445858 0.16077042 0.061084747
2 0.73532224 0.66647696 0.16177773 0.0621078
2 0.72718143 0.68735254 0.15770364 0.05905354
2 0.7164926 0.7072125 0.15872598 0.060076475
2 0.70530003 0.7285921 0.16075552 0.06413901
2 0.69564074 0.74895614 0.16380739 0.0621078
2 0.6859667 0.76983166 0.15669632 0.06720805
2 0.67274445 0.7901958 0.16077042 0.061084747
2 0.6635815 0.81259847 0.16075552 0.06313074
2 0.53665924 0.8227842 0.048318505 0.06313074
2 0.54123706 0.79273856 0.057474017 0.058045268
2 0.5493778 0.7744205 0.0737555 0.060076475
2 0.5559926 0.7509948 0.08698523 0.06413901
2 0.56362224 0.73164636 0.1022445 0.062122583
2 0.56718516 0.7087322 0.10937035 0.06109965
2 0.571763 0.6873599 0.11852586 0.057022333
2 0.5758296 0.6654614 0.12665927 0.060076475
2 0.5814296 0.64203566 0.13785923 0.060076475
2 0.58702224 0.62007 0.1490444 0.05514002
