2 0.087167285 0.63911515 0.08933456 0.14764512
2 0.08431636 0.601491 0.08363273 0.14339674
2 0.08361819 0.57521516 0.082236364 0.13344502
2 0.08076727 0.54114103 0.07653454 0.13059351
2 0.085741825 0.50779426 0.08648364 0.12640333
2 0.08149454 0.46877337 0.07798907 0.12494841
2 0.08076727 0.44034424 0.07653454 0.13059348
2 0.07794544 0.40557164 0.07089087 0.13484186
2 0.10915999 0.27995408 0.13331997 0.15049686
2 0.09993818 0.25155404 0.114876345 0.14200002
2 0.10418545 0.22457993 0.12337091 0.1249485
2 0.10136363 0.1753029 0.11772725 0.11560577
2 0.102061816 0.15755287 0.11912362 0.08010572
2 0.25957274 0.1504529 0.1702982 0.06590581
2 0.28083816 0.18410408 0.17314911 0.12919673
2 0.28156543 0.23450252 0.18589097 0.13909014
2 0.29503456 0.27000248 0.2015419 0.13059348
2 0.29503456 0.3090233 0.19584006 0.1178484
2 0.28581274 0.34170085 0.1915928 0.12349337
2 0.23827817 0.43254584 0.19869098 0.1319902
2 0.23897634 0.47229427 0.19159278 0.12069997
2 0.23856908 0.49650407 0.18112002 0.12628695
2 0.24607454 0.5283668 0.18880007 0.15334833
2 0.24892546 0.5873201 0.18880007 0.1547451
2 0.23260541 0.6533152 0.1816437 0.14485168
2 0.72083825 0.22391063 0.06813085 0.16888696
2 0.9236055 0.5986393 0.06778908 0.12349343
2 0.89614 0.49571836 0.09792006 0.10225162
2 0.8918636 0.22242662 0.06667638 0.103648365
2 0.8635 0.3502266 0.055330873 0.1462484
2 0.83155817 0.32750085 0.059636354 0.17749995
