2 0.8952786 0.24266708 0.20944285 0.29107046
2 0.87393796 0.45145544 0.25212407 0.2294659
2 0.85019594 0.5513586 0.2996081 0.21883893
2 0.8464416 0.6496336 0.30711675 0.18768358
2 0.8160414 0.7582999 0.36791718 0.19722044
2 0.8167582 0.832502 0.36648357 0.17950165
2 0.91890055 0.15915218 0.1621989 0.25551885
2 0.97148705 0.52857405 0.05702591 0.23958454
2 0.9468266 0.6284368 0.106346846 0.22862756
2 0.9352072 0.7295109 0.12958562 0.20456278
2 0.9155298 0.82300967 0.16894042 0.19861162
2 0.048557248 0.7397787 0.097114496 0.14995289
2 0.13302721 0.78778607 0.26605442 0.14090669
2 0.24426153 0.24871884 0.33539593 0.15880337
2 0.6348736 0.20196798 0.4129932 0.18059652
2 0.1088719 0.29061827 0.2177438 0.19045615
2 0.41826499 0.25324696 0.3670962 0.21883446
2 0.79868287 0.21650618 0.40263426 0.26543987
2 0.817707 0.16174929 0.364586 0.17434666
2 0.065181926 0.5959649 0.13036385 0.15175772
2 0.30654508 0.60057086 0.3499626 0.16845763
2 0.6780629 0.611623 0.44303715 0.19248807
2 0.30183837 0.68800956 0.32838076 0.15640068
2 0.67675513 0.6990132 0.43400276 0.18736923
2 0.6354421 0.7960874 0.42772388 0.18515813
2 0.27148193 0.7651112 0.32549322 0.15428138
2 0.35300088 0.5170696 0.35161325 0.18605077
2 0.07733448 0.44824612 0.15466896 0.1671708
2 0.08979208 0.36408943 0.17958416 0.18931323
2 0.18375143 0.3906738 0.2968859 0.19323587
2 0.36378774 0.4337329 0.34517223 0.19295913
2 0.3287899 0.3466146 0.43133068 0.22195016
2 0.61259425 0.26177207 0.40048647 0.21401662
2 0.77788436 0.33316514 0.44423127 0.23942041
2 0.55589855 0.45428354 0.39275277 0.19295907
2 0.1421082 0.6890745 0.2842164 0.1514355
