2 0.56739724 0.9769234 0.43127263 0.046153188
2 0.2538546 0.8752801 0.2993968 0.24943984
2 0.5885849 0.9511179 0.4345038 0.09776425
2 0.61327136 0.9235348 0.44322622 0.15293038
2 0.63701373 0.89077204 0.45535302 0.21845591
2 0.6625648 0.8644321 0.46203876 0.2711358
2 0.6652766 0.82432795 0.47461998 0.3513441
2 0.69541043 0.7958758 0.4862777 0.40824842
2 0.71063316 0.7336822 0.48954627 0.43423104
2 0.7383063 0.667482 0.50117874 0.4320226
2 0.7554081 0.59939563 0.48918378 0.44677398
2 0.3699318 0.40556392 0.36566812 0.3530553
2 0.1551537 0.28115505 0.13355139 0.25451797
2 0.1510813 0.33754525 0.12209514 0.24207419
2 0.14194952 0.39138478 0.10080406 0.23526552
2 0.12554532 0.6488371 0.05431225 0.23271906
2 0.13060443 0.60160255 0.06706103 0.23772737
2 0.12933725 0.5431198 0.06730136 0.22568884
2 0.12976974 0.49387118 0.07120827 0.24222392
2 0.13584703 0.44511616 0.08596805 0.24323201
2 0.3485873 0.46996862 0.35372216 0.34836066
2 0.33477503 0.52956855 0.34360823 0.33785272
2 0.31250906 0.58415264 0.34703672 0.35071528
2 0.2961474 0.6451782 0.3402797 0.3370731
2 0.2892436 0.69713575 0.33810258 0.33781016
2 0.2908592 0.75883865 0.33564085 0.34453702
2 0.27383298 0.81106013 0.31991792 0.3261031
2 0.26236433 0.84645075 0.31946576 0.3070985
