2 0.68861854 0.13191472 0.44742465 0.26382944
2 0.7417511 0.050116234 0.37873054 0.10023247
2 0.6326801 0.01960421 0.38792 0.03920842
2 0.8651573 0.1683094 0.26610982 0.30577567
2 0.95190287 0.09326816 0.09428978 0.18653633
2 0.88780904 0.08146323 0.22438192 0.16292647
2 0.5838047 0.08555519 0.42833936 0.17111038
2 0.8217483 0.32942393 0.34976208 0.45330197
2 0.93888956 0.18691644 0.117403865 0.27447373
2 0.6307105 0.22102056 0.5000799 0.43598393
2 0.4123212 0.32698134 0.6397643 0.52940255
2 0.5088824 0.17594805 0.5295379 0.3518961
2 0.31240267 0.12084824 0.5183121 0.24169648
2 0.16162333 0.1971854 0.32324666 0.33923745
2 0.24455157 0.2605882 0.48910314 0.4828028
2 0.116655566 0.40878013 0.23331113 0.45655638
2 0.24294567 0.081981905 0.2951647 0.16396381
2 0.3244573 0.020572355 0.29926533 0.04114471
