2 0.07245291 0.14311528 0.1154585 0.07281685
2 0.1537014 0.118116505 0.103652894 0.05123301
2 0.18803948 0.10162351 0.087287605 0.018247023
2 0.25086132 0.14778337 0.065900326 0.08727742
2 0.23811635 0.15539208 0.06801301 0.09140951
2 0.22317448 0.16029127 0.063251376 0.08994201
2 0.21139799 0.16750458 0.057557702 0.088361084
2 0.19959208 0.17521098 0.055445015 0.08422899
2 0.18496896 0.18262422 0.0440422 0.0810737
2 0.16220929 0.18373267 0.060432315 0.07395044
2 0.14667968 0.19849826 0.06519434 0.07542613
2 0.13378786 0.20857252 0.06701425 0.07464373
2 0.11933958 0.22891267 0.05138795 0.09458789
2 0.10738727 0.23114598 0.05238627 0.0956801
2 0.07417836 0.2093229 0.082749665 0.056662798
2 0.04912807 0.2727437 0.052268293 0.093699455
2 0.09681271 0.33728045 0.09807712 0.06316686
2 0.10324271 0.34837347 0.08509693 0.049066305
2 0.02435692 0.28213963 0.023713842 0.06708473
2 0.02723223 0.2948137 0.029464455 0.06480199
2 0.034934543 0.13771762 0.04439029 0.07032865
2 0.1229154 0.31964186 0.06301308 0.054608583
2 0.13296017 0.3177062 0.068649024 0.07088518
2 0.14587766 0.30713424 0.06853944 0.06891358
2 0.15906256 0.3000717 0.06754154 0.06782955
2 0.17351016 0.28767437 0.064724326 0.067536354
2 0.21006742 0.27708206 0.059140682 0.06793533
2 0.22716205 0.24410862 0.07569912 0.06376986
2 0.30581826 0.320308 0.07822907 0.043442726
2 0.23631291 0.34435332 0.084157795 0.048968554
2 0.31377685 0.3454612 0.076645136 0.04818666
2 0.35682732 0.24966158 0.08133221 0.04866615
2 0.40310007 0.3061086 0.062426507 0.060428202
2 0.44925424 0.33275634 0.05913973 0.052253425
2 0.33586815 0.18095592 0.090262294 0.05744472
2 0.42354193 0.2089481 0.062075377 0.07020098
2 0.4413348 0.2435639 0.07076913 0.05934462
2 0.41164795 0.21813387 0.062252104 0.07316792
2 0.3282912 0.15732682 0.085214436 0.051038772
2 0.33170155 0.13186845 0.07487798 0.06565285
2 0.32761934 0.124012806 0.07881898 0.06302561
2 0.3954561 0.115449846 0.05204922 0.04589969
2 0.41645044 0.11923572 0.06080264 0.05347143
2 0.42614222 0.12268767 0.060216486 0.060375333
2 0.3559989 0.36673802 0.072770774 0.045814812
2 0.47103745 0.28406864 0.03292507 0.08419643
2 0.5890609 0.068083875 0.17812183 0.032622237
2 0.54216176 0.13198186 0.084323525 0.14659587
2 0.6471942 0.26031178 0.2943884 0.31099945
2 0.7689774 0.35386026 0.46204525 0.29227948
2 0.7569929 0.13361031 0.4235443 0.20650506
2 0.8177277 0.26591846 0.36454463 0.36339217
2 0.84518075 0.058978 0.3096385 0.07055111
2 0.9077217 0.16964087 0.1845566 0.29187685
2 0.103640616 0.73078126 0.10728124 0.18137503
2 0.060843762 0.6382812 0.02168753 0.10406256
2 0.21309376 0.6554844 0.27162498 0.13846886
2 0.3236406 0.6043281 0.25271875 0.036156178
2 0.30192187 0.7470469 0.2502188 0.2027812
2 0.377125 0.6527031 0.14574999 0.13290632
2 0.22935939 0.8252031 0.07165629 0.16559374
2 0.36735937 0.82240623 0.16528124 0.16931248
2 0.40967187 0.82659376 0.08065623 0.110687494
2 0.6056177 0.56177396 0.03623545 0.06745124
2 0.6085406 0.5740417 0.042081237 0.092020154
2 0.6112498 0.59279937 0.047499537 0.11039913
2 0.61407304 0.61776966 0.053146124 0.106184244
2 0.6133181 0.64487636 0.0516361 0.111243606
2 0.61697626 0.6715318 0.05895257 0.10533142
2 0.6173551 0.6990587 0.059710264 0.10784471
2 0.62032443 0.72571826 0.06564891 0.10533559
2 0.6238685 0.75280213 0.07273698 0.108734965
