2 0.037771493 0.32665518 0.07554299 0.09614897
2 0.091405705 0.24377055 0.100125074 0.084658176
2 0.09031988 0.22370666 0.09627305 0.07565248
2 0.17078383 0.22091183 0.07075781 0.08566417
2 0.19474791 0.21283741 0.07140964 0.080114156
2 0.260122 0.14567271 0.067252934 0.06830865
2 0.29100364 0.116876364 0.058918297 0.090976864
2 0.035105437 0.23102222 0.070210874 0.07743308
2 0.13710664 0.17812586 0.053970754 0.06844056
2 0.19844191 0.12222373 0.073176056 0.07577239
2 0.20527245 0.064032465 0.08472803 0.0457578
2 0.19223212 0.042264882 0.0910126 0.03360168
2 0.1241899 0.10338284 0.07211283 0.053213447
2 0.09782843 0.12227771 0.07810267 0.0569432
2 0.08431061 0.13768294 0.07042657 0.05273223
2 0.06797717 0.15701182 0.0772063 0.06006795
2 0.034740273 0.13063669 0.069480546 0.070619196
2 0.044543553 0.08099025 0.07923942 0.04217781
2 0.03828698 0.063715324 0.07657396 0.043813422
2 0.11174537 0.04406957 0.06817207 0.035803236
2 0.94304943 0.31096777 0.08390117 0.21553785
2 0.38959 0.6105563 0.066079974 0.038612604
2 0.39207 0.6204627 0.066079974 0.058425426
2 0.083023 0.61014056 0.096046 0.03778112
2 0.082199 0.6225256 0.09439801 0.06255114
2 0.08095901 0.63655764 0.09191802 0.09061527
2 0.19546999 0.6533934 0.10737601 0.08998132
2 0.301206 0.6727904 0.08425599 0.077604294
2 0.38835 0.6884776 0.07185602 0.070984006
2 0.390006 0.67113537 0.071871996 0.06604278
2 0.39082998 0.6492597 0.07022399 0.070168495
2 0.391238 0.6335725 0.066079974 0.070168495
2 0.29996598 0.652154 0.083440006 0.07429409
2 0.303686 0.63150966 0.08425599 0.07429409
2 0.30203 0.60106564 0.080944 0.019631386
2 0.305742 0.6117956 0.08177602 0.041091204
2 0.304918 0.6208785 0.08342397 0.05925703
2 0.19753401 0.632432 0.10491201 0.08236396
2 0.19753401 0.6204627 0.10324797 0.058425426
2 0.200846 0.6105563 0.10491201 0.038612604
2 0.92707217 0.5586067 0.11835563 0.039713383
