2 0.160187 0.4549993 0.29793632 0.3033157
2 0.15098947 0.36969244 0.30197895 0.32470405
2 0.15805754 0.32309303 0.31611508 0.2391576
2 0.54824203 0.23865575 0.4100574 0.30693102
2 0.5384231 0.2872471 0.40913066 0.3985476
2 0.5209324 0.4805831 0.33624482 0.31015795
2 0.33804664 0.50972104 0.32185346 0.30749714
2 0.3434381 0.4052766 0.351916 0.35757792
2 0.32395822 0.32725275 0.3568655 0.34831476
2 0.32331777 0.27991492 0.34890342 0.25113738
2 0.70261633 0.52173984 0.38699043 0.29458332
2 0.9040558 0.54339033 0.19188845 0.30388582
2 0.8479319 0.300566 0.30413616 0.37173617
2 0.83131325 0.4131587 0.3373735 0.34443545
2 0.9497156 0.24203798 0.10056877 0.38691086
2 0.76245034 0.22526056 0.45235026 0.40754658
2 0.7224869 0.34227312 0.42880058 0.3774784
2 0.864753 0.21299739 0.27049398 0.35182992
2 0.78015685 0.16441524 0.43831313 0.2916417
2 0.9224534 0.4481577 0.1550932 0.33712596
2 0.8326971 0.5001334 0.3346058 0.28351557
