2 0.051354017 0.40000477 0.102708034 0.19999045
2 0.22419818 0.43019885 0.34114024 0.1396023
2 0.28001043 0.44985652 0.30216825 0.10028696
2 0.120805986 0.47061473 0.24161197 0.058770537
2 0.05711837 0.44266075 0.11423674 0.1146785
2 0.66925466 0.3175383 0.08850932 0.11492342
2 0.7150491 0.30197096 0.18009818 0.14605808
2 0.78280187 0.31210557 0.18439627 0.12578887
2 0.8050026 0.30686727 0.13999474 0.13626546
2 0.3734553 0.5826119 0.1011771 0.020223856
2 0.37357554 0.5880632 0.10363692 0.03112638
2 0.2947526 0.606228 0.13068455 0.06745601
2 0.20350866 0.59290016 0.11685917 0.040800333
2 0.10707586 0.62131095 0.082717076 0.08612788
2 0.12187728 0.62727404 0.08560601 0.09011626
2 0.13852413 0.6305239 0.0804894 0.08834422
2 0.1522329 0.63620394 0.07440215 0.08638513
2 0.16605933 0.6423402 0.071513206 0.082396746
2 0.1828108 0.64795697 0.059324116 0.07848334
2 0.20705199 0.6469954 0.07477203 0.07338381
2 0.226052 0.6593734 0.07989052 0.075163364
2 0.24144143 0.66761756 0.08160733 0.07460499
2 0.2602777 0.6852767 0.069217265 0.091566205
2 0.2732979 0.68630797 0.07042946 0.092659354
2 0.30455324 0.6630963 0.09445763 0.059459567
2 0.34215432 0.71990883 0.06995708 0.09082699
2 0.30310374 0.7841283 0.11124425 0.06680131
2 0.29825768 0.7950121 0.095501006 0.052679658
2 0.41670856 0.6068939 0.043853164 0.06441724
2 0.41524294 0.6210021 0.05337441 0.06523025
2 0.43477985 0.6829272 0.046776295 0.06492913
2 0.43587252 0.6970542 0.05165142 0.065794945
2 0.441134 0.7233305 0.052897155 0.059921503
2 0.4157517 0.70013845 0.090940356 0.07013869
2 0.41273502 0.7102243 0.10216427 0.07391727
2 0.40557972 0.720576 0.1070084 0.075633526
2 0.40169162 0.73319805 0.106292605 0.07288718
2 0.3441536 0.5999272 0.07918686 0.054854393
2 0.2724284 0.7700031 0.07396573 0.055820227
2 0.26147583 0.7690817 0.08260633 0.07129252
2 0.24597189 0.7603767 0.0821441 0.069469094
2 0.23080152 0.7549603 0.080933794 0.068383455
2 0.21336052 0.744691 0.078008786 0.06786394
2 0.17287654 0.738037 0.07238567 0.06773603
2 0.14902638 0.7088557 0.08853102 0.06537223
2 0.07930049 0.7866378 0.08749774 0.04689777
2 0.1569574 0.8029234 0.09452593 0.052506566
2 0.07530787 0.8107369 0.08672573 0.051121235
2 0.041274805 0.72537553 0.03504961 0.051977754
2 0.048982598 0.6596174 0.050465196 0.06084478
2 0.0493395 0.6369698 0.051179 0.054504514
2 0.04331736 0.61358225 0.03913472 0.0670315
2 0.045675546 0.60543334 0.043851092 0.06586671
2 0.049680233 0.83422947 0.051860467 0.048595905
2 0.6455777 0.8792426 0.19365549 0.19206488
2 0.6558084 0.900583 0.21411681 0.14194655
2 0.6783725 0.88649327 0.20644724 0.12117505
2 0.70186585 0.864449 0.15969455 0.11983812
2 0.737427 0.88322276 0.13189936 0.077926636
2 0.7639784 0.8744015 0.108276725 0.07499099
2 0.7726666 0.8569617 0.092737675 0.085399985
2 0.79386854 0.8732852 0.088606 0.05313182
2 0.8131367 0.8607999 0.06320417 0.06153643
