2 0.49006465 0.35113347 0.019870698 0.08250499
2 0.39045298 0.40640983 0.15799868 0.09666175
2 0.39472422 0.37229666 0.15980834 0.10541135
2 0.3905537 0.2972019 0.15284163 0.10507922
2 0.45227772 0.26005727 0.09544456 0.10696471
2 0.4505482 0.30635047 0.0989036 0.10378784
2 0.4554244 0.3398186 0.0891512 0.09673488
2 0.45552278 0.37664807 0.08895445 0.09435427
2 0.45047203 0.4000759 0.099055946 0.065694034
2 0.28907248 0.30309147 0.18299675 0.107162714
2 0.14879544 0.33591262 0.102163695 0.11002517
2 0.21031381 0.41708896 0.18375775 0.105104744
2 0.20805746 0.37332183 0.1963905 0.11216116
2 0.16483404 0.45629779 0.089556634 0.08740443
2 0.30115825 0.41883373 0.16379763 0.106040955
2 0.3050529 0.37529996 0.17041129 0.10880029
2 0.21213183 0.45215133 0.17204304 0.09569734
2 0.29923075 0.4440859 0.15870553 0.06780267
2 0.15185067 0.3813639 0.091839194 0.10397196
2 0.20396395 0.336671 0.18378362 0.10322887
2 0.66925466 0.3175383 0.08850932 0.11492342
2 0.7150491 0.30197096 0.18009818 0.14605808
2 0.78280187 0.31210557 0.18439627 0.12578887
2 0.8050026 0.30686727 0.13999474 0.13626546
2 0.36005235 0.68957543 0.2323953 0.20368123
2 0.36139575 0.76380056 0.2297085 0.19740021
2 0.36094293 0.8212511 0.23061413 0.19845712
2 0.3551769 0.8548168 0.2421462 0.14286649
2 0.3556146 0.89218605 0.24127078 0.06812799
2 0.11291179 0.9068619 0.17832357 0.03877616
2 0.1169118 0.8717273 0.18632358 0.10904539
2 0.123583496 0.83393526 0.19966698 0.18462944
2 0.12136462 0.7820851 0.19522923 0.18589497
2 0.11824009 0.72336626 0.18898016 0.19836652
2 0.6436905 0.52903837 0.28738105 0.05807674
2 0.81923914 0.55774385 0.35348272 0.115487695
2 0.8952093 0.55301636 0.20958138 0.10603273
2 0.89226514 0.5442038 0.21546972 0.088407636
2 0.817001 0.53091925 0.32256627 0.061838508
2 0.89050376 0.5233738 0.21899247 0.046747595
2 0.87606823 0.50956064 0.21105862 0.01912129
2 0.6456729 0.5180055 0.29134583 0.03601098
