2 0.040665995 0.3308975 0.08133199 0.15704525
2 0.18046376 0.32692087 0.115226984 0.108674765
2 0.17244262 0.2960616 0.11133509 0.10045056
2 0.16056141 0.2604843 0.10579479 0.1031608
2 0.14594811 0.22760287 0.10447943 0.093933344
2 0.1265679 0.20007505 0.084641814 0.089793175
2 0.16805962 0.09980887 0.07000631 0.108150005
2 0.20943005 0.09764248 0.058624744 0.10797778
2 0.25654265 0.0959913 0.05966586 0.11021656
2 0.34058478 0.21721712 0.10655671 0.093070924
2 0.31686947 0.18649234 0.1025008 0.088983506
2 0.31148642 0.13240536 0.10549235 0.09075543
2 0.31448528 0.08460672 0.10274637 0.08955011
2 0.31448746 0.070067056 0.09822571 0.06779674
2 0.42372155 0.06341978 0.10684538 0.067316934
2 0.416028 0.08852573 0.09924048 0.07847431
2 0.43412808 0.117173225 0.10018462 0.082451135
2 0.42691875 0.17494099 0.12257719 0.09968141
2 0.41276062 0.21029216 0.090994 0.0747588
2 0.5986192 0.26726213 0.17723846 0.28547573
2 0.7866975 0.27032292 0.20096803 0.2793542
2 0.30770412 0.9489634 0.20925045 0.10207319
2 0.08789882 0.9293394 0.17579764 0.13445318
2 0.07994047 0.954275 0.15988094 0.09144986
2 0.47002193 0.9616549 0.059956133 0.057088852
2 0.73911655 0.70528543 0.10536647 0.052274942
2 0.73107386 0.73388577 0.11501777 0.049797893
2 0.7371094 0.7672267 0.11097503 0.055492282
2 0.73550093 0.7990445 0.11100364 0.048174977
2 0.7314867 0.82758784 0.11100364 0.058795214
2 0.73429096 0.8557042 0.110177875 0.055520773
2 0.73468953 0.8838632 0.101352334 0.052274942
2 0.73268235 0.90565455 0.110206366 0.041190982
2 0.7246539 0.91852397 0.10536647 0.015452027
2 0.85937274 0.79216844 0.11100364 0.0554924
2 0.8549315 0.850508 0.10696089 0.051563144
2 0.85776424 0.88105863 0.10778642 0.05469513
2 0.8589742 0.9060674 0.09249818 0.04036534
2 0.8573514 0.7624007 0.110206366 0.055520892
2 0.8629884 0.7068941 0.10052669 0.0554924
2 0.80065393 0.69161874 0.10938084 0.057115316
2 0.8002411 0.7242337 0.11180067 0.057827115
2 0.7930098 0.75113994 0.110206366 0.053897977
2 0.79259694 0.78090763 0.10778642 0.052274942
2 0.79863256 0.81310976 0.110177875 0.055577755
2 0.79179984 0.8400302 0.10938084 0.05469513
2 0.79421973 0.87143505 0.10938084 0.05623269
2 0.7958283 0.89921975 0.11100364 0.05406046
2 0.7922126 0.91530657 0.11180067 0.021886826
2 0.92772865 0.699292 0.104569435 0.051563144
2 0.96262145 0.7660594 0.069757104 0.04820347
2 0.9614115 0.7358646 0.07217705 0.052274942
2 0.92089593 0.78214616 0.10052669 0.05298686
2 0.91807735 0.7507413 0.10297513 0.05469513
2 0.9261201 0.90163994 0.10619211 0.049220204
2 0.91767883 0.91571945 0.10536647 0.021061063
2 0.9638172 0.79255277 0.06736565 0.04504299
2 0.922903 0.81548715 0.101352334 0.052303553
2 0.9622086 0.8528997 0.07058275 0.04826045
2 0.9646286 0.7113358 0.06574285 0.04826045
