2 0.765095 0.63282114 0.08373809 0.122303724
2 0.76613754 0.5551245 0.10260618 0.11832288
2 0.7499854 0.6604189 0.10217118 0.12873173
2 0.6673485 0.51285046 0.106862664 0.12749067
2 0.7099069 0.48467022 0.10333657 0.11652005
2 0.62383896 0.18490319 0.14612961 0.06922895
2 0.59257853 0.22259285 0.14664984 0.09315947
2 0.51922166 0.20425053 0.15544176 0.10011086
2 0.5772966 0.37462443 0.079942346 0.10940361
2 0.48918718 0.31800172 0.13116133 0.11380988
2 0.4268371 0.30766726 0.15006873 0.09650427
2 0.5066423 0.3903946 0.13860276 0.07773441
2 0.781598 0.3490652 0.121109605 0.098100245
2 0.37084892 0.1509997 0.14569527 0.072980344
2 0.5339832 0.1756316 0.13917112 0.074914694
2 0.4378137 0.1644633 0.14285171 0.08018771
