2 0.20079644 0.34376445 0.16814777 0.05493486
2 0.117269754 0.2842159 0.03637182 0.062038958
2 0.11817371 0.2638055 0.046683416 0.06455916
2 0.12111672 0.24182317 0.05473344 0.07022326
2 0.12392796 0.22091481 0.060355917 0.06971848
2 0.12477384 0.1998412 0.062047675 0.07559019
2 0.12920815 0.17865857 0.070916295 0.07158363
2 0.13110438 0.15914482 0.07470876 0.06828964
2 0.2628121 0.1464191 0.17765182 0.042838186
2 0.26096568 0.16064596 0.17815895 0.07129192
2 0.25056347 0.17542563 0.17949122 0.08438727
2 0.24398561 0.2003235 0.1812608 0.08854574
2 0.23655674 0.22118592 0.18542147 0.087234065
2 0.2312479 0.24537209 0.17787482 0.08512668
2 0.22516307 0.26809993 0.17244224 0.08040708
2 0.22147888 0.2910067 0.17123641 0.08315486
2 0.21673097 0.31563142 0.17215809 0.083292425
2 0.20939603 0.3346852 0.16745822 0.06947088
2 0.94304943 0.31096777 0.08390117 0.21553785
2 0.2710187 0.7001978 0.45796257 0.40039566
2 0.3141737 0.63782746 0.3716526 0.2756549
2 0.25718468 0.76386034 0.48563063 0.45920336
2 0.085218474 0.9686091 0.17043695 0.06278181
2 0.26673377 0.90228295 0.46653247 0.1954341
2 0.26354218 0.9497334 0.47291565 0.10053325
2 0.8799887 0.5684028 0.24002266 0.13680565
2 0.8397763 0.57033616 0.32044744 0.14067233
2 0.8564694 0.580862 0.2870612 0.161724
2 0.9015868 0.60358894 0.19682646 0.19131052
2 0.8704629 0.6428733 0.2590742 0.19118226
2 0.89841175 0.6854521 0.2031765 0.1595869
2 0.9103636 0.80053854 0.17927277 0.13232362
2 0.90378726 0.77766824 0.19242549 0.1462177
2 0.8912915 0.7561537 0.217417 0.147928
2 0.9412675 0.7277526 0.11746502 0.14765334
