2 0.075439416 0.11047512 0.04901822 0.035950243
2 0.0371453 0.19272786 0.045719743 0.08948183
2 0.053088997 0.18029045 0.054237552 0.078052014
2 0.057922468 0.19873713 0.061387923 0.09231958
2 0.101657405 0.17000905 0.063747846 0.08784664
2 0.16956188 0.17551064 0.06184572 0.07748008
2 0.19101785 0.13220362 0.059372276 0.073079795
2 0.17699367 0.19543058 0.05983439 0.07926029
2 0.24724907 0.12940855 0.061606422 0.073817104
2 0.23058966 0.11562918 0.055229664 0.04625836
2 0.12923224 0.10731492 0.05540713 0.029629841
2 0.7913036 0.33814287 0.055107117 0.122642875
2 0.75175 0.3461607 0.10221434 0.20439285
2 0.69619644 0.3313393 0.12796426 0.24232139
2 0.6406786 0.31223214 0.17328572 0.2805357
2 0.6025536 0.30467856 0.12510717 0.29564285
2 0.5723393 0.29046428 0.06467855 0.3240714
2 0.33068275 0.9431186 0.073153555 0.10674369
2 0.31366712 0.9428493 0.09968275 0.10613179
2 0.29777554 0.95666915 0.10733451 0.07538009
2 0.6775502 0.651548 0.077712655 0.04721546
2 0.71656865 0.65004015 0.082419515 0.0500803
2 0.6579092 0.7382603 0.044417858 0.059865832
2 0.710938 0.7166588 0.07057369 0.0599792
2 0.7431655 0.717991 0.079565406 0.04899907
2 0.6895325 0.7551291 0.07308674 0.038620472
2 0.7984867 0.63978463 0.07676244 0.029569268
2 0.71459484 0.6377287 0.073518276 0.025457382
2 0.7634527 0.640813 0.075571656 0.031625867
