2 0.043875434 0.41542485 0.08775087 0.08557874
2 0.047532402 0.34354606 0.095064804 0.08011794
2 0.05391473 0.30630457 0.10782946 0.084165275
2 0.05390957 0.26843438 0.10781914 0.07793683
2 0.0630386 0.224178 0.1260772 0.08576152
2 0.06176651 0.1916011 0.12353302 0.07974684
2 0.038423568 0.45098758 0.076847136 0.0854187
2 0.0143057415 0.3129336 0.028611483 0.07664585
2 0.01979093 0.27641806 0.03958186 0.079409495
2 0.021551177 0.23863682 0.043102354 0.07423693
2 0.026125524 0.20074655 0.05225105 0.07569268
2 0.43279943 0.2393539 0.13440114 0.08849299
2 0.35730988 0.21130547 0.14475662 0.07856281
2 0.4222554 0.4849541 0.13062942 0.030091822
2 0.29423955 0.4682883 0.1415571 0.063423395
2 0.14958407 0.4645651 0.13408658 0.0708698
2 0.14217737 0.48147383 0.13674861 0.037052333
2 0.46014053 0.30296963 0.07971895 0.077819586
2 0.45001566 0.3842255 0.09996867 0.07754004
2 0.441685 0.4541448 0.11663002 0.071161985
2 0.4339863 0.47882977 0.114684284 0.042340457
2 0.37304783 0.4603549 0.13822842 0.07929021
2 0.22747205 0.4515531 0.13402984 0.08008313
2 0.08566001 0.4378796 0.13629192 0.08154851
2 0.07392192 0.4667403 0.13886184 0.06651938
2 0.41952753 0.31552136 0.14546847 0.08129752
2 0.27054587 0.30265984 0.14825588 0.08096641
2 0.1253214 0.28810716 0.14666659 0.08383332
2 0.27177083 0.2610296 0.14231557 0.079037055
2 0.122751325 0.25084883 0.146178 0.0846404
2 0.13483618 0.20772615 0.15084675 0.08814378
2 0.28554386 0.22312424 0.14683455 0.08141631
2 0.25107512 0.34022677 0.14140713 0.08201736
2 0.3982824 0.3885429 0.12965214 0.077332854
2 0.39234158 0.42779037 0.14162552 0.08293378
2 0.32328865 0.4060737 0.13101602 0.08110964
2 0.24704573 0.37723386 0.13522905 0.07919711
2 0.26442742 0.41643193 0.17036492 0.08502066
2 0.15738836 0.43473962 0.12889993 0.071421206
2 0.09707597 0.39747423 0.13797545 0.08093256
2 0.17292452 0.35985112 0.13610727 0.07608676
2 0.46982408 0.2553523 0.06035185 0.0865839
2 0.35016027 0.2632276 0.1465379 0.08082725
2 0.2917249 0.48912108 0.12441732 0.021757841
2 0.22344811 0.4902453 0.13728234 0.019509375
2 0.6002533 0.39462787 0.048006535 0.06818217
2 0.6391492 0.3422956 0.12579846 0.18644701
2 0.8054419 0.29148525 0.17838049 0.17669974
2 0.7871605 0.39150336 0.14053059 0.10449326
2 0.79062706 0.3501293 0.15496457 0.1418137
2 0.86101604 0.39632252 0.059566975 0.09485501
2 0.80707645 0.41026342 0.15144432 0.06697315
2 0.795815 0.38879678 0.16329741 0.109906435
2 0.10058279 0.6974688 0.088606454 0.39493763
2 0.15501067 0.6763898 0.17977533 0.35277963
2 0.22947858 0.69868934 0.23370054 0.3973787
2 0.95486057 0.7261833 0.06527889 0.23911119
2 0.910025 0.7010217 0.15495002 0.21704328
2 0.8750211 0.68214166 0.21080899 0.17928338
2 0.62925386 0.78437 0.23350775 0.16362667
2 0.6143205 0.72538334 0.20364106 0.16519105
2 0.60959166 0.670355 0.19418335 0.15570998
2 0.597005 0.6459639 0.16900992 0.10692775
