2 0.29793537 0.32253465 0.43124917 0.50191706
2 0.30645227 0.4262944 0.45073938 0.47379526
2 0.66451997 0.057556305 0.35576382 0.11511261
2 0.70323104 0.09342282 0.37337792 0.18684565
2 0.71221876 0.11621689 0.3615917 0.23243378
2 0.71356064 0.14572026 0.35933375 0.29144052
2 0.7265788 0.14602461 0.33177197 0.27726048
2 0.7241973 0.22770134 0.34791934 0.30508596
2 0.31138375 0.4860145 0.4623478 0.48182786
2 0.31870183 0.56634086 0.47944194 0.50069
2 0.29616457 0.61410505 0.43537655 0.47886372
2 0.27991268 0.6697919 0.4047634 0.50556576
2 0.28925896 0.7505797 0.42522168 0.47295022
