2 0.03502598 0.22156528 0.045051962 0.09692283
2 0.08461376 0.18892582 0.14422752 0.08845827
2 0.14192227 0.18837084 0.1739617 0.12322587
2 0.13110265 0.16276322 0.15735114 0.06696728
2 0.30989248 0.13015111 0.15971524 0.07530221
2 0.25800598 0.14886144 0.18372464 0.110710055
2 0.32730454 0.15930066 0.18495268 0.13360131
2 0.40584877 0.12741914 0.0916903 0.06983829
2 0.5327938 0.32899895 0.06558764 0.23249666
2 0.5331795 0.40609375 0.06635904 0.1878125
2 0.5338732 0.43790665 0.0677464 0.124186695
2 0.53859246 0.46802026 0.077184945 0.06395948
2 0.76611745 0.48553765 0.33884156 0.028924704
2 0.77633333 0.4391386 0.3881817 0.12172282
2 0.792225 0.39085662 0.4145906 0.21828675
2 0.7947746 0.318827 0.41045082 0.362346
2 0.1775502 0.651548 0.077712625 0.04721546
2 0.21656865 0.65004015 0.082419515 0.0500803
2 0.15790923 0.7382603 0.044417888 0.059865832
2 0.210938 0.7166588 0.07057372 0.0599792
2 0.24316552 0.717991 0.079565465 0.04899907
2 0.18953255 0.7551291 0.07308677 0.038620472
2 0.29848674 0.63978463 0.0767625 0.029569268
2 0.21459483 0.6377287 0.073518306 0.025457382
2 0.2634527 0.640813 0.07557161 0.031625867
2 0.8459885 0.7561697 0.30802298 0.27726948
2 0.8509966 0.72706515 0.29800677 0.22945571
2 0.85571903 0.695927 0.28856194 0.17869282
