2 0.014177685 0.07444704 0.02835537 0.14889409
2 0.2556298 0.13557649 0.48874038 0.27115297
2 0.28262195 0.08638735 0.4347561 0.1727747
2 0.29723227 0.023248134 0.40553546 0.04649627
2 0.7166878 0.27088112 0.16124439 0.0632533
2 0.80783445 0.2987922 0.15751112 0.07441777
2 0.92945945 0.29568112 0.04108119 0.073173344
2 0.88419724 0.27895224 0.1316055 0.06943999
2 0.5750389 0.25475666 0.052577734 0.07068443
2 0.57752776 0.19833 0.057555556 0.057031155
2 0.7191589 0.19274777 0.16369772 0.060799986
2 0.8097011 0.22933443 0.15875554 0.06947556
2 0.58620334 0.13196558 0.07490671 0.06325331
2 0.64349663 0.12330778 0.14634669 0.050844483
2 0.72163 0.13754776 0.15626669 0.057066627
2 0.72287446 0.16608113 0.15626669 0.057031155
2 0.9307039 0.26345 0.03859222 0.0632533
2 0.927095 0.1510411 0.045809984 0.05169773
2 0.92508614 0.17422336 0.049827814 0.06101331
2 0.88560164 0.21441887 0.1287967 0.058133304
2 0.8151589 0.1892989 0.1556623 0.052408874
2 0.5862922 0.17637447 0.07508445 0.05528888
2 0.6381811 0.18677443 0.15072 0.053120047
2 0.14744277 0.6321223 0.115400344 0.23421383
2 0.12954655 0.61178696 0.14616579 0.22357392
2 0.05971411 0.5620157 0.08182007 0.124031425
2 0.068939924 0.6067518 0.088095605 0.2135036
2 0.073070124 0.73170847 0.1190417 0.085727334
2 0.78535223 0.9091196 0.08971286 0.15023398
2 0.7307705 0.87140584 0.15452468 0.22339034
2 0.6582055 0.85328215 0.18256795 0.2536416
2 0.6074861 0.83152604 0.19505215 0.2925986
2 0.5655957 0.81566894 0.11316216 0.3158288
2 0.5259854 0.8071462 0.034837246 0.32480633
