2 0.2408113 0.12762836 0.1547158 0.06334683
2 0.25288793 0.15752251 0.17302704 0.06399858
2 0.24439727 0.19350572 0.17501727 0.07305667
2 0.24741846 0.230948 0.18087958 0.067532614
2 0.25486195 0.2676526 0.18803889 0.084059
2 0.250729 0.30556992 0.19371493 0.08346367
2 0.25106242 0.34666073 0.18476397 0.08228135
2 0.25517845 0.392563 0.20910406 0.092265606
2 0.27090642 0.4180243 0.1996957 0.059844077
2 0.0771703 0.2144771 0.12865135 0.07533309
2 0.0694036 0.29299307 0.1388072 0.078846574
2 0.06545265 0.3393872 0.1309053 0.08880192
2 0.054824933 0.3901989 0.10964987 0.09040159
2 0.066291064 0.42567 0.13258213 0.048773408
2 0.08405058 0.17868035 0.12603015 0.071496814
2 0.08576468 0.11768128 0.10196558 0.06382632
2 0.14899331 0.10719455 0.16674256 0.06884386
2 0.14632495 0.14025581 0.17709905 0.07303342
2 0.15556575 0.17002112 0.17880473 0.07115319
2 0.15356782 0.20437221 0.18124077 0.07210654
2 0.13930933 0.2440235 0.194702 0.08033335
2 0.14847659 0.28053698 0.19903582 0.08234066
2 0.14000487 0.3258314 0.20876324 0.08916497
2 0.13246983 0.37285787 0.22201085 0.09755814
2 0.1375356 0.41289642 0.22785383 0.073195815
2 0.9307996 0.09302537 0.1069355 0.18605074
2 0.8237807 0.039794277 0.32097316 0.079588555
2 0.8756068 0.22790831 0.20976663 0.25765413
2 0.775843 0.11255594 0.36244357 0.22511189
2 0.8252225 0.3769841 0.29360068 0.24603182
2 0.68268985 0.19192299 0.30040586 0.33564836
2 0.91375184 0.43412143 0.07490754 0.13175714
2 0.7181637 0.4342152 0.27823424 0.13156962
2 0.67585677 0.4569291 0.18262875 0.086141825
2 0.4434399 0.85349584 0.1131202 0.12110984
2 0.25870666 0.8948667 0.15141088 0.10339439
2 0.87338346 0.82153547 0.10536647 0.052274942
2 0.88070863 0.8501358 0.11358273 0.049797893
2 0.8753906 0.87474024 0.11097503 0.03801942
2 0.75514853 0.8723202 0.110206366 0.042859793
2 0.7495116 0.8231441 0.10052669 0.0554924
2 0.8118461 0.8078687 0.10938084 0.057115316
2 0.8122589 0.84048367 0.11180067 0.057827115
2 0.8194902 0.8670955 0.110206366 0.053309083
2 0.819903 0.8823851 0.10778642 0.022729874
2 0.68477136 0.815542 0.104569435 0.051563144
2 0.5926677 0.8183323 0.060335398 0.053897858
2 0.63570374 0.8759788 0.09810674 0.03554237
2 0.6361023 0.85211456 0.10214949 0.052274942
2 0.6916041 0.8828264 0.10052669 0.021847248
2 0.6944226 0.86669683 0.10297513 0.054106236
2 0.5915147 0.8472743 0.058029413 0.052274942
2 0.6340952 0.8275858 0.093295336 0.04826045
