2 0.14876929 0.28846738 0.29753858 0.23778147
2 0.15820798 0.24029914 0.31641597 0.2171913
2 0.3347469 0.39056167 0.23850107 0.09858203
2 0.36198857 0.37064806 0.25765783 0.13520634
2 0.36937222 0.35903928 0.2547496 0.15682137
2 0.37526938 0.3347648 0.24946123 0.16406506
2 0.38516408 0.3280294 0.22967184 0.14619231
2 0.38605297 0.28890157 0.22789407 0.15587653
2 0.16455 0.21325359 0.3276744 0.21577752
2 0.1838277 0.17758992 0.32314003 0.21744597
2 0.16597332 0.16653563 0.30757192 0.19181976
2 0.15403044 0.15888919 0.29270732 0.17306587
2 0.17505154 0.13544227 0.26679903 0.12761307
2 0.5901178 0.36879885 0.035089612 0.13668984
2 0.13369642 0.86064285 0.055107117 0.122642875
2 0.17325002 0.8686607 0.10221434 0.20439291
2 0.22880355 0.8594643 0.12796432 0.2535714
2 0.28432143 0.8403572 0.17328566 0.29178572
2 0.34876788 0.8328036 0.17774999 0.30689287
2 0.3851607 0.8185893 0.12967855 0.33532143
2 0.8303554 0.6161777 0.3392892 0.23235539
2 0.8354374 0.5766194 0.32912517 0.1532388
2 0.84146905 0.55709463 0.3170619 0.1141893
2 0.8484893 0.53232765 0.30302143 0.064655304
2 0.83887494 0.51851255 0.32225013 0.037025124
