2 0.16744599 0.178182 0.17844802 0.05285597
2 0.38948798 0.197384 0.17980403 0.06505203
2 0.40071797 0.17705399 0.17606401 0.048791975
2 0.92466533 0.1352405 0.15066934 0.270481
2 0.9306272 0.08984252 0.13874555 0.17968504
2 0.631818 0.16862917 0.263636 0.33725834
2 0.86298954 0.25 0.2740208 0.5
2 0.8776432 0.21535152 0.24471354 0.43070304
2 0.85396373 0.32659316 0.29207242 0.34681368
2 0.8486515 0.42550492 0.30269694 0.14899015
2 0.58392364 0.26217875 0.16784728 0.2596329
2 0.593366 0.2889089 0.18673205 0.25838685
2 0.58247733 0.35237497 0.16495469 0.20216846
2 0.576461 0.4063225 0.15292203 0.1785447
2 0.56632376 0.4517873 0.13264751 0.096425414
2 0.46267858 0.73458856 0.07464284 0.15416586
2 0.39195946 0.75065655 0.21608108 0.19966388
2 0.39447853 0.70120007 0.21104294 0.19076073
2 0.4121641 0.6255555 0.17567182 0.19009781
2 0.3743184 0.86522216 0.25136322 0.22768092
2 0.23033857 0.8340652 0.36527312 0.26576757
2 0.24442682 0.7710401 0.34359056 0.24281919
2 0.24617743 0.70456004 0.32240915 0.20836794
2 0.27369356 0.6084321 0.30793393 0.18883073
2 0.12718849 0.84959555 0.25437698 0.2904142
2 0.13499595 0.7867809 0.2699919 0.2502395
2 0.1406975 0.59303886 0.281395 0.18152225
2 0.13935757 0.6173767 0.27871513 0.23019779
2 0.13822196 0.6706666 0.27644393 0.24034333
2 0.13510975 0.72958505 0.2702195 0.25577927
2 0.83724004 0.5744353 0.11673653 0.09387922
2 0.82576394 0.8280674 0.14173245 0.14068282
2 0.7442255 0.7653587 0.30453515 0.19177449
2 0.6173422 0.7472319 0.062184334 0.18043411
2 0.63275015 0.6907195 0.09300029 0.17552364
2 0.73913234 0.6914818 0.29484737 0.17915952
2 0.8240802 0.7081029 0.14428568 0.15987933
2 0.8231409 0.7623794 0.14661694 0.17404425
2 0.75462997 0.61970276 0.2826531 0.19213283
2 0.64470315 0.6292037 0.116906285 0.17785382
2 0.6718172 0.5990735 0.17113435 0.15428758
2 0.6550283 0.5527726 0.13755655 0.06168568
2 0.76758605 0.5490826 0.2556944 0.049660087
2 0.8300969 0.60054946 0.1314106 0.14678276
2 0.83932185 0.6438689 0.1133703 0.17120957
2 0.622004 0.870029 0.07150805 0.052017927
