2 0.120352924 0.19546914 0.22070587 0.19738871
2 0.22856133 0.13417017 0.33399406 0.09084034
2 0.23881215 0.17271617 0.36962795 0.16793233
2 0.2334916 0.21449146 0.4352454 0.2514829
2 0.10160234 0.26860306 0.18320467 0.25101525
2 0.07329795 0.30463213 0.12659588 0.18206066
2 0.039369248 0.34710902 0.0587385 0.098685026
2 0.8292103 0.35352474 0.34157932 0.23138732
2 0.8425297 0.38656846 0.31494057 0.15581787
2 0.47896048 0.7675451 0.04207903 0.094944
2 0.477494 0.7087706 0.045011997 0.0945431
2 0.4670627 0.7912619 0.06587458 0.09775019
2 0.41658688 0.69820607 0.10504717 0.10144544
2 0.45314002 0.66700214 0.09371996 0.094890475
2 0.33850116 0.6119266 0.07792103 0.0905993
2 0.25787637 0.5957545 0.11890066 0.0800823
2 0.20236774 0.5989851 0.13421568 0.07267225
2 0.27338955 0.6409627 0.1268959 0.06340432
2 0.4872161 0.54970586 0.02556783 0.068746686
2 0.87884235 0.8989713 0.08981526 0.07521248
2 0.7112479 0.9199236 0.1026541 0.04765284
2 0.6252499 0.90730965 0.071605325 0.072880745
