2 0.47012 0.38971332 0.3447733 0.17357332
2 0.46059996 0.49551332 0.32573333 0.16645339
2 0.58661336 0.53355336 0.31621346 0.15693343
2 0.57948005 0.63342005 0.30194664 0.13789332
2 0.4439733 0.69048667 0.31146657 0.13314664
2 0.2672733 0.7309133 0.1845466 0.13314664
2 0.43563998 0.60726 0.33288 0.15693343
2 0.7990767 0.68215334 0.04684663 0.14026666
2 0.74319667 0.5656467 0.15860677 0.15930673
2 0.28748667 0.32432663 0.22497334 0.14264
2 0.21735333 0.39327335 0.084706634 0.14741337
2 0.28629997 0.4360733 0.22259992 0.14741322
2 0.21021998 0.50740665 0.070439965 0.1759466
2 0.20070003 0.5965666 0.051400036 0.14503992
2 0.21259335 0.68454003 0.075186685 0.1307466
2 0.5961333 0.43846 0.30671993 0.16168001
2 0.20664667 0.8438466 0.06329331 0.116506815
2 0.27322 0.79035336 0.19643998 0.13314664
2 0.5521333 0.78796667 0.26629332 0.10938668
2 0.79669 0.6785933 0.051620007 0.14263988
2 0.72061 0.86762005 0.20377994 0.14026666
2 0.72416997 0.7665667 0.19666004 0.15218663
2 0.56641334 0.7201933 0.30909333 0.14503992
2 0.42018664 0.87118 0.3019733 0.13314664
2 0.5354933 0.9224767 0.29482666 0.05504656
2 0.71585 0.90465 0.21329999 0.09070003
2 0.2973933 0.21820669 0.24478662 0.1874133
2 0.21694002 0.30579332 0.08388002 0.16701335
2 0.48089328 0.29154 0.34221345 0.17925328
2 0.6234667 0.23144668 0.3503467 0.18535995
2 0.61039996 0.3433533 0.33525336 0.18069321
2 0.7467567 0.39803332 0.15148664 0.17592001
2 0.75746334 0.27083334 0.13007331 0.19736004
2 0.80145 0.49670005 0.042099953 0.14978659
