2 0.25321943 0.39129823 0.48643887 0.41759646
2 0.26503798 0.34777668 0.510076 0.33055335
2 0.2095813 0.23334971 0.39916262 0.10169941
2 0.7401545 0.21064247 0.309417 0.056284934
2 0.7929244 0.41511565 0.28127193 0.27911818
2 0.27403688 0.64940745 0.5280738 0.3361851
2 0.26776016 0.615776 0.51552033 0.38848186
2 0.26363128 0.7017863 0.5072626 0.23142743
2 0.24940723 0.76690316 0.47881448 0.10119367
2 0.828518 0.54313886 0.24149525 0.27416205
2 0.8185129 0.5952664 0.2774248 0.31018043
2 0.8243533 0.6523844 0.2713411 0.24295974
2 0.8284387 0.6941149 0.26317024 0.1599586
