2 0.16925468 0.3175383 0.08850935 0.11492342
2 0.2150491 0.30197096 0.1800982 0.14605808
2 0.28280187 0.31210557 0.18439627 0.12578887
2 0.30500263 0.30686727 0.13999474 0.13626546
2 0.58144844 0.17862609 0.13745797 0.117323816
2 0.76232326 0.18128349 0.13759625 0.11666957
2 0.96173555 0.17522201 0.07652891 0.12551963
2 0.04947528 0.80718035 0.051450558 0.07282317
2 0.09323971 0.7692217 0.1389794 0.10511613
2 0.26468945 0.7309459 0.17308687 0.11099172
2 0.41169038 0.6884632 0.11351824 0.08734131
2 0.17846228 0.76823163 0.17893466 0.10882664
2 0.3666141 0.72216856 0.16128415 0.102282286
2 0.05853322 0.88306266 0.05606608 0.07131243
2 0.09916176 0.836774 0.14546314 0.10088444
2 0.061185274 0.9007734 0.055691294 0.05095315
2 0.4261004 0.86035705 0.10029918 0.09312153
2 0.4244367 0.82765615 0.10362661 0.09308672
2 0.42034802 0.7658666 0.11180395 0.08219218
2 0.41683596 0.72012645 0.11464548 0.086423874
2 0.26478526 0.76317215 0.16087711 0.09862673
2 0.2588796 0.87705094 0.14006948 0.08265412
2 0.35934818 0.8482181 0.15303993 0.092556834
2 0.25975516 0.8536471 0.15543588 0.095195055
2 0.36794817 0.8275095 0.1566534 0.09345186
2 0.3721322 0.7995641 0.16294295 0.09288323
2 0.1821459 0.8319231 0.16669428 0.09513283
2 0.1051092 0.8754146 0.14769754 0.085149646
2 0.95486057 0.7261833 0.06527889 0.23911119
2 0.910025 0.7010217 0.15495002 0.21704328
2 0.8750211 0.68214166 0.21080899 0.17928338
2 0.62925386 0.78437 0.23350775 0.16362667
2 0.6143205 0.72538334 0.20364106 0.16519105
2 0.60959166 0.670355 0.19418335 0.15570998
2 0.597005 0.6459639 0.16900992 0.10692775
