2 0.3812468 0.1753971 0.0809778 0.12231222
2 0.235872 0.2956897 0.08371444 0.13089663
2 0.18626374 0.33354735 0.13843288 0.22557312
2 0.08142945 0.35611045 0.15385467 0.26780093
2 0.5446378 0.35861593 0.07164514 0.24218917
2 0.6017035 0.33163115 0.18577647 0.29615873
2 0.6497429 0.31185946 0.28185534 0.33570206
2 0.7630298 0.29127973 0.32906878 0.3561287
2 0.26308927 0.75067854 0.079964265 0.055428505
2 0.30948213 0.70375 0.17275 0.119428515
2 0.33194643 0.6589643 0.25610715 0.18342853
2 0.33941072 0.622875 0.24117857 0.15324998
2 0.25 0.5903393 0.41999996 0.088178515
2 0.6571518 0.6932417 0.31430364 0.33740568
2 0.57950836 0.6013049 0.15901676 0.20260978
2 0.6667341 0.7577343 0.3334682 0.32124412
2 0.66509104 0.8138211 0.33018208 0.28980088
2 0.66501343 0.8563164 0.28973365 0.22956216
2 0.6529404 0.8958732 0.2022562 0.14973879
2 0.5995531 0.85663056 0.17754388 0.21348572
2 0.58644855 0.7310235 0.1728971 0.1637088
2 0.5896856 0.77674675 0.17937124 0.18616056
2 0.5882337 0.8037894 0.17646745 0.21501493
