2 0.87735575 0.97755927 0.24528849 0.044881463
2 0.8812388 0.9305558 0.23752236 0.13888836
2 0.64109457 0.30216348 0.35085437 0.19355834
2 0.9093321 0.7866201 0.1813358 0.42675984
2 0.81493104 0.5987771 0.37013793 0.30610585
2 0.36521852 0.22733614 0.2562127 0.16823621
2 0.1940503 0.23276794 0.16766474 0.16416353
2 0.25985673 0.33615857 0.22651374 0.19594346
2 0.26760012 0.304554 0.21972336 0.17932892
2 0.15298463 0.38211554 0.30596927 0.31773415
2 0.21894255 0.3288527 0.2266529 0.18070179
2 0.3685937 0.15898408 0.26135218 0.16458467
2 0.39654613 0.81438774 0.31693026 0.37122452
2 0.6254737 0.8060956 0.5094849 0.3878088
2 0.61883134 0.8017827 0.46047246 0.39643455
2 0.66685575 0.76974684 0.48211718 0.44165492
2 0.42907286 0.6447342 0.35863268 0.34203243
2 0.6815836 0.5483904 0.45724177 0.33403683
2 0.5041569 0.40621477 0.34454834 0.229033
2 0.64129925 0.20105541 0.35818908 0.18503612
2 0.9096941 0.5582571 0.18061185 0.2994374
2 0.68244296 0.35719317 0.41744247 0.23539406
2 0.79105604 0.8115669 0.41788793 0.37686622
2 0.46046093 0.55948037 0.3378952 0.29401112
2 0.6263376 0.14974988 0.31837928 0.15894598
2 0.800931 0.2859522 0.39813805 0.21150249
