2 0.19635846 0.008785491 0.3927169 0.017570982
2 0.21057802 0.0753819 0.42115605 0.1507638
2 0.2146255 0.13376872 0.429251 0.26753744
2 0.46696484 0.14061458 0.06607032 0.28122917
2 0.46592122 0.07446246 0.06815755 0.14892492
2 0.4593047 0.01678118 0.08139062 0.03356236
2 0.7838036 0.10346429 0.055107117 0.11442858
2 0.74425 0.11989286 0.10221434 0.14728571
2 0.68869644 0.1367857 0.12796426 0.1810714
2 0.6331786 0.15589285 0.17328572 0.21928571
2 0.5881786 0.16344643 0.13885713 0.23439287
2 0.55796427 0.1776607 0.078428626 0.26282144
2 0.31169528 0.5147494 0.09119958 0.029498845
2 0.46864977 0.514603 0.06270045 0.029206038
2 0.4206288 0.5582992 0.090743005 0.1165984
2 0.47346276 0.71888554 0.05307448 0.137056
2 0.42755306 0.6678656 0.07817578 0.12870383
2 0.44951066 0.8184296 0.08098 0.13056278
2 0.41889364 0.80221146 0.08445948 0.11050606
2 0.40015325 0.8282373 0.09191841 0.12884474
2 0.3381851 0.789237 0.09149194 0.12015593
2 0.22667512 0.79906976 0.07936877 0.09913838
2 0.21284309 0.74495447 0.07567257 0.09627652
2 0.20714714 0.82450837 0.073388904 0.099066615
2 0.1346337 0.7425234 0.07073471 0.09892452
2 0.16424985 0.71107364 0.071940124 0.09445381
2 0.33073056 0.66929066 0.088344336 0.11985457
2 0.08216982 0.5340769 0.0999717 0.06815389
2 0.063102394 0.5676235 0.09539613 0.087527156
2 0.030544143 0.5800026 0.061088286 0.08984661
2 0.06205755 0.6750504 0.047175728 0.08366597
2 0.020059569 0.66307557 0.040119138 0.08917391
2 0.030186724 0.70498866 0.060373448 0.063599944
2 0.21157083 0.58987725 0.0936352 0.09363341
2 0.032339677 0.55258954 0.064679354 0.080682755
2 0.74852 0.7510585 0.18809998 0.20476806
2 0.753775 0.7053846 0.18601 0.1806072
2 0.900065 0.90632 0.102370024 0.14986002
2 0.90637 0.8739164 0.089759946 0.15645635
2 0.909525 0.84818673 0.08344996 0.14910209
2 0.91005 0.81878996 0.082399964 0.14490545
2 0.915305 0.8124849 0.07189 0.12809873
2 0.911625 0.7736307 0.07924998 0.1344037
2 0.758505 0.6807041 0.18075001 0.1774497
2 0.764285 0.64867944 0.17549002 0.17641044
2 0.7501 0.630304 0.17024004 0.16485965
2 0.74064 0.6103498 0.16393995 0.17115474
2 0.75062 0.58686477 0.15447998 0.13622952
