2 0.9096336 0.9655038 0.18073285 0.06899238
2 0.9025155 0.95292515 0.19264245 0.09414971
2 0.66101444 0.19957277 0.2506138 0.20209593
2 0.336909 0.23000644 0.18909228 0.17114165
2 0.27004737 0.51246583 0.16499919 0.22351912
2 0.76375854 0.9659456 0.1658864 0.0681088
2 0.9693447 0.88487047 0.06131065 0.12623036
2 0.9755894 0.5564858 0.04882121 0.157356
2 0.9651595 0.5054842 0.06968105 0.14003313
2 0.89166516 0.398315 0.16542995 0.24616888
2 0.91455615 0.74316007 0.17088771 0.1327548
2 0.8577701 0.7898446 0.18513393 0.13241243
2 0.83362997 0.8247906 0.16261566 0.11549783
2 0.8060756 0.8645753 0.17251313 0.122428894
2 0.69596666 0.82145876 0.159379 0.15373921
2 0.6721926 0.71423537 0.21311903 0.118945956
2 0.63007027 0.6741329 0.21935141 0.13076103
2 0.8355752 0.5949436 0.19476247 0.13312519
2 0.60507756 0.4901499 0.23283637 0.14134008
2 0.39229655 0.60421944 0.20517153 0.15114248
2 0.37583554 0.48497307 0.1624403 0.23227909
2 0.3338957 0.48993355 0.1591981 0.21931282
2 0.64919156 0.36613342 0.25323927 0.18290573
2 0.6386931 0.26210672 0.24896574 0.18969446
2 0.59986454 0.94793534 0.13609123 0.104129314
2 0.48504347 0.968664 0.12926924 0.06267202
2 0.2434617 0.9767104 0.20512962 0.04657924
2 0.2258468 0.9584903 0.19618599 0.083019376
2 0.36615393 0.8340176 0.18195325 0.12619412
2 0.32526547 0.80932605 0.18236256 0.13522959
2 0.15831082 0.83610445 0.23785475 0.1169759
2 0.09745798 0.8845748 0.16323356 0.1056056
2 0.04993595 0.77599406 0.0998719 0.15354693
2 0.19530892 0.7096937 0.15179907 0.17398441
2 0.15426734 0.4975065 0.1723035 0.20068964
2 0.08631836 0.31554043 0.17263672 0.22939342
2 0.040293712 0.44645524 0.080587424 0.16861546
2 0.059722368 0.59297436 0.119444735 0.14120388
