2 0.063025884 0.38896927 0.08578783 0.061500847
2 0.11295928 0.43198645 0.1834108 0.12730467
2 0.15814544 0.43689743 0.3107454 0.12148535
2 0.21245721 0.461959 0.38162965 0.070471525
2 0.8303554 0.1161777 0.3392892 0.2323554
2 0.8354374 0.07661941 0.32912517 0.15323882
2 0.84146905 0.057094656 0.3170619 0.11418931
2 0.8484893 0.032327667 0.30302143 0.064655334
2 0.83887494 0.018512566 0.32225013 0.03702513
2 0.083579585 0.90663457 0.15992957 0.075445056
2 0.07752113 0.8763852 0.15504226 0.08658159
2 0.07072876 0.80923027 0.14145751 0.08023095
2 0.029873488 0.7864055 0.059746977 0.07317603
2 0.03417077 0.8250611 0.06834154 0.07638526
2 0.03167959 0.85676944 0.06335918 0.0721519
2 0.03477031 0.8931323 0.06628156 0.07181203
2 0.15447858 0.80897206 0.15783232 0.07772195
2 0.31910098 0.82926524 0.17315422 0.08522546
2 0.4563887 0.8946121 0.087222576 0.09184861
2 0.41594714 0.933831 0.16810572 0.092703104
2 0.24325894 0.901297 0.15933129 0.080965996
2 0.23374194 0.8622386 0.16418849 0.08382797
2 0.46638525 0.96409917 0.06722951 0.07180166
2 0.33717337 0.93772966 0.16433394 0.08389032
2 0.16709149 0.91212267 0.15737039 0.08688879
2 0.15471022 0.871556 0.15867367 0.08611679
2 0.37752187 0.9633863 0.20101827 0.048784018
2 0.2507513 0.9319215 0.15222412 0.06997025
2 0.17409414 0.93372905 0.15067282 0.04497266
2 0.4184787 0.89565337 0.15773505 0.076610446
2 0.33116424 0.86713296 0.17293298 0.086060405
2 0.2289623 0.8311775 0.14869106 0.074983835
2 0.57231265 0.63840234 0.096327424 0.065469146
2 0.59929883 0.6093786 0.09004784 0.046616793
2 0.6080916 0.67241025 0.098615885 0.06911421
2 0.5155088 0.7178491 0.031017542 0.06971252
2 0.5480196 0.76032245 0.096039176 0.10235667
2 0.5470138 0.96218956 0.09402764 0.0494771
2 0.5431894 0.922299 0.08637881 0.10071373
2 0.57210165 0.8677563 0.08703327 0.094606996
2 0.5850999 0.9747554 0.07459724 0.050489187
2 0.6087122 0.96992457 0.084696054 0.06015092
2 0.62445635 0.9760264 0.086627364 0.04794717
2 0.67177415 0.955781 0.10703254 0.08843809
2 0.770635 0.9503151 0.10334396 0.08338153
2 0.76670355 0.8948406 0.09885669 0.07805157
2 0.7957717 0.9643632 0.099037886 0.071273625
2 0.84110343 0.87573683 0.10382807 0.08433449
2 0.80174434 0.8509716 0.09907329 0.07639265
2 0.64521104 0.84935296 0.101468325 0.08833635
2 0.72416145 0.6268358 0.075001836 0.082404494
2 0.74954087 0.5858152 0.10166037 0.035505176
2 0.8446002 0.6048288 0.08662069 0.05070579
2 0.8207791 0.63836026 0.13173616 0.058303118
2 0.8562776 0.67894727 0.12805986 0.05428505
2 0.9131336 0.6741127 0.13607728 0.058518767
2 0.89286184 0.78766716 0.07987738 0.073002696
2 0.94788635 0.7573942 0.104227304 0.07125044
2 0.96958804 0.7569487 0.060823917 0.05675602
2 0.9465859 0.80658996 0.10682821 0.04421425
2 0.72195876 0.7471198 0.10918355 0.060595036
2 0.93604386 0.6111858 0.12791228 0.056163788
2 0.9788265 0.6455769 0.042346835 0.053931713
2 0.9700477 0.6198535 0.059904575 0.056678414
2 0.8946626 0.64757115 0.12300253 0.051323414
2 0.9546651 0.6523285 0.09066975 0.050679326
2 0.704758 0.60138077 0.10252273 0.054335713
2 0.5350624 0.64338076 0.070124745 0.08336282
