2 0.18133165 0.10371027 0.1651623 0.053967223
2 0.45554247 0.118139684 0.08891505 0.11408783
2 0.4749576 0.42067823 0.05008483 0.15864354
2 0.46877274 0.39362043 0.06245452 0.20474374
2 0.47289374 0.30497563 0.05421251 0.20176572
2 0.47648448 0.47581485 0.047031045 0.0483703
2 0.37205437 0.4505721 0.25589126 0.09885579
2 0.37267292 0.4233189 0.25465417 0.15336221
2 0.36674616 0.39708835 0.2665077 0.2058233
2 0.36593089 0.29687643 0.26813823 0.19721341
2 0.25405893 0.4528593 0.4309501 0.094281375
2 0.25400448 0.43123135 0.4598099 0.1375373
2 0.21309458 0.26146182 0.42591372 0.23413002
2 0.21798569 0.31233737 0.43581367 0.23808992
2 0.23287493 0.37155887 0.44478 0.24467488
2 0.2426782 0.40085587 0.45833784 0.19828826
2 0.84866756 0.22077361 0.30266488 0.44154721
2 0.9793644 0.3809713 0.04127127 0.17535967
2 0.8983614 0.09536579 0.20327723 0.19073159
2 0.75152373 0.06916149 0.43668604 0.13832298
2 0.60340375 0.033526417 0.2068075 0.067052834
2 0.6763539 0.17777859 0.35270774 0.35555717
2 0.5716723 0.10695253 0.14334464 0.21390507
2 0.6115793 0.33306968 0.2231586 0.33386064
2 0.51077276 0.18954504 0.02154553 0.31705236
2 0.6393878 0.41192842 0.13142085 0.17614317
2 0.53768665 0.42590886 0.07537329 0.14818227
2 0.42284212 0.8377554 0.15431577 0.096398234
2 0.42600226 0.8128679 0.14799547 0.096414566
2 0.4275044 0.7951764 0.14499122 0.0916028
2 0.4306758 0.7715241 0.13864839 0.09219146
2 0.4284572 0.7477565 0.1430856 0.091790676
2 0.43288237 0.71906555 0.13423526 0.093791604
2 0.4343655 0.69742286 0.13126898 0.10045099
2 0.43768176 0.6702888 0.12463647 0.106886744
2 0.41871917 0.5868451 0.16256166 0.08953798
2 0.42701265 0.57330775 0.1459747 0.062274933
2 0.42502645 0.55799323 0.1499471 0.03173256
2 0.25950179 0.56431264 0.1498586 0.046509862
2 0.24864362 0.5775525 0.16250637 0.07320869
2 0.24865153 0.59107 0.15790886 0.10021436
2 0.2551817 0.61768645 0.15251654 0.10408747
2 0.2880112 0.69084984 0.1536017 0.102540135
2 0.28548408 0.7213615 0.14525634 0.09061456
2 0.2847347 0.7392076 0.1364237 0.09284723
2 0.27848762 0.7617173 0.14090933 0.1097765
2 0.27422366 0.80292594 0.13741612 0.10558438
2 0.28274655 0.8470664 0.12910974 0.09379637
2 0.8214294 0.7428118 0.35714132 0.482759
2 0.6133351 0.73359555 0.22667015 0.45456088
