2 0.34813532 0.27923322 0.052691877 0.06725484
2 0.60232174 0.22916311 0.20464349 0.45832622
2 0.77002877 0.21695586 0.45994246 0.4339117
2 0.7415694 0.25850824 0.46472883 0.48298353
2 0.60962844 0.3364843 0.21925691 0.32703137
2 0.6088216 0.41296318 0.19678307 0.17407364
2 0.7238414 0.34244415 0.4476829 0.3151117
2 0.710538 0.40095073 0.40525305 0.19809854
2 0.7183289 0.4564677 0.37610972 0.087064624
2 0.6328934 0.050063547 0.26578677 0.10012709
2 0.2634813 0.5250547 0.17699099 0.050109386
2 0.84114474 0.84808636 0.24521053 0.17131472
2 0.8427437 0.8087169 0.24201262 0.23194611
2 0.84470415 0.75246096 0.23809159 0.23310947
2 0.84198654 0.6879673 0.24352694 0.24503207
2 0.84550554 0.64229655 0.23648894 0.18959308
2 0.65664124 0.6379215 0.11469269 0.180843
2 0.65455186 0.70307434 0.12224138 0.18830943
2 0.6550192 0.7683879 0.13579059 0.20587432
2 0.64838564 0.82276946 0.13128257 0.2000109
2 0.6419637 0.8631711 0.123927355 0.17615783
