2 0.43090215 0.79165816 0.23474723 0.061683655
2 0.43553144 0.7634999 0.23464695 0.11800015
2 0.4341881 0.72702974 0.21594387 0.15659666
2 0.427782 0.6639212 0.23464933 0.16578758
2 0.40907174 0.6063043 0.2244004 0.16008782
2 0.3921789 0.5541028 0.2412523 0.16367137
2 0.6881632 0.7970889 0.227615 0.05082214
2 0.69172424 0.7626232 0.22958314 0.1197536
2 0.6918914 0.7189748 0.19737041 0.15112674
2 0.680765 0.64109164 0.2414304 0.16869462
2 0.67204815 0.5844745 0.22428155 0.156739
2 0.5566007 0.7932282 0.2321577 0.058543563
2 0.559612 0.75870043 0.23303545 0.12759912
2 0.5606785 0.7151684 0.23655811 0.17294538
2 0.5507872 0.6479397 0.23791432 0.16453743
2 0.55264515 0.58289605 0.23291883 0.16531551
2 0.79971266 0.75267684 0.15987742 0.13964629
2 0.7891124 0.6933599 0.17672455 0.15392005
2 0.78730357 0.6190799 0.17524505 0.15885508
