2 0.8991736 0.8478455 0.07165277 0.11430907
2 0.57665634 0.24838483 0.24698183 0.1476451
2 0.57878 0.286009 0.23982546 0.14339675
2 0.5858782 0.31228483 0.25122914 0.13344508
2 0.5858782 0.34635898 0.23982546 0.13059348
2 0.57735455 0.37970576 0.24267638 0.12640333
2 0.58375454 0.41872665 0.23848724 0.12494838
2 0.5858782 0.44715574 0.23982546 0.13059348
2 0.5887 0.48192835 0.23418176 0.13484189
2 0.5305182 0.6075459 0.24267638 0.15049684
2 0.54401636 0.635946 0.23278543 0.14199996
2 0.5276964 0.66292006 0.2171346 0.1249485
2 0.52982 0.7175667 0.21009457 0.12634504
2 0.53124547 0.75379425 0.21573818 0.12779999
2 0.5325836 0.78362006 0.20165813 0.11924517
2 0.5519582 0.8212443 0.21457455 0.14339674
2 0.32542723 0.7757926 0.1702982 0.14339674
2 0.30416185 0.7033959 0.17314911 0.12919676
2 0.30343455 0.6529975 0.18589097 0.13909018
2 0.28996545 0.6174975 0.2015419 0.13059354
2 0.28996545 0.57847667 0.19584006 0.1178484
2 0.29918727 0.54579914 0.19159277 0.1234934
2 0.34672183 0.45495415 0.198691 0.1319902
2 0.34602365 0.4152057 0.19159275 0.1207
2 0.34643093 0.39099595 0.18111998 0.12628692
2 0.33892545 0.35913318 0.18880004 0.15334833
2 0.33607453 0.30017993 0.18880004 0.1547451
2 0.35239458 0.2341848 0.18164366 0.14485167
2 0.13808183 0.77652 0.1164219 0.09084511
2 0.14445277 0.8410893 0.086574554 0.072396636
2 0.14587823 0.79424095 0.09792003 0.066693306
2 0.72356546 0.7651426 0.11211634 0.07949674
2 0.6980237 0.7764909 0.11211634 0.0710001
