2 0.39512002 0.77146333 0.3447733 0.09207332
2 0.17400002 0.7465033 0.30194664 0.1419934
2 0.097353324 0.7797833 0.17470667 0.07543337
2 0.1680533 0.80118334 0.3090933 0.032633305
2 0.5211333 0.79881 0.30672 0.03737998
2 0.18386665 0.64070666 0.32183987 0.18741333
2 0.096939996 0.7282933 0.17388001 0.1670134
2 0.4058933 0.71404 0.34221345 0.17925334
2 0.5484666 0.6539467 0.3503467 0.18535995
2 0.5354 0.74650335 0.33525336 0.14199328
2 0.77434665 0.77503663 0.35666668 0.084926724
2 0.8725966 0.72068 0.22980666 0.17120004
2 0.8024633 0.6933333 0.37007332 0.19736004
2 0.8749833 0.60536 0.22503328 0.18781328
2 0.87141 0.78454334 0.23218 0.06591332
