2 0.3998282 0.6124692 0.10095042 0.15049243
2 0.5334351 0.62236667 0.13459146 0.12673044
2 0.61459744 0.49662793 0.14252305 0.12474692
2 0.60568804 0.46593702 0.14054012 0.11485633
2 0.74028635 0.45603967 0.096984625 0.13068402
2 0.7778931 0.44217512 0.10095048 0.122763336
2 0.8739 0.32930914 0.10293329 0.11484271
2 0.9223991 0.27683997 0.08908033 0.16038299
2 0.49978715 0.48177838 0.11876926 0.11879614
2 0.6710077 0.3897059 0.07324445 0.11287278
2 0.76305556 0.2897059 0.11085129 0.13465118
2 0.7600812 0.18179205 0.14450598 0.08911079
2 0.7294009 0.12519321 0.16232479 0.09538644
2 0.7125735 0.10241623 0.15241027 0.049832463
2 0.6225086 0.25802326 0.11480343 0.09900135
2 0.5809427 0.29367304 0.12272143 0.102968514
2 0.5621325 0.3223803 0.10886836 0.09307796
2 0.5403684 0.35703146 0.11678627 0.102954865
2 0.46613252 0.3104993 0.09896758 0.12871408
2 0.4601974 0.21644329 0.1346052 0.08317372
2 0.43644357 0.18179205 0.1346052 0.08911079
2 0.5750009 0.1362517 0.11876929 0.085143656
2 0.290953 0.12024112 0.112834156 0.08548224
2 0.37805045 0.43821478 0.08512819 0.13068402
2 0.28600258 0.45207936 0.08313161 0.09504783
2 0.25235465 0.56791383 0.13855726 0.08119023
2 0.21474098 0.65603286 0.1346052 0.091080666
2 0.09539403 0.45207936 0.13578805 0.09504783
2 0.09241967 0.4095075 0.12983933 0.085143685
2 0.22959226 0.29663473 0.10886842 0.10495204
2 0.20583843 0.27188784 0.104902655 0.110889256
2 0.0904436 0.28278387 0.1258872 0.09306431
2 0.13853592 0.17980851 0.06531277 0.13663468
