2 0.68804914 0.5923934 0.6239017 0.34927928
2 0.30699325 0.5393574 0.580714 0.40460703
2 0.19878593 0.57135737 0.3413167 0.36087108
2 0.22242264 0.6269948 0.35985616 0.3374492
2 0.35694057 0.705582 0.5929415 0.3426404
2 0.2690535 0.7521203 0.37686884 0.25285482
2 0.30052358 0.79992497 0.39515018 0.15724552
2 0.7614805 0.7899481 0.47703898 0.109811425
2 0.75178385 0.7509042 0.4964323 0.18789923
2 0.72672343 0.7083759 0.54655313 0.27767718
2 0.69446635 0.6512011 0.6110673 0.35150507
2 0.40694767 0.83048683 0.5733923 0.09612179
