2 0.20727003 0.22269148 0.18809997 0.20476808
2 0.21252501 0.26836535 0.18600999 0.18060724
2 0.38171497 0.094305 0.14817 0.09611
2 0.395905 0.11215588 0.15133 0.13181175
2 0.39801 0.12556326 0.14292002 0.14910212
2 0.39643 0.15496005 0.13766003 0.14490545
2 0.40168503 0.16126508 0.12715 0.12809876
2 0.395905 0.20011932 0.13031 0.13440372
2 0.217255 0.29304588 0.18075 0.1774497
2 0.22303502 0.32507056 0.17548999 0.1764105
2 0.20885003 0.34344605 0.17024003 0.16485971
2 0.19939 0.36340025 0.16393995 0.17115468
2 0.20937002 0.38563526 0.15447998 0.13372952
2 0.77203417 0.41167474 0.17561817 0.08915049
2 0.7594365 0.42613882 0.17752576 0.060222387
2 0.6213345 0.33402786 0.11004686 0.10112643
2 0.61465085 0.37388146 0.09127617 0.09421688
2 0.6010528 0.40890452 0.058124423 0.068792045
2 0.5951848 0.4139754 0.04485309 0.054323018
2 0.32933927 0.80807143 0.07996428 0.055428505
2 0.34780356 0.83514285 0.116892874 0.0797143
2 0.33819643 0.8415357 0.13610715 0.066928506
2 0.34566072 0.86712503 0.12117857 0.01575005
2 0.8100413 0.65972936 0.37991738 0.2968223
2 0.80115056 0.61706054 0.39769888 0.23412108
2 0.8453459 0.5266001 0.30930817 0.053200275
2 0.54241806 0.5480831 0.084836125 0.09616625
2 0.77931416 0.8388909 0.44137168 0.32221818
2 0.79153365 0.82067865 0.4169327 0.3586427
2 0.78672254 0.8720404 0.42655492 0.25591922
2 0.8026237 0.9176669 0.39475262 0.16466624
