2 0.80400646 0.5144424 0.3919871 0.46847606
2 0.4400721 0.7215554 0.8801442 0.55207384
2 0.29013187 0.7496692 0.58026373 0.48532593
2 0.3087982 0.6973307 0.6175964 0.46356332
2 0.4730545 0.5758474 0.946109 0.49481753
2 0.3477715 0.5524117 0.695543 0.4591119
2 0.37921357 0.4701124 0.75842714 0.4112484
2 0.4024458 0.27864572 0.8048916 0.381527
2 0.39756492 0.31833816 0.79512984 0.40414202
2 0.37636784 0.3619883 0.7527357 0.40395856
2 0.955411 0.1023226 0.089177966 0.2046452
2 0.94495034 0.12408968 0.110099316 0.24817936
2 0.90773726 0.17627972 0.18452549 0.35255945
2 0.8834423 0.23430806 0.23311543 0.38108617
2 0.87450606 0.2979221 0.2509879 0.40854234
2 0.8461138 0.38178903 0.3077724 0.4273901
2 0.8095081 0.46378976 0.38098383 0.4708341
2 0.53600043 0.3543042 0.92799914 0.43243754
