2 0.37638906 0.17577213 0.17999202 0.09256646
2 0.27942377 0.21894714 0.17469597 0.10659319
2 0.10645834 0.23114933 0.12656371 0.10037443
2 0.17508388 0.20450732 0.18472208 0.100700095
2 0.36768448 0.08407563 0.1782676 0.087046795
2 0.27383965 0.13602744 0.17221355 0.09772721
2 0.36169425 0.039634585 0.16578329 0.044400766
2 0.3617617 0.056034267 0.16850257 0.07693583
2 0.10503051 0.19243495 0.12256235 0.08681816
2 0.108540446 0.071099885 0.12609568 0.052606106
2 0.11072719 0.0881679 0.13127008 0.08207311
2 0.1763963 0.12788484 0.16942945 0.08378956
2 0.26591304 0.09002407 0.16601306 0.076187104
2 0.41891465 0.07204027 0.097631514 0.07015194
2 0.79933727 0.4165044 0.40132546 0.16699117
2 0.76654875 0.34806004 0.4669025 0.30387992
2 0.75 0.23685294 0.5 0.4737059
2 0.75 0.20861879 0.5 0.41723758
2 0.760232 0.17919105 0.47953606 0.3583821
2 0.600119 0.055615626 0.20023799 0.11123125
2 0.5961447 0.21268612 0.19228938 0.31484616
2 0.32933927 0.80807143 0.07996428 0.055428505
2 0.34780356 0.83514285 0.116892874 0.0797143
2 0.33819643 0.8415357 0.13610715 0.066928506
2 0.34566072 0.86712503 0.12117857 0.01575005
2 0.7785578 0.7422026 0.43233442 0.3349477
2 0.7716485 0.8271247 0.42732358 0.32599974
2 0.7629256 0.883926 0.41724217 0.23214805
2 0.7533699 0.9324045 0.40316427 0.13519096
2 0.58602023 0.9897163 0.13863981 0.020567417
2 0.73486173 0.972226 0.38176417 0.055547953
2 0.96696746 0.9195107 0.062331915 0.10738528
