2 0.43401176 0.39337274 0.21758676 0.14661288
2 0.41914165 0.3279369 0.23712957 0.1440283
2 0.43322405 0.25624606 0.22919184 0.1553753
2 0.43112522 0.21388148 0.22782588 0.08276293
2 0.6833673 0.25550932 0.22838771 0.11975443
2 0.67809 0.30270535 0.22762644 0.1552092
2 0.6866207 0.4267303 0.20789206 0.15226263
2 0.5587319 0.44182926 0.22602844 0.1584777
2 0.55963 0.36981764 0.23099947 0.16076744
2 0.54632354 0.30835754 0.22753981 0.15163201
2 0.5469819 0.2462532 0.22234425 0.14007083
2 0.56010073 0.21438193 0.22558978 0.0734445
2 0.7952458 0.45942008 0.17002845 0.1380994
2 0.8480379 0.386238 0.06838393 0.12480861
2 0.7946307 0.28146803 0.17965198 0.13189328
2 0.7889652 0.34469858 0.1882453 0.14764047
