2 0.6790147 0.32628193 0.57659566 0.2584561
2 0.71883297 0.1848202 0.52439153 0.23033245
2 0.54211354 0.13372438 0.51318645 0.2123526
2 0.57209843 0.062837936 0.4542476 0.07260744
2 0.7616129 0.08591889 0.47677422 0.12257967
2 0.23292914 0.11187717 0.4544571 0.16500932
2 0.8834778 0.41964668 0.23304439 0.21779242
2 0.89692146 0.26479247 0.20615709 0.2079869
2 0.5007653 0.25727138 0.5184411 0.23228519
2 0.85188645 0.5801958 0.2962271 0.3055749
2 0.63699555 0.46666047 0.5963011 0.28520256
2 0.38736382 0.55571806 0.6440069 0.3082597
2 0.44734585 0.38951054 0.5898721 0.2769379
2 0.20634383 0.30837396 0.41268766 0.25843614
2 0.06336966 0.4487888 0.12673932 0.26039594
2 0.17043729 0.49233094 0.34087458 0.31340224
2 0.03599812 0.62670577 0.07199624 0.30879137
2 0.085159376 0.29587948 0.17031875 0.21607755
2 0.13929376 0.17449118 0.27858752 0.20272389
