2 0.27348995 0.403566 0.09012967 0.192868
2 0.3676942 0.39811888 0.074355185 0.13980174
2 0.36697856 0.36389697 0.073082745 0.13292336
2 0.36466596 0.32321686 0.07268041 0.13899827
2 0.3601867 0.2843539 0.07378107 0.1320008
2 0.35257262 0.2500339 0.06444883 0.12748356
2 0.38913968 0.13301632 0.05322665 0.14318177
2 0.41216838 0.1279643 0.044431865 0.1545057
2 0.43511525 0.13507335 0.039599895 0.14827666
2 0.4523631 0.276245 0.04115045 0.10315651
2 0.44958186 0.24536723 0.04903394 0.10572952
2 0.45321903 0.19075564 0.05118853 0.108208954
2 0.45951858 0.14146325 0.04872483 0.106098175
2 0.46244448 0.11386516 0.0471673 0.10519181
2 0.7039869 0.028829474 0.32547617 0.057658948
2 0.8599736 0.008725766 0.20570064 0.017451532
2 0.91618896 0.011521926 0.10935247 0.023043852
2 0.867227 0.033553906 0.23265624 0.06710781
2 0.9278655 0.046134043 0.13952613 0.09226809
2 0.9228147 0.05910553 0.15437055 0.11821106
2 0.9339715 0.16088584 0.13205701 0.1345985
2 0.9317515 0.13772963 0.13649702 0.14193338
2 0.9374199 0.11680533 0.12516022 0.1347957
2 0.6803842 0.17428786 0.30586004 0.14180672
2 0.68193805 0.15331008 0.3046279 0.14111158
2 0.6909332 0.106905214 0.31602597 0.14080672
2 0.697034 0.075145826 0.3173715 0.1395863
2 0.6954851 0.06258231 0.30777693 0.12516461
2 0.6935691 0.049162153 0.32735932 0.09832431
2 0.7076806 0.03805257 0.33169174 0.07610514
2 0.8733518 0.08220415 0.25329638 0.14399478
2 0.33071902 0.6675685 0.33856195 0.335137
2 0.16871491 0.6692327 0.33742982 0.33846545
2 0.65220284 0.9671123 0.11550748 0.065775394
2 0.65690434 0.96659267 0.14621937 0.06681466
2 0.8413993 0.92528456 0.13588643 0.10471451
2 0.54675573 0.9705188 0.09351149 0.058962345
2 0.8497214 0.95567656 0.12517917 0.08864689
2 0.9402045 0.95149934 0.11518979 0.097001374
2 0.9391404 0.9615062 0.104429245 0.076987624
2 0.92814875 0.9783325 0.114673376 0.04333496
2 0.8308166 0.94925225 0.11329293 0.08672023
2 0.9813198 0.95418394 0.03736031 0.090587616
