2 0.40069592 0.37276787 0.078956306 0.08516073
2 0.28649822 0.35459718 0.16062003 0.10068977
2 0.13806893 0.21673831 0.27613786 0.20929594
2 0.13780828 0.18929654 0.27561656 0.21779943
2 0.013808439 0.113281175 0.027616877 0.22656235
2 0.29007575 0.2663893 0.15957606 0.13658136
2 0.045738984 0.087456964 0.09147797 0.17491393
2 0.25 0.25 0.5 0.5
2 0.06905061 0.02122999 0.13810122 0.04245998
2 0.11916784 0.06901007 0.23833568 0.13802014
2 0.13201782 0.08661954 0.26403564 0.17323908
2 0.18331066 0.11299154 0.247932 0.22598308
2 0.2839087 0.11417719 0.17003828 0.22580864
2 0.2501897 0.06558917 0.25080281 0.13117833
2 0.28219783 0.056908987 0.22720903 0.113817975
2 0.4033202 0.27935773 0.07695651 0.1113525
2 0.46859425 0.31441316 0.05073172 0.068476856
2 0.4754923 0.37421283 0.049015403 0.049533367
2 0.48483756 0.23446469 0.030324876 0.10702881
2 0.67906904 0.19901201 0.105994225 0.10850279
2 0.6878528 0.2135232 0.1361829 0.12868467
2 0.85649705 0.1232423 0.14940429 0.086035505
2 0.56192976 0.20816258 0.123859525 0.116436064
2 0.50911665 0.32352918 0.018233329 0.14308119
2 0.531787 0.2858753 0.06357396 0.14039314
2 0.60020465 0.3077548 0.15437639 0.09811902
2 0.6156849 0.33414203 0.15606833 0.09818596
2 0.6299268 0.35444924 0.14762163 0.08951157
2 0.7531903 0.38481513 0.17822874 0.09167135
2 0.856524 0.33033305 0.15557754 0.079977274
2 0.8949525 0.28295416 0.13101578 0.07378429
2 0.8794361 0.1813381 0.13591695 0.09930605
2 0.9577811 0.17308368 0.08443785 0.09713584
2 0.96311665 0.19715472 0.07376671 0.092458546
2 0.9589044 0.24849579 0.08219111 0.0936075
2 0.9750218 0.36920887 0.04995644 0.11641765
2 0.966611 0.3814129 0.066778004 0.1216141
2 0.9588536 0.3902073 0.082292795 0.11993408
2 0.9521325 0.39764953 0.08848894 0.109556794
2 0.93792367 0.40527982 0.08402586 0.09403235
2 0.9197992 0.41217268 0.06685412 0.07981789
2 0.8893444 0.4174 0.08938897 0.0690552
2 0.87100554 0.42849082 0.092672825 0.046605468
2 0.5630425 0.41253123 0.12608504 0.07384908
2 0.5699625 0.42360154 0.139925 0.051930606
2 0.6837967 0.3816289 0.10933566 0.09865934
2 0.8517848 0.15545128 0.122992754 0.06819418
2 0.28635544 0.9129305 0.043723702 0.068526626
2 0.18938091 0.86174655 0.049512714 0.07842004
2 0.15429728 0.84440386 0.08337454 0.1395266
2 0.08975636 0.8526678 0.08201273 0.17089462
2 0.79092187 0.7808281 0.3206563 0.17303121
2 0.7825469 0.7515156 0.33740628 0.14603126
2 0.8030156 0.6524375 0.29646873 0.11906242
2 0.5566406 0.6603594 0.015781283 0.14415622
2 0.78859377 0.91265625 0.3253125 0.13718748
2 0.78998435 0.89245313 0.32253122 0.15628123
2 0.79370314 0.9377812 0.31509376 0.08693755
2 0.8006875 0.9689375 0.30112505 0.024625063
