2 0.24385294 0.38171554 0.4877059 0.2609483
2 0.9725843 0.8028166 0.054831386 0.21144843
2 0.95138156 0.63315666 0.09723687 0.20186877
2 0.9757184 0.5043049 0.048563242 0.17865837
2 0.7768445 0.41799307 0.39257348 0.2275562
2 0.8256989 0.59588957 0.34860218 0.23447868
2 0.933458 0.75193715 0.13308406 0.21195221
2 0.53269327 0.16504082 0.5584867 0.33008164
2 0.1900861 0.8737479 0.3801722 0.25250423
2 0.77933747 0.42323774 0.3947469 0.22971323
2 0.32059717 0.26314673 0.60404086 0.32010645
2 0.57823366 0.2569326 0.3569615 0.2688133
2 0.37182638 0.10701323 0.5810799 0.21402647
2 0.58540505 0.07987711 0.47378254 0.15975422
2 0.42116815 0.03976962 0.5136074 0.07953924
2 0.91229665 0.18376186 0.1754067 0.24027807
2 0.8798392 0.31155446 0.24032164 0.25072157
2 0.9273893 0.1465176 0.14522135 0.16184005
2 0.9098566 0.84473956 0.18028677 0.19360721
2 0.7639943 0.83136415 0.42851877 0.28258312
2 0.57575554 0.9180117 0.43725285 0.16397655
2 0.7061081 0.917688 0.4330598 0.16462398
2 0.22150852 0.9701705 0.44301704 0.059659004
2 0.15895651 0.9166611 0.31791303 0.16667783
2 0.29019508 0.82894826 0.58039016 0.34210348
2 0.6163789 0.8390779 0.42537093 0.2645384
2 0.22187538 0.7367666 0.44375077 0.32299888
2 0.6856219 0.7048053 0.44425702 0.23947358
2 0.32891476 0.5623911 0.6578295 0.3341373
2 0.1579694 0.5056803 0.3159388 0.31417525
2 0.5063746 0.4321366 0.36366475 0.2712704
