2 0.25 0.13867186 0.39999998 0.104843706
2 0.22760937 0.11726564 0.3552187 0.062031277
2 0.25 0.25339064 0.39999998 0.17115623
2 0.2299375 0.21620314 0.35987496 0.15628126
2 0.25 0.31246874 0.39999998 0.1888125
2 0.2550625 0.3470625 0.389875 0.13337499
2 0.64504117 0.43899694 0.29008234 0.070946515
2 0.6701102 0.39870536 0.34022045 0.15152973
2 0.91658807 0.41544363 0.16682386 0.10809785
2 0.9406187 0.45970532 0.11876261 0.018282533
2 0.8000932 0.27349782 0.39981365 0.32154953
2 0.667305 0.33698386 0.33461 0.24824476
2 0.68427753 0.262292 0.36855507 0.3101663
2 0.7190045 0.18889868 0.43800905 0.28335416
2 0.8672344 0.17996868 0.26553118 0.27878767
2 0.9197812 0.14963055 0.16043764 0.19613868
2 0.9830493 0.10971658 0.033901453 0.0879128
2 0.2705786 0.7230997 0.4588428 0.21801066
2 0.012674012 0.77224314 0.025348024 0.13582802
2 0.2547183 0.94022644 0.4905634 0.11954713
2 0.2683447 0.96973574 0.4633106 0.060528576
2 0.25 0.8801286 0.5 0.23974276
2 0.27041626 0.79099965 0.45916748 0.2177794
2 0.89010155 0.759875 0.092093706 0.04743755
2 0.9518242 0.59382814 0.031351566 0.057671785
2 0.9133594 0.6305742 0.09953129 0.049304724
2 0.88126564 0.6617383 0.08371878 0.04464841
2 0.8808007 0.72499216 0.08278906 0.057671785
2 0.8077812 0.73289454 0.0855782 0.05674219
2 0.8073164 0.71801174 0.0772109 0.054882765
2 0.8128945 0.68545705 0.088367224 0.05674219
2 0.81568754 0.6068516 0.060468793 0.07628131
2 0.8277812 0.59848046 0.0623281 0.079992175
2 0.8421953 0.5924336 0.057671785 0.07907033
2 0.85335934 0.5849219 0.052093744 0.0773437
2 0.8645234 0.5798086 0.050234437 0.067117214
2 0.87847656 0.5751563 0.0390625 0.057812452
2 0.9008047 0.5714336 0.055812597 0.050367236
2 0.9152188 0.5639922 0.060468793 0.035484314
2 0.89708203 0.74033594 0.07627344 0.038140655
2 0.7301055 0.58406246 0.0865078 0.045578122
2 0.64220315 0.5714336 0.057671785 0.050367236
2 0.65336716 0.56725 0.057671785 0.042000055
2 0.73894536 0.60546094 0.08185935 0.04000008
2 0.73708206 0.6296445 0.07069528 0.054882765
2 0.7417344 0.63941014 0.07442188 0.057679653
2 0.7566211 0.7194102 0.0427891 0.09116411
2 0.73708206 0.72266406 0.040929675 0.08837497
2 0.72126955 0.7217344 0.0427891 0.09395313
2 0.7082461 0.7245234 0.04464841 0.09581256
2 0.66452736 0.6984805 0.040929675 0.088367224
2 0.6756914 0.66917574 0.048367262 0.074414015
2 0.65476173 0.66545707 0.05674219 0.07627344
2 0.64499223 0.65987504 0.055812478 0.07628131
2 0.5849961 0.7133633 0.08278906 0.047445297
2 0.579875 0.7305703 0.08185935 0.050234318
2 0.5924336 0.82591796 0.049304724 0.0865078
2 0.6036016 0.81708205 0.043718696 0.09116411
2 0.6203438 0.8147539 0.03999996 0.09022653
2 0.6375508 0.81847656 0.03721094 0.092093706
2 0.66452736 0.79707813 0.040929675 0.09581256
2 0.5471914 0.6756875 0.031882763 0.05953121
