2 0.51154876 0.12343955 0.1607765 0.2468791
2 0.7351184 0.0917948 0.2580341 0.1835896
2 0.86124873 0.24049968 0.27750254 0.26061034
2 0.84985596 0.29800853 0.2878331 0.23184569
2 0.269359 0.9064971 0.074033916 0.18665516
2 0.6592304 0.29533452 0.20892406 0.21767884
2 0.9380331 0.42420658 0.12393379 0.21047503
2 0.9747393 0.79973966 0.050521374 0.17848659
2 0.93163633 0.8966992 0.13672733 0.20660162
2 0.9188874 0.93157434 0.16222525 0.13685131
2 0.80248797 0.959165 0.17676389 0.081670046
2 0.84834975 0.6556814 0.22865152 0.1675545
2 0.77785766 0.59482145 0.23096633 0.17199862
2 0.74689245 0.54765797 0.20061588 0.15436223
2 0.7140303 0.49168116 0.21042049 0.17233577
2 0.58848494 0.56866187 0.161286 0.19780838
2 0.5738099 0.70998275 0.20593178 0.12897325
2 0.5365791 0.7568923 0.19829187 0.13780975
2 0.7476683 0.8409537 0.21115613 0.14739633
2 0.5312595 0.9362111 0.19022453 0.12757778
2 0.34237424 0.830331 0.13656127 0.14132917
2 0.3487954 0.9169504 0.084062755 0.16609919
2 0.31770825 0.91763926 0.07841563 0.16472149
2 0.57969624 0.9833305 0.20378864 0.033339024
2 0.46790943 0.38456735 0.12636298 0.20348716
2 0.34647888 0.37827656 0.107037425 0.14323944
2 0.3108829 0.22022626 0.17216969 0.14640266
2 0.26732445 0.10406933 0.16214311 0.16941528
2 0.13259366 0.39986098 0.14006293 0.13294303
2 0.1303688 0.4532647 0.13080063 0.11446199
2 0.27583578 0.5910019 0.12603903 0.13864148
2 0.24856576 0.6230788 0.117499664 0.14315951
2 0.11860691 0.6083704 0.14403176 0.11370599
2 0.051861018 0.56129944 0.103722036 0.1098516
2 0.038817193 0.676834 0.06942176 0.14540577
2 0.17536227 0.73214763 0.066598564 0.16532457
2 0.19642577 0.9166376 0.07089558 0.1599313
2 0.093983896 0.94411534 0.103777066 0.11176932
2 0.08611275 0.84000516 0.104417205 0.11530101
2 0.07101566 0.96512663 0.11283566 0.06974673
