2 0.35558927 0.4070536 0.07996428 0.03839284
2 0.39592856 0.41451788 0.16064286 0.023464262
2 0.38632143 0.42091072 0.17985713 0.01067853
2 0.9020032 0.2572212 0.19599354 0.23423803
2 0.72003603 0.3607777 0.44007206 0.27603692
2 0.6450659 0.3748346 0.29013184 0.24266297
2 0.6543991 0.34866536 0.3087982 0.23178166
2 0.73652726 0.2879237 0.47305453 0.24740876
2 0.67388576 0.27620584 0.34777153 0.22955595
2 0.6896068 0.2350562 0.37921357 0.2056242
2 0.7012229 0.13932286 0.4024458 0.1907635
2 0.69878244 0.15916908 0.3975649 0.20207101
2 0.6881839 0.18099415 0.3763678 0.20197928
2 0.9777055 0.0511613 0.044589043 0.1023226
2 0.9724752 0.06204484 0.055049658 0.12408968
2 0.9538686 0.08813986 0.092262745 0.17627972
2 0.94172114 0.11715403 0.11655772 0.19054309
2 0.937253 0.14896105 0.125494 0.20427117
2 0.9230569 0.19089451 0.1538862 0.21369505
2 0.90475404 0.23189488 0.19049191 0.23541705
2 0.76800025 0.1771521 0.46399957 0.21621877
2 0.13612098 0.71782374 0.27224195 0.21913815
2 0.21756287 0.6336182 0.2901384 0.10242081
2 0.13337521 0.7719468 0.26675043 0.239272
2 0.13762005 0.8194368 0.2752401 0.24533224
2 0.13711506 0.8514849 0.27423012 0.21057427
2 0.16317186 0.87523437 0.27172458 0.1524787
2 0.26635355 0.82591605 0.30733645 0.22334313
2 0.3980513 0.8198426 0.15318173 0.1858468
2 0.21521074 0.7138197 0.25956714 0.11891425
2 0.42679268 0.6251465 0.07794601 0.06378353
2 0.4368015 0.66401976 0.07555318 0.13289893
2 0.22689173 0.75134224 0.26591915 0.15385878
2 0.25387222 0.7753488 0.28745246 0.19576192
2 0.3902078 0.7769873 0.16791975 0.17305243
2 0.42599005 0.64278686 0.0882709 0.099179864
2 0.76230496 0.94791895 0.17622387 0.07033622
2 0.9089234 0.95377815 0.09453344 0.08929002
