2 0.7887479 0.6561748 0.37870145 0.63033855
2 0.34623438 0.7561712 0.521662 0.48765755
2 0.5219893 0.10707246 0.7634915 0.21414492
2 0.15660092 0.08757479 0.24641995 0.17514957
2 0.19766694 0.16763633 0.328552 0.33527267
2 0.51101327 0.20940712 0.7415395 0.41881424
2 0.724251 0.17925107 0.43624878 0.35850215
2 0.7171479 0.1053116 0.43321455 0.2106232
2 0.57052976 0.3485331 0.7541834 0.64325
2 0.23465809 0.2595803 0.39310437 0.5191606
2 0.31104356 0.41568166 0.5246986 0.61057293
2 0.28976524 0.62406844 0.4377134 0.54087555
2 0.63474953 0.71233815 0.70131207 0.5753237
2 0.7587642 0.4658735 0.41280282 0.5672012
2 0.7704383 0.29914272 0.36928737 0.55469143
