2 0.051354017 0.40000477 0.102708034 0.19999045
2 0.22419818 0.43019885 0.34114024 0.1396023
2 0.28001043 0.44985652 0.30216825 0.10028696
2 0.120805986 0.47061473 0.24161197 0.058770537
2 0.05711837 0.44266075 0.11423674 0.1146785
2 0.79355365 0.29125768 0.060751915 0.07422078
2 0.8660519 0.30328864 0.07820201 0.06529367
2 0.9150748 0.250596 0.08245313 0.064836964
2 0.911376 0.23611727 0.08099747 0.060221016
2 0.97249687 0.2389421 0.032506347 0.06448212
2 0.853016 0.23736823 0.06927216 0.060789287
2 0.9498857 0.20507887 0.044217706 0.055528164
2 0.9284128 0.1423779 0.06636047 0.051551186
2 0.9043936 0.15627263 0.07082915 0.053803742
2 0.89304847 0.16828707 0.06289935 0.048519373
2 0.8798674 0.18284208 0.06759155 0.05346331
2 0.84113693 0.15747043 0.05884683 0.064190984
2 0.841123 0.11831948 0.07589507 0.037423022
2 0.7882651 0.21067367 0.051373005 0.06430879
2 0.7375356 0.21180446 0.048936367 0.047967225
2 0.7148028 0.26266217 0.078642845 0.04477735
2 0.69095504 0.30067462 0.07686138 0.049059093
2 0.5356163 0.27583763 0.051232576 0.06373352
2 0.5479434 0.17127985 0.075886846 0.057968438
2 0.632814 0.20099272 0.0791744 0.05108908
2 0.6333424 0.18149331 0.07447374 0.04613194
2 0.7126463 0.13783649 0.06334841 0.053926997
2 0.7006262 0.12522884 0.06140995 0.05640754
2 0.63111955 0.1230575 0.08449209 0.0507425
2 0.58643574 0.13663155 0.075855255 0.04985697
2 0.5378417 0.22230507 0.055683374 0.04116395
2 0.14479527 0.8853723 0.17424029 0.11069667
2 0.11408183 0.9195472 0.22816366 0.1609056
2 0.12982823 0.93088436 0.25965646 0.13823128
2 0.11003229 0.9761925 0.22006458 0.04761505
2 0.85322785 0.71765566 0.1160444 0.11792505
2 0.8302444 0.61149806 0.086435676 0.09585154
2 0.8390331 0.6373944 0.08290875 0.0833981
2 0.803063 0.56594163 0.10100019 0.08188331
2 0.8162005 0.5854131 0.0979445 0.10561383
2 0.7603276 0.57069564 0.18139172 0.091391325
2 0.7262478 0.76755035 0.18565536 0.11410391
2 0.63812757 0.63363373 0.10125518 0.107261896
2 0.64739716 0.655313 0.11979425 0.108092904
2 0.65194786 0.6982959 0.12889576 0.10034919
2 0.70853865 0.64869535 0.16546226 0.103476405
2 0.72817206 0.6903125 0.15599036 0.08888173
2 0.72936463 0.72743046 0.16870677 0.1020776
2 0.7209639 0.67641723 0.17557263 0.11205125
2 0.6969289 0.6165418 0.1635493 0.09817839
2 0.848256 0.6824384 0.101908684 0.10235858
