2 0.7802031 0.51975 0.18418753 0.09487507
2 0.90364844 0.18765628 0.06270313 0.11534366
2 0.8267188 0.26114842 0.19906259 0.09860934
2 0.7625313 0.32347655 0.16743755 0.08929688
2 0.7616015 0.4499843 0.16557813 0.11534366
2 0.6155625 0.46578908 0.17115629 0.11348441
2 0.6146328 0.4360234 0.1544218 0.10976565
2 0.62578905 0.37091407 0.17673433 0.11348438
2 0.631375 0.21370314 0.120937586 0.15256253
2 0.65556246 0.19696091 0.12465632 0.15998438
2 0.6843906 0.18486717 0.11534369 0.15814058
2 0.7067187 0.16984375 0.10418761 0.1546875
2 0.7290469 0.15961722 0.100468874 0.13423443
2 0.7569531 0.1503125 0.078125 0.115624994
2 0.8016094 0.14286721 0.111625075 0.10073442
2 0.83043754 0.12798436 0.120937586 0.07096872
2 0.79416406 0.48067185 0.15254688 0.07628125
2 0.46021098 0.16812494 0.1730156 0.09115619
2 0.28440627 0.14286721 0.115343675 0.10073442
2 0.30673435 0.13450001 0.115343675 0.08400002
2 0.47789067 0.21092184 0.16371882 0.08000013
2 0.4741641 0.25928906 0.14139062 0.109765634
2 0.4834687 0.2788203 0.14884377 0.11535931
2 0.51324224 0.4388203 0.08557817 0.1823281
2 0.4741641 0.44532812 0.08185941 0.17674997
2 0.4425391 0.44346875 0.08557814 0.18790627
2 0.41649216 0.44904688 0.08929694 0.19162506
2 0.3290547 0.39696094 0.08185941 0.17673445
2 0.35138282 0.33835152 0.096734405 0.14882809
2 0.30952346 0.3309141 0.11348438 0.15254688
2 0.2899844 0.31975 0.1116249 0.15256251
2 0.16999215 0.42672655 0.16557807 0.094890594
2 0.15974997 0.46114057 0.16371879 0.100468725
2 0.18486717 0.6518359 0.09860936 0.17301571
2 0.20720309 0.6341641 0.08743745 0.1823281
2 0.24068755 0.6295078 0.07999992 0.18045306
2 0.27510154 0.6369531 0.07442188 0.18418753
2 0.3290547 0.59415627 0.08185941 0.191625
2 0.0943828 0.35137498 0.0637656 0.11906242
