2 0.09332286 0.2640858 0.18664572 0.4119346
2 0.1467175 0.20687872 0.293435 0.41375744
2 0.20596921 0.15992115 0.3094144 0.3198423
2 0.41989952 0.15868448 0.16020095 0.3154725
2 0.4284263 0.10197501 0.14314741 0.20395002
2 0.42765972 0.05415002 0.12594539 0.10830004
2 0.54387546 0.41542485 0.08775091 0.08557874
2 0.5475324 0.34354606 0.09506479 0.08011794
2 0.5539147 0.30630457 0.10782945 0.084165275
2 0.55390954 0.26843438 0.10781911 0.07793683
2 0.5630386 0.224178 0.12607718 0.08576152
2 0.5617665 0.1916011 0.12353301 0.07974684
2 0.53842354 0.45098758 0.076847106 0.0854187
2 0.5143058 0.3129336 0.02861154 0.07664585
2 0.51979095 0.27641806 0.039581895 0.079409495
2 0.5215512 0.23863682 0.043102384 0.07423693
2 0.52612555 0.20074655 0.0522511 0.07569268
2 0.93279946 0.2393539 0.13440108 0.08849299
2 0.8573099 0.21130547 0.14475656 0.07856281
2 0.9222554 0.4849541 0.13062942 0.030091822
2 0.7942395 0.4682883 0.1415571 0.063423395
2 0.64958405 0.4645651 0.13408661 0.0708698
2 0.64217734 0.48147383 0.13674855 0.037052333
2 0.9601405 0.30296963 0.07971895 0.077819586
2 0.95001566 0.3842255 0.09996867 0.07754004
2 0.94168496 0.4541448 0.11663008 0.071161985
2 0.9339863 0.47882977 0.11468434 0.042340457
2 0.8730478 0.4603549 0.13822842 0.07929021
2 0.72747207 0.4515531 0.13402987 0.08008313
2 0.58566 0.4378796 0.13629198 0.08154851
2 0.5739219 0.4667403 0.1388619 0.06651938
2 0.91952753 0.31552136 0.14546847 0.08129752
2 0.77054584 0.30265984 0.14825583 0.08096641
2 0.6253214 0.28810716 0.14666653 0.08383332
2 0.77177083 0.2610296 0.14231563 0.079037055
2 0.62275136 0.25084883 0.146178 0.0846404
2 0.6348362 0.20772615 0.15084672 0.08814378
2 0.78554386 0.22312424 0.1468345 0.08141631
2 0.75107515 0.34022677 0.14140713 0.08201736
2 0.8982824 0.3885429 0.12965214 0.077332854
2 0.8923416 0.42779037 0.14162552 0.08293378
2 0.8232887 0.4060737 0.13101602 0.08110964
2 0.74704576 0.37723386 0.13522911 0.07919711
2 0.7644274 0.41643193 0.17036486 0.08502066
2 0.6573883 0.43473962 0.12889993 0.071421206
2 0.59707594 0.39747423 0.13797545 0.08093256
2 0.6729245 0.35985112 0.1361072 0.07608676
2 0.9698241 0.2553523 0.06035185 0.0865839
2 0.85016024 0.2632276 0.1465379 0.08082725
2 0.7917249 0.48912108 0.124417305 0.021757841
2 0.7234481 0.4902453 0.13728237 0.019509375
2 0.33244 0.8388933 0.17238665 0.08678663
2 0.33720002 0.78599334 0.16286665 0.08322668
2 0.27419335 0.7669733 0.1581067 0.078466654
2 0.27775997 0.71704 0.15097332 0.0689466
2 0.34551334 0.68850666 0.15573329 0.06657338
2 0.44261333 0.66829336 0.10977334 0.06657338
2 0.34968 0.73012 0.16644001 0.078466654
2 0.10180667 0.6926733 0.15573335 0.07013333
2 0.15293336 0.7509266 0.16523999 0.07965338
2 0.43250665 0.8715867 0.1299867 0.07132006
2 0.46757334 0.8371133 0.059853315 0.07370663
2 0.43310001 0.8157133 0.12879997 0.07370663
2 0.47114 0.7800467 0.05272001 0.087973356
2 0.4759 0.7354667 0.043200016 0.07252002
2 0.46995333 0.69148 0.055093348 0.0653733
2 0.26943335 0.81452 0.15335996 0.08083999
2 0.47292668 0.61182666 0.049146652 0.058253407
2 0.43964002 0.63857335 0.115719974 0.06657338
2 0.29143333 0.6397667 0.13314666 0.05469334
2 0.039373346 0.62431335 0.073746696 0.07370663
2 0.3609733 0.55737334 0.1438533 0.019746661
2 0.1036 0.69445336 0.15692 0.07131994
2 0.031646676 0.64809334 0.058293357 0.0689466
2 0.03877999 0.57639337 0.07255998 0.057786703
2 0.17789333 0.59994 0.16049334 0.07013333
2 0.17017336 0.6504667 0.16881332 0.076093316
2 0.28429332 0.67365336 0.15454666 0.07252002
2 0.35740668 0.59816 0.15098667 0.06657338
2 0.29975334 0.56688666 0.14741333 0.0387733
2 0.18800001 0.5561867 0.15929338 0.017373323
2 0.18206 0.5758 0.16168004 0.056599975
2 0.42755336 0.9145217 0.1398933 0.073456645
2 0.46778 0.8808533 0.059440017 0.0835067
2 0.32705337 0.88798 0.17110671 0.08962667
2 0.2557667 0.9114683 0.17517339 0.07956338
2 0.2623 0.8620733 0.16762668 0.090346575
2 0.14282668 0.83473337 0.17833334 0.087960005
2 0.07682668 0.88466 0.14865336 0.08560002
2 0.12678 0.8983333 0.18901333 0.09868002
2 0.07563333 0.9233084 0.14626667 0.05588329
2 0.019166667 0.81214666 0.03333334 0.08321333
2 0.07742 0.8311666 0.14984001 0.076080084
2 0.091706656 0.7854 0.17118664 0.074893236
2 0.023920007 0.73962665 0.04284002 0.08558667
2 0.025113337 0.70218 0.04522668 0.077280045
2 0.6451846 0.617335 0.08629882 0.05640781
2 0.6437073 0.6014134 0.08601165 0.05019498
2 0.8591145 0.59011024 0.28177083 0.04471135
2 0.8488849 0.7264879 0.30223024 0.21623027
2 0.84921104 0.76769364 0.30157793 0.20098948
2 0.8406949 0.68407094 0.3186102 0.2353872
2 0.86198485 0.61447114 0.2760303 0.09343326
