2 0.21724677 0.23336588 0.07959354 0.09088597
2 0.30030695 0.28216487 0.0726434 0.09032011
2 0.36954018 0.34238818 0.06737304 0.089140594
2 0.8744781 0.38964862 0.16413629 0.22070277
2 0.23912355 0.763421 0.20868456 0.31315804
2 0.105596915 0.78069663 0.051193833 0.27860665
2 0.82567734 0.81542456 0.28364527 0.20368123
2 0.82702076 0.74119943 0.28095853 0.19740021
2 0.8265679 0.6837489 0.28186417 0.19845712
2 0.82080185 0.63393325 0.29339623 0.17536652
2 0.8212396 0.596564 0.29252076 0.10062802
2 0.5866618 0.5818881 0.11082363 0.07127607
2 0.59066176 0.6170227 0.11882353 0.14154541
2 0.5973335 0.6677594 0.13216698 0.19123995
2 0.59511465 0.7229149 0.1277293 0.18589497
2 0.5919901 0.78163373 0.12148023 0.19836652
