2 0.5871073 0.58251536 0.12150383 0.14844155
2 0.7321038 0.6065773 0.15640402 0.13058734
2 0.83014965 0.501192 0.16490614 0.12967393
2 0.822752 0.47223455 0.16199493 0.12044203
2 0.9449937 0.4778842 0.065012574 0.12896425
2 0.706032 0.47473645 0.1385442 0.121578574
2 0.89977145 0.41015774 0.08843553 0.11105633
2 0.8568256 0.2847558 0.13272095 0.10310237
2 0.8087872 0.31254527 0.1416583 0.107607484
2 0.78609693 0.33657414 0.1257987 0.097038746
2 0.75973475 0.36568415 0.13518298 0.10692662
2 0.68227386 0.31494087 0.11769366 0.12838197
2 0.682246 0.23663896 0.15179026 0.074846044
2 0.5765303 0.42134735 0.10274601 0.12861758
2 0.47507125 0.42360893 0.097872764 0.09593445
2 0.4296056 0.52532434 0.15728572 0.0895547
2 0.38191012 0.60134923 0.1537227 0.098118186
2 0.071232595 0.55167526 0.1024652 0.12746704
2 0.09588687 0.3425597 0.15177375 0.115936875
2 0.265628 0.40198544 0.1583488 0.10217816
2 0.26668477 0.36298662 0.14894742 0.09226388
2 0.42529258 0.27567297 0.12669683 0.107853994
2 0.4012524 0.25045767 0.12281978 0.11281508
2 0.2622391 0.246115 0.16898416 0.101485
2 0.17287143 0.2732631 0.15171054 0.09971394
2 0.07568339 0.44461015 0.11136679 0.0823279
