2 0.78843 0.22793001 0.22314 0.11085999
2 0.16611002 0.36894664 0.13222006 0.15693337
2 0.15897667 0.26907998 0.11795336 0.1378933
2 0.41888666 0.23148999 0.3114667 0.11797996
2 0.31663328 0.33685333 0.33047998 0.1593067
2 0.16849664 0.46403998 0.13699329 0.16168001
2 0.7908033 0.5127867 0.21839333 0.17357329
2 0.4153 0.23386332 0.31384003 0.122726664
2 0.75037664 0.19939664 0.29924667 0.05379328
2 0.28215328 0.1922633 0.33762664 0.03952658
2 0.15423 0.21366331 0.10846001 0.082326636
2 0.11975 0.61096 0.039500013 0.17925334
2 0.19307001 0.6710533 0.18614003 0.18535995
2 0.18276332 0.5591467 0.16552666 0.18069327
2 0.33684665 0.50446665 0.35666668 0.17592001
2 0.4866333 0.60432 0.33288002 0.17120004
2 0.36894 0.63166666 0.3780267 0.19736004
2 0.51042 0.71964 0.37090668 0.18781328
2 0.75276333 0.65425336 0.2944733 0.19496
2 0.80507 0.57104003 0.18985999 0.19018671
2 0.72541666 0.45929337 0.34916663 0.16642666
2 0.4735533 0.49733335 0.31146666 0.15216005
2 0.78248334 0.4034133 0.2350334 0.16405332
2 0.43908668 0.40579996 0.34237325 0.14978653
2 0.71590996 0.31425333 0.36818004 0.17117327
2 0.8371633 0.28571996 0.1256733 0.15693338
2 0.63523334 0.24457005 0.21637332 0.14414008
