2 0.16126299 0.27595803 0.18111111 0.064153776
2 0.33931482 0.2739194 0.14856303 0.060076535
2 0.44239074 0.26883397 0.035218477 0.062122524
2 0.39762035 0.07582632 0.12475926 0.059152637
2 0.40474632 0.0931783 0.11050737 0.06109953
2 0.40779814 0.11048811 0.104403734 0.059068307
2 0.412887 0.13492945 0.09422594 0.06109962
2 0.4164426 0.15427788 0.08711481 0.06109962
2 0.4230574 0.17209919 0.0738852 0.05599928
2 0.4276352 0.18991311 0.06472963 0.054976285
2 0.43119815 0.21027711 0.057603717 0.052945048
2 0.43730187 0.22759438 0.04539627 0.054991066
2 0.44239074 0.24948552 0.035218477 0.060076535
2 0.33117408 0.2494781 0.15669632 0.058045328
2 0.3230333 0.23166421 0.16077042 0.061084747
2 0.31032223 0.20977305 0.1617778 0.06210774
2 0.30218145 0.18889745 0.1577037 0.05905351
2 0.29149258 0.16903752 0.15872592 0.060076535
2 0.28030002 0.1476579 0.16075553 0.06413898
2 0.27064073 0.12729385 0.16380739 0.06210775
2 0.26096666 0.106418304 0.15669632 0.0672081
2 0.24774444 0.08605421 0.16077042 0.061084747
2 0.2385815 0.07073346 0.16075554 0.04896692
2 0.08790925 0.0656406 0.09581852 0.0387812
2 0.09248704 0.08351148 0.10497406 0.058045287
2 0.10062778 0.10182951 0.12125555 0.06007652
2 0.107242584 0.12525518 0.13448519 0.06413898
2 0.11487222 0.14460367 0.14974445 0.062122636
2 0.11843519 0.16751784 0.1568704 0.06109962
2 0.12301296 0.18889005 0.16602594 0.057022274
2 0.12707962 0.21078861 0.17415926 0.060076535
2 0.13684073 0.23421434 0.17703706 0.060076535
2 0.14904815 0.25660962 0.17499262 0.05599928
2 0.8768685 0.31854153 0.24626303 0.3237983
2 0.89480436 0.38566002 0.21039128 0.22867996
2 0.90088165 0.41932654 0.19823658 0.16134691
2 0.9097729 0.44970775 0.18045425 0.10058451
2 0.9075004 0.479557 0.17324245 0.040885985
2 0.727937 0.2691481 0.38052404 0.40043747
2 0.8098855 0.4432902 0.2328577 0.11341959
2 0.8003545 0.4244684 0.24265742 0.1510632
2 0.8141115 0.488097 0.20964026 0.023805976
2 0.8082576 0.46432057 0.22334588 0.07135886
2 0.5697768 0.338651 0.13955355 0.2523247
2 0.6359421 0.4872504 0.1644988 0.025499225
2 0.6115005 0.45546478 0.17236078 0.08907044
2 0.5866581 0.41263145 0.17331624 0.1747371
2 0.62079537 0.45808834 0.18601918 0.08382332
2 0.76669055 0.3569773 0.30795193 0.28604537
2 0.14051482 0.8755387 0.28102964 0.24624455
2 0.13812707 0.8360252 0.27625415 0.26312196
2 0.1335585 0.80688876 0.267117 0.27369773
2 0.12841737 0.7656015 0.25683475 0.29352903
2 0.14092344 0.73677015 0.28184688 0.29235506
2 0.14752808 0.7216972 0.29505616 0.27871895
2 0.1329056 0.70107937 0.2658112 0.22455943
2 0.80330503 0.91585 0.29088998 0.15079999
2 0.809345 0.94144 0.27881002 0.099619985
2 0.807485 0.96702 0.28253007 0.048460007
