2 0.106736414 0.014836092 0.09384237 0.029672183
2 0.44470888 0.10266617 0.07261264 0.14541197
2 0.25962466 0.055188693 0.11240739 0.110377386
2 0.36938193 0.043310914 0.06840098 0.08662183
2 0.3847327 0.040382907 0.06805956 0.08076581
2 0.64337415 0.11333753 0.17674828 0.049175076
2 0.65543026 0.09486131 0.2008605 0.012222633
2 0.6762535 0.10330041 0.19143856 0.029100806
2 0.69555175 0.12097755 0.14475787 0.0644551
2 0.73094827 0.10732366 0.12224555 0.037147336
2 0.7546675 0.12026194 0.09894729 0.048223108
2 0.7607026 0.14033626 0.08204913 0.06426021
2 0.7824149 0.12989257 0.082021 0.030531973
2 0.79890615 0.14797623 0.055494666 0.0474101
2 0.39437395 0.8280874 0.18935072 0.31516922
2 0.17311719 0.8780856 0.260831 0.24382877
2 0.26099464 0.55353624 0.38174576 0.10707247
2 0.07830046 0.5437874 0.123209976 0.08757484
2 0.09883347 0.5838182 0.164276 0.1676364
2 0.25550663 0.60470355 0.37076974 0.20940709
2 0.3621255 0.58962554 0.21812439 0.17925107
2 0.35857394 0.5526558 0.21660727 0.10531163
2 0.28526488 0.6742666 0.3770917 0.321625
2 0.117329046 0.6297902 0.19655219 0.25958037
2 0.15552178 0.70784086 0.2623493 0.30528653
2 0.14488262 0.81203425 0.2188567 0.27043784
2 0.31737477 0.8561691 0.35065603 0.28766185
2 0.3793821 0.73293674 0.20640141 0.28360057
2 0.38521916 0.64957136 0.18464369 0.27734578
2 0.8292103 0.85352474 0.34157932 0.23138738
2 0.8425297 0.8865684 0.31494057 0.15581787
