2 0.055991 0.280864 0.014482006 0.14949001
2 0.12765901 0.30158985 0.15781802 0.16240562
2 0.132075 0.26082236 0.16665 0.14880985
2 0.13682699 0.09770309 0.17615396 0.16790618
2 0.13784699 0.12798104 0.17819399 0.18074682
2 0.13479099 0.17384197 0.17208198 0.17055199
2 0.13479102 0.21903063 0.172082 0.16715899
2 0.8116414 0.39421475 0.30905402 0.10551083
2 0.55513394 0.34021577 0.11026791 0.09335458
2 0.5464219 0.3622539 0.09284377 0.073827386
2 0.08958697 0.80227864 0.10837258 0.15105939
2 0.20494466 0.80035424 0.10694185 0.09591496
2 0.20122054 0.82686806 0.10518026 0.093057394
2 0.19477189 0.8589093 0.10510415 0.10033369
2 0.18559304 0.8897368 0.10625854 0.0972743
2 0.1720212 0.9151201 0.0923979 0.091676116
2 0.3202794 0.8785089 0.07647723 0.08237159
2 0.30840227 0.9002466 0.07541484 0.07332277
2 0.37143978 0.89101034 0.071180046 0.063370585
2 0.3621582 0.8767605 0.057035208 0.063235044
2 0.7647537 0.87191075 0.12878 0.082274675
2 0.640561 0.83968055 0.10022032 0.10437477
2 0.5516864 0.7978355 0.055487156 0.09242165
2 0.7674115 0.8592273 0.12763536 0.10747516
2 0.7702457 0.8372376 0.12941754 0.11592746
2 0.7727794 0.80970025 0.13031471 0.12046969
2 0.77609974 0.7830411 0.1310252 0.11598635
2 0.771013 0.7543479 0.13275051 0.121439695
2 0.77517104 0.72587013 0.13503385 0.11518228
2 0.7741111 0.6966195 0.13347757 0.1178292
2 0.77706754 0.66817266 0.13504946 0.11518276
2 0.7808362 0.63925123 0.13672483 0.11882019
2 0.64721465 0.6195377 0.106580734 0.09407544
2 0.55709326 0.6064311 0.05858183 0.06786227
2 0.5570721 0.619787 0.05932486 0.08259261
2 0.55503005 0.6423651 0.056094766 0.0825094
2 0.55249417 0.7761965 0.056248546 0.09062672
2 0.55458736 0.7509213 0.059444547 0.08891189
2 0.5553782 0.7301725 0.060240388 0.088932395
2 0.55382633 0.7058898 0.05611193 0.08341718
2 0.5526032 0.6856641 0.05301726 0.08965361
2 0.55379975 0.6649049 0.054590106 0.08787954
2 0.6446893 0.64320433 0.10417771 0.10086489
2 0.6442198 0.667984 0.10250354 0.09811735
2 0.6405287 0.69240177 0.10422897 0.1035707
2 0.6392213 0.7190089 0.10412812 0.099066496
2 0.6404179 0.74105 0.104160905 0.09997463
2 0.6451671 0.7661489 0.10341787 0.10356724
2 0.64310664 0.7905247 0.10008526 0.09807241
2 0.6418427 0.8144263 0.101827264 0.10439873
