2 0.26230496 0.44791895 0.17622381 0.07033628
2 0.40892342 0.45377815 0.094533384 0.08928996
2 0.8312157 0.19798678 0.11227548 0.08531666
2 0.7643802 0.26380613 0.24479508 0.17981713
2 0.7063155 0.32331598 0.41263103 0.2756021
2 0.6950786 0.37507948 0.39015722 0.24984103
2 0.75 0.4030704 0.5 0.19385922
2 0.08354123 0.5312632 0.05860226 0.036617637
2 0.17645437 0.53715485 0.11048317 0.038039446
2 0.6292656 0.84817183 0.098531246 0.17615628
2 0.58646876 0.71915627 0.012937546 0.18231249
2 0.68228126 0.6377344 0.20456243 0.14796877
2 0.78856254 0.5982031 0.26287496 0.06890619
2 0.73434377 0.74937505 0.27162504 0.19068754
2 0.8192656 0.65307814 0.2014687 0.17865622
2 0.80903125 0.8509531 0.22193754 0.17059374
2 0.87275 0.72753125 0.094499946 0.22325003
2 0.7506094 0.8993281 0.07165623 0.07384372
2 0.86298436 0.89699996 0.114031196 0.07850003
