2 0.07554556 0.28711888 0.053591114 0.11640893
2 0.0702122 0.24093221 0.042924404 0.116408914
2 0.069767766 0.20804332 0.042035535 0.11463109
2 0.06667445 0.16804336 0.0358489 0.118186675
2 0.070656665 0.11606111 0.04381333 0.12977782
2 0.12621222 0.33245224 0.15492442 0.11818665
2 0.1128789 0.2115989 0.1282578 0.098631084
2 0.11341222 0.24171446 0.12932444 0.08383998
2 0.11931445 0.14411443 0.14112887 0.104888916
2 0.11727001 0.18011445 0.13703999 0.10798225
2 0.19400334 0.13639887 0.15736891 0.10389328
2 0.30072334 0.3583189 0.1588978 0.09617776
2 0.3644922 0.18706554 0.12906665 0.095146656
2 0.3562611 0.21430111 0.1332267 0.09514667
2 0.3585722 0.26395443 0.12753779 0.08743113
2 0.27679443 0.22511 0.14090668 0.08796443
2 0.2724211 0.2747278 0.13628443 0.07199997
2 0.28401223 0.3153678 0.14503114 0.08536893
2 0.27450112 0.25801668 0.14862221 0.09617776
2 0.27679443 0.18756336 0.14090668 0.08177775
2 0.12009666 0.29275444 0.14269333 0.102862254
2 0.9638761 0.32562208 0.07224774 0.19458324
2 0.7487361 0.19068848 0.46411335 0.3573574
2 0.66013503 0.39840135 0.3202701 0.12259889
2 0.84886897 0.41433203 0.30226195 0.048820496
2 0.8626859 0.36906484 0.27462816 0.13555163
2 0.6815441 0.36149058 0.36308825 0.19510317
2 0.72074103 0.32469228 0.44148207 0.26129895
2 0.7091712 0.27258447 0.41834235 0.33763832
2 0.88196397 0.28546855 0.23607206 0.29743773
2 0.95441127 0.36880326 0.09117746 0.110826135
2 0.9650075 0.40442237 0.06998503 0.03667128
2 0.1696877 0.61613137 0.3393754 0.23226273
2 0.37632975 0.7599054 0.2473405 0.4801892
2 0.2864682 0.5376542 0.38825905 0.07530844
2 0.4109588 0.53021955 0.1780824 0.06043911
2 0.3746483 0.5975448 0.2507034 0.19508961
2 0.39242348 0.67923534 0.21515304 0.3584707
2 0.26304197 0.6974703 0.47391605 0.3949406
2 0.15881233 0.53513175 0.31762466 0.070263505
2 0.87338346 0.82153547 0.10536647 0.052274942
2 0.88070863 0.8501358 0.11358273 0.049797893
2 0.8753906 0.87474024 0.11097503 0.03801942
2 0.75514853 0.8723202 0.110206366 0.042859793
2 0.7495116 0.8231441 0.10052669 0.0554924
2 0.8118461 0.8078687 0.10938084 0.057115316
2 0.8122589 0.84048367 0.11180067 0.057827115
2 0.8194902 0.8670955 0.110206366 0.053309083
2 0.819903 0.8823851 0.10778642 0.022729874
2 0.68477136 0.815542 0.104569435 0.051563144
2 0.5926677 0.8183323 0.060335398 0.053897858
2 0.63570374 0.8759788 0.09810674 0.03554237
2 0.6361023 0.85211456 0.10214949 0.052274942
2 0.6916041 0.8828264 0.10052669 0.021847248
2 0.6944226 0.86669683 0.10297513 0.054106236
2 0.5915147 0.8472743 0.058029413 0.052274942
2 0.6340952 0.8275858 0.093295336 0.04826045
