2 0.23580095 0.19296898 0.4214943 0.17523536
2 0.2260198 0.14892611 0.2489962 0.092524715
2 0.23536322 0.24810939 0.46686792 0.22506103
2 0.08161981 0.3720954 0.16073962 0.10830921
2 0.26559716 0.3422906 0.4615246 0.1679188
2 0.26203492 0.3672034 0.47040004 0.11809319
2 0.23457076 0.41523233 0.46664152 0.02203536
2 0.95418715 0.4683072 0.09162569 0.063385606
2 0.7076243 0.37097925 0.32203078 0.19425708
2 0.67937005 0.38744774 0.30570602 0.17183995
2 0.5407867 0.20940578 0.08157337 0.16893554
2 0.52399623 0.25445977 0.047992498 0.1471587
2 0.20507143 0.8774643 0.060000032 0.062214255
2 0.21544641 0.8645 0.057035744 0.060000062
2 0.3035714 0.8970893 0.07478571 0.03332138
2 0.30912498 0.9022679 0.075535655 0.02296424
2 0.11775002 0.89930356 0.056571394 0.028892875
2 0.6775502 0.651548 0.077712655 0.04721546
2 0.71656865 0.65004015 0.082419515 0.0500803
2 0.6579092 0.7382603 0.044417858 0.059865832
2 0.710938 0.7166588 0.07057369 0.0599792
2 0.7431655 0.717991 0.079565406 0.04899907
2 0.6895325 0.7551291 0.07308674 0.038620472
2 0.7984867 0.63978463 0.07676244 0.029569268
2 0.71459484 0.6377287 0.073518276 0.025457382
2 0.7634527 0.640813 0.075571656 0.031625867
