2 0.13163128 0.23955481 0.26326257 0.19237378
2 0.24815622 0.16257288 0.33601987 0.2556995
2 0.38506743 0.14491615 0.113945186 0.22837229
2 0.36469257 0.107427835 0.13457525 0.1548236
2 0.24678653 0.1064626 0.31161022 0.1639641
2 0.12309613 0.110290185 0.24619226 0.17040178
2 0.12965399 0.15612797 0.25930798 0.23519209
2 0.22115093 0.0647865 0.29746592 0.07985352
2 0.34758404 0.06892308 0.1481573 0.07880159
2 0.3169166 0.04150374 0.19480073 0.02698911
2 0.1025271 0.07290433 0.2050542 0.09332785
2 0.40146545 0.29752553 0.10072994 0.068644404
2 0.5565488 0.30086523 0.0704869 0.15167177
2 0.6971387 0.29334268 0.3603369 0.19677182
2 0.7627329 0.31286016 0.3485049 0.18017435
2 0.7492449 0.33326426 0.33297074 0.17011654
2 0.6913979 0.35936567 0.32612395 0.16880381
2 0.74199927 0.4008373 0.33094323 0.1679706
2 0.71780664 0.42813882 0.30387092 0.14372236
2 0.72250366 0.4784174 0.29085517 0.043165207
2 0.72517544 0.46700075 0.30051243 0.065998495
2 0.73735523 0.45959777 0.30716765 0.08080447
2 0.5561515 0.36293557 0.050157428 0.13371181
2 0.5597909 0.3261069 0.07065272 0.15231806
2 0.6766224 0.44258225 0.2665038 0.1148355
2 0.2973162 0.54954624 0.4053676 0.09909251
2 0.2830456 0.5840395 0.43390882 0.16807902
2 0.2633618 0.6345931 0.47327638 0.2691863
2 0.25 0.6926844 0.5 0.3635435
2 0.07335331 0.7675693 0.14670663 0.22248149
2 0.028248005 0.8286458 0.05649601 0.09280193
2 0.24039118 0.83976835 0.48078236 0.1199249
2 0.25 0.75465775 0.5 0.3061645
2 0.36501017 0.87385094 0.26997966 0.07700491
2 0.019480683 0.6435277 0.038961366 0.1237278
2 0.86808926 0.74067855 0.07996428 0.055428505
2 0.89592856 0.69375 0.13564289 0.119428515
2 0.8863214 0.66596425 0.15485716 0.1494286
2 0.8937857 0.640375 0.13992858 0.09825003
2 0.79460716 0.6078393 0.33828568 0.033178568
