2 0.66701084 0.029586757 0.363928 0.059173513
2 0.36342922 0.07795023 0.26529664 0.15590046
2 0.116755456 0.13083078 0.2230764 0.22455871
2 0.6826042 0.06042729 0.38630605 0.12085458
2 0.70276874 0.09676115 0.41687763 0.1935223
2 0.7271893 0.14465642 0.45851576 0.28931284
2 0.7527854 0.20588852 0.49442923 0.35000244
2 0.74512446 0.30282903 0.5097511 0.4311012
2 0.7494123 0.4104934 0.5011754 0.48902506
2 0.74871206 0.5497967 0.5025759 0.60799026
2 0.75229234 0.6725048 0.49541533 0.65499043
2 0.75695777 0.7255214 0.48608446 0.5489572
2 0.2705871 0.77900964 0.5411742 0.44198072
2 0.03360707 0.82833767 0.06721414 0.34332466
2 0.04842277 0.7776455 0.09684554 0.44470894
2 0.056195475 0.7025427 0.11239095 0.48680076
2 0.10911998 0.1852577 0.21823996 0.2444123
2 0.10535496 0.25666746 0.21070991 0.27321756
2 0.09986496 0.32286307 0.19972992 0.30559796
2 0.085259646 0.40672737 0.17051929 0.3278476
2 0.07409323 0.49173382 0.14818646 0.39593
2 0.06658263 0.58681905 0.13316526 0.44361866
2 0.2759031 0.72025687 0.49210212 0.55948627
2 0.29429284 0.62313765 0.43735892 0.5398209
2 0.2965467 0.50519735 0.4110824 0.48261762
2 0.30921134 0.3895322 0.372842 0.39080405
2 0.32498592 0.31015053 0.35049665 0.3470816
2 0.35071784 0.23206714 0.3285614 0.3139416
2 0.35401508 0.16086853 0.29522055 0.26129687
2 0.35876596 0.11330377 0.28589308 0.22660755
