2 0.40797383 0.057658948 0.6509522 0.115317896
2 0.7199472 0.017451532 0.41140127 0.034903064
2 0.83237785 0.023043852 0.21870494 0.046087705
2 0.73445404 0.06710781 0.46531248 0.13421562
2 0.85573095 0.09226809 0.27905214 0.18453617
2 0.84562945 0.11821106 0.3087411 0.23642212
2 0.867943 0.32177168 0.26411402 0.269197
2 0.863503 0.27545926 0.27299404 0.28386676
2 0.8748398 0.23361066 0.25032043 0.2695914
2 0.36076844 0.3485757 0.6117201 0.28361344
2 0.36387604 0.30662015 0.6092559 0.28222317
2 0.3818664 0.21381043 0.63205194 0.28161344
2 0.394068 0.15029165 0.634743 0.2791726
2 0.3909703 0.12516461 0.615554 0.25032923
2 0.38713825 0.09832431 0.65471864 0.19664861
2 0.4153611 0.07610514 0.6633836 0.15221028
2 0.7467037 0.1644083 0.50659263 0.28798956
