2 0.07713998 0.41827872 0.10677995 0.015942574
2 0.8478339 0.04653944 0.12683237 0.040287346
2 0.83032686 0.074829936 0.16184628 0.099576026
2 0.8084159 0.112792894 0.20566833 0.17558578
2 0.79205 0.13914122 0.23839998 0.22828242
2 0.7025582 0.18805097 0.23011649 0.2294716
2 0.65818375 0.25915378 0.14136744 0.1927777
2 0.6174518 0.2833418 0.059903502 0.12700152
2 0.749375 0.27575248 0.32375002 0.21719784
2 0.7744441 0.1884328 0.27361178 0.22856632
2 0.8487426 0.30763966 0.1250149 0.15033211
2 0.6715855 0.06808664 0.11709738 0.08617328
2 0.20835856 0.79771686 0.3742171 0.28456616
2 0.2191444 0.79700065 0.3917271 0.27830398
2 0.21298744 0.6923137 0.3702869 0.24726582
2 0.19191718 0.8676078 0.34133434 0.14478445
2 0.19431852 0.8613686 0.34613702 0.1572628
2 0.18091026 0.8909514 0.3193205 0.098097205
2 0.9254472 0.9848025 0.14910555 0.030395031
2 0.9284705 0.8984227 0.14305902 0.20315456
2 0.9275889 0.82630014 0.14482224 0.3473997
2 0.9193151 0.75 0.1613698 0.5
2 0.92529833 0.6617883 0.14940333 0.32357657
2 0.6622025 0.61746156 0.30366886 0.23492315
2 0.65977937 0.70304894 0.31955874 0.37590683
2 0.6685227 0.8181287 0.33704546 0.36374247
2 0.6603665 0.8721071 0.32073295 0.25578582
2 0.65072787 0.9097518 0.30145574 0.18049645
