2 0.44928572 0.21741071 0.07892859 0.046678543
2 0.4544643 0.1948214 0.06857145 0.03850001
2 0.27242857 0.24371429 0.060000047 0.062214285
2 0.26205358 0.23075 0.057035744 0.060000047
2 0.17392859 0.26555356 0.07478571 0.037749946
2 0.06507144 0.31591073 0.042214293 0.055535674
2 0.16837502 0.27851787 0.075535685 0.04296428
2 0.16171427 0.289625 0.08292857 0.05182141
2 0.39460716 0.3909107 0.058499992 0.038178563
2 0.325 0.3314643 0.070357144 0.052571416
2 0.2942857 0.36330357 0.062214255 0.06889284
2 0.15801787 0.3433393 0.06067857 0.042249978
2 0.16246429 0.3868393 0.062214285 0.046321392
2 0.18689284 0.39128572 0.05628577 0.037428558
2 0.45417857 0.33442855 0.06914288 0.037714303
2 0.45546427 0.30678573 0.066571414 0.03642857
2 0.35974997 0.29251784 0.056571364 0.08282149
2 0.33994642 0.2932857 0.058107197 0.08021432
2 0.44919643 0.39355358 0.079107106 0.032892883
2 0.59465927 0.11243442 0.16431856 0.03986884
2 0.76431483 0.11243443 0.14856303 0.03986886
2 0.91864073 0.115488656 0.13771844 0.04597731
2 0.9700259 0.22197212 0.03494823 0.052945048
2 0.9644259 0.23928194 0.04614818 0.048867792
2 0.9618852 0.25914192 0.051229596 0.051936805
2 0.9578111 0.27594018 0.05937779 0.052945033
2 0.9517074 0.2947771 0.07158518 0.060076535
2 0.8324852 0.3019086 0.14448893 0.062122524
2 0.8441889 0.2830717 0.13939261 0.06109953
2 0.85080373 0.26576188 0.14041483 0.059068307
2 0.8609741 0.24132055 0.14040005 0.061099634
2 0.8691074 0.22197212 0.14244437 0.06109962
2 0.87979627 0.20415081 0.13736296 0.05599928
2 0.88691485 0.18633689 0.13328886 0.054976285
2 0.8976037 0.16597289 0.14041483 0.052945048
2 0.9062482 0.14865564 0.13328886 0.054991074
2 0.9143889 0.12676448 0.12921476 0.060076527
2 0.7561741 0.1267719 0.15669632 0.058045335
2 0.7480333 0.14458579 0.16077042 0.061084747
2 0.73532224 0.16647695 0.16177773 0.06210774
2 0.72718143 0.18735255 0.15770364 0.05905351
2 0.7164926 0.2072125 0.15872598 0.060076535
2 0.70530003 0.2285921 0.16075552 0.06413899
2 0.69564074 0.24895614 0.16380739 0.06210774
2 0.6859667 0.2698317 0.15669632 0.06720811
2 0.67274445 0.2901958 0.16077042 0.061084747
2 0.6635815 0.31259847 0.16075552 0.06313074
2 0.53665924 0.3227842 0.048318505 0.06313074
2 0.54123706 0.29273853 0.057474017 0.058045268
2 0.5493778 0.2744205 0.0737555 0.060076535
2 0.5559926 0.2509948 0.08698523 0.06413899
2 0.56362224 0.23164633 0.1022445 0.062122628
2 0.56718516 0.20873217 0.10937035 0.06109962
2 0.571763 0.18735994 0.11852586 0.057022274
2 0.5758296 0.16546139 0.12665927 0.060076535
2 0.5814296 0.14203566 0.13785923 0.060076527
2 0.58702224 0.12007001 0.1490444 0.055140026
2 0.22123933 0.9520854 0.32497865 0.008329272
2 0.22922811 0.9186685 0.34095627 0.07516301
2 0.23970354 0.87494135 0.36190712 0.16261733
2 0.24697006 0.84450734 0.3764401 0.22348535
2 0.1079296 0.77125967 0.0983592 0.24087572
2 0.09040048 0.6841841 0.06330097 0.20260012
2 0.2269713 0.69479096 0.3364426 0.22733474
2 0.247543 0.8022811 0.377586 0.2540164
2 0.33082354 0.68951803 0.22085291 0.1789254
2 0.3835538 0.63287556 0.11539239 0.05074644
2 0.3975089 0.7536087 0.087482214 0.19242239
2 0.8837862 0.91542256 0.054927588 0.090254664
2 0.73132247 0.92783564 0.07782602 0.09432876
2 0.6607862 0.8796279 0.042550683 0.07054591
