2 0.13369642 0.36064285 0.055107117 0.122642875
2 0.17325002 0.36866072 0.10221434 0.20439285
2 0.22880355 0.3594643 0.12796432 0.2535714
2 0.28432143 0.34035715 0.17328566 0.29178566
2 0.34876788 0.33280358 0.17774999 0.3068928
2 0.3851607 0.3185893 0.12967855 0.33532137
2 0.6775502 0.15154801 0.077712655 0.047215432
2 0.71656865 0.15004012 0.082419515 0.05008024
2 0.6579092 0.23826033 0.044417858 0.059865892
2 0.710938 0.21665879 0.07057369 0.05997917
2 0.7431655 0.217991 0.079565406 0.04899904
2 0.6895325 0.25512907 0.07308674 0.038620472
2 0.7984867 0.13978465 0.07676244 0.029569298
2 0.71459484 0.13772869 0.073518276 0.025457382
2 0.7634527 0.14081296 0.075571656 0.031625926
2 0.44112992 0.8835646 0.117740154 0.15390348
2 0.4437089 0.81050724 0.11258221 0.091657996
2 0.43051088 0.78977096 0.13818568 0.10007858
2 0.38683763 0.7498074 0.13632238 0.09569371
2 0.3040136 0.76232666 0.07854247 0.10210776
2 0.1986582 0.7902236 0.10117236 0.07868421
2 0.16135682 0.73660743 0.10773006 0.06312895
2 0.07756736 0.7604386 0.055365484 0.064398766
2 0.051720873 0.73307437 0.05110301 0.07351196
2 0.035101067 0.8521402 0.041823737 0.10071874
2 0.42515832 0.9805176 0.14968336 0.03896475
2 0.41691947 0.96728647 0.16616106 0.065427125
2 0.42898074 0.9089377 0.1411516 0.13742101
2 0.3133824 0.90771276 0.106022775 0.13535893
2 0.2955456 0.9720373 0.12216596 0.05592537
2 0.1733017 0.89449084 0.104669206 0.08497369
2 0.07567648 0.9086435 0.07605322 0.090399146
2 0.07659366 0.8572122 0.04845752 0.10639
2 0.060238067 0.8524711 0.044712596 0.09912801
2 0.19445196 0.84998125 0.11085993 0.09081733
2 0.18959913 0.8089403 0.10165441 0.080028296
2 0.5327938 0.8289989 0.06558764 0.23249662
2 0.5331795 0.9060937 0.06635904 0.18781257
2 0.5338732 0.9379066 0.0677464 0.124186635
2 0.53859246 0.96802026 0.077184945 0.06395948
2 0.76611745 0.98553765 0.33884156 0.028924704
2 0.77633333 0.9391386 0.3881817 0.12172282
2 0.792225 0.8908566 0.4145906 0.21828675
2 0.7947746 0.81882703 0.41045082 0.36234593
