2 0.14490582 0.28623056 0.230917 0.1456337
2 0.3074028 0.23623301 0.20730579 0.10246602
2 0.37607896 0.20324703 0.17457521 0.036494046
2 0.50172263 0.29556674 0.13180065 0.17455484
2 0.4762327 0.31078416 0.13602602 0.18281902
2 0.44634897 0.32058254 0.12650275 0.17988402
2 0.42279598 0.33500916 0.115115404 0.17672217
2 0.39918417 0.35042197 0.11089003 0.16845798
2 0.36993793 0.36524844 0.0880844 0.1621474
2 0.32441857 0.36746535 0.12086463 0.14790088
2 0.29335937 0.39699653 0.13038868 0.15085226
2 0.2675757 0.41714504 0.1340285 0.14928746
2 0.23867916 0.45782533 0.1027759 0.18917578
2 0.21477453 0.46229196 0.10477254 0.1913602
2 0.14835672 0.4186458 0.16549933 0.113325596
2 0.09825614 0.5454874 0.104536586 0.18739891
2 0.19362542 0.6745609 0.19615424 0.12633371
2 0.20648542 0.69674695 0.17019387 0.09813261
2 0.04871384 0.56427926 0.047427684 0.13416946
2 0.05446446 0.5896274 0.05892891 0.12960398
2 0.069869086 0.27543524 0.08878058 0.1406573
2 0.2458308 0.6392837 0.12602615 0.10921717
2 0.26592034 0.6354124 0.13729805 0.14177036
2 0.29175532 0.6142685 0.13707888 0.13782716
2 0.31812513 0.6001434 0.13508308 0.1356591
2 0.34702033 0.57534873 0.12944865 0.13507271
2 0.42013484 0.5541641 0.118281364 0.13587067
2 0.4543241 0.48821723 0.15139824 0.12753972
2 0.6116365 0.640616 0.15645814 0.08688545
2 0.47262582 0.68870664 0.16831559 0.09793711
2 0.6275537 0.6909224 0.15329027 0.09637332
2 0.71365464 0.49932316 0.16266441 0.0973323
2 0.80620015 0.6122172 0.124853015 0.120856404
2 0.8985085 0.6655127 0.11827946 0.10450685
2 0.6717363 0.36191183 0.18052459 0.11488944
2 0.84708387 0.4178962 0.12415075 0.14040196
2 0.8826696 0.4871278 0.14153826 0.11868924
2 0.8232959 0.43626773 0.12450421 0.14633584
2 0.6565824 0.31465364 0.17042887 0.102077544
2 0.6634031 0.2637369 0.14975595 0.1313057
2 0.6552387 0.24802561 0.15763795 0.12605122
2 0.7909122 0.23089969 0.10409844 0.09179938
2 0.8329009 0.23847143 0.12160528 0.10694286
2 0.85228443 0.24537534 0.12043297 0.120750666
2 0.7119978 0.73347604 0.14554155 0.091629624
2 0.9420749 0.5681373 0.06585014 0.16839287
