2 0.33516398 0.529931 0.26102406 0.21958828
2 0.094942 0.6323054 0.16988403 0.18658292
2 0.34012395 0.57782406 0.25769597 0.21629408
2 0.345084 0.6306583 0.26102388 0.20637965
2 0.349212 0.68101394 0.26268804 0.21466315
2 0.354988 0.72972256 0.26431996 0.20641172
2 0.34343597 0.76469684 0.26764792 0.18060625
2 0.35086003 0.7935926 0.2725759 0.12281489
2 0.34754804 0.81919414 0.26928002 0.07161176
2 0.094110005 0.8324027 0.16822 0.045194626
2 0.09327802 0.8101113 0.16655603 0.08977747
2 0.09494199 0.78946686 0.169884 0.1310662
2 0.099886 0.76469684 0.17977202 0.18060625
2 0.09659001 0.72228664 0.17318001 0.17503738
2 0.09659001 0.67853534 0.17318001 0.18655086
