2 0.3632344 0.26203126 0.11853123 0.18137503
2 0.40603125 0.15015626 0.032937527 0.14281252
2 0.31021878 0.10085938 0.22456247 0.044218764
2 0.24815625 0.16735941 0.27162498 0.17721881
2 0.17073438 0.116203114 0.18646878 0.07490623
2 0.18096876 0.2782969 0.20693754 0.2027812
2 0.11725 0.16457814 0.079500005 0.17165627
2 0.23189062 0.34745312 0.07165629 0.14759374
2 0.12701562 0.345125 0.09903126 0.15224999
2 0.084703125 0.35784376 0.014406249 0.110687435
2 0.81163585 0.08883326 0.3767283 0.16165718
2 0.84558594 0.045948423 0.30882812 0.06381409
2 0.021986805 0.90362906 0.04397361 0.19274193
2 0.07466433 0.88618183 0.14932866 0.22763634
2 0.13492528 0.86315167 0.26985055 0.27369666
2 0.19874808 0.84592426 0.34790462 0.30815148
2 0.31410536 0.8317903 0.37178928 0.32809377
2 0.52001405 0.61268854 0.040028095 0.091685176
2 0.56983614 0.62292373 0.13967231 0.20062208
2 0.63470817 0.64515895 0.26941633 0.2903179
2 0.7130267 0.65047055 0.36671448 0.3009411
2 0.7950835 0.6678293 0.40983295 0.33565858
