2 0.30862963 0.5553388 0.297126 0.12015307
2 0.62302965 0.5451679 0.2869333 0.12424505
2 0.8339778 0.53090495 0.08204436 0.0998112
2 0.8187037 0.49526227 0.11259258 0.097735524
2 0.81362224 0.45758843 0.12275553 0.0997816
2 0.8054889 0.42397708 0.13902223 0.10182762
2 0.7942889 0.38834924 0.16142225 0.095689416
2 0.7881852 0.35067537 0.17362964 0.097735584
2 0.7800518 0.31605574 0.18989635 0.105890095
2 0.7688519 0.28143615 0.21229625 0.097735584
2 0.76377034 0.2530765 0.22245932 0.081152976
2 0.7556222 0.23678236 0.23875558 0.048564702
2 0.46837783 0.23372807 0.2787851 0.04245612
2 0.48160738 0.25002226 0.28082958 0.07504451
2 0.5019481 0.2773589 0.28080007 0.12219924
2 0.5182148 0.31605574 0.28488886 0.12219924
2 0.53959256 0.35169837 0.2747259 0.11199856
2 0.5538296 0.3873262 0.26657772 0.10995257
2 0.57520735 0.4280542 0.28082964 0.105890095
2 0.59249634 0.46268874 0.26657772 0.10998213
2 0.60877776 0.50647104 0.25842953 0.12015307
2 0.29234815 0.5064562 0.31339264 0.116090655
2 0.2809185 0.4708284 0.31183702 0.122169495
2 0.26871112 0.4270461 0.28742224 0.12421548
2 0.2585333 0.38529488 0.2670666 0.11810702
2 0.24835555 0.34557503 0.2467111 0.12015307
2 0.23817779 0.3028158 0.22635558 0.12827796
2 0.23004442 0.26834774 0.21008885 0.11169547
2 0.21681482 0.25002235 0.18362963 0.07504469
