2 0.33919597 0.39425993 0.11420804 0.22838399
2 0.516684 0.42521995 0.127936 0.13619196
2 0.507724 0.46854806 0.12659195 0.13209608
2 0.49398 0.520836 0.12380803 0.1458559
2 0.476092 0.5703719 0.12656003 0.14035201
2 0.45201197 0.613028 0.10592002 0.14310396
2 0.502924 0.78208405 0.086655974 0.18675196
2 0.553132 0.798708 0.06879997 0.21174395
2 0.608172 0.79810005 0.06329608 0.20777607
2 0.6887 0.60064405 0.09775996 0.12659204
2 0.667132 0.644212 0.09865594 0.12841606
2 0.664588 0.724484 0.10457599 0.13760018
2 0.67078 0.7987879 0.10319996 0.14035201
2 0.67215604 0.840756 0.10044801 0.14172804
2 0.7843 0.87078 0.08531201 0.083440065
2 0.781548 0.82562 0.09356797 0.097696066
2 0.771916 0.7877799 0.08531201 0.115584016
2 0.785676 0.745124 0.08256006 0.11833608
2 0.772604 0.6646281 0.10044801 0.13622403
2 0.75777197 0.613604 0.07519996 0.098559976
