2 0.16748042 0.18228672 0.33496085 0.22413865
2 0.18225704 0.14158821 0.36451408 0.17416936
2 0.1404482 0.048929688 0.2808964 0.097859375
2 0.44525996 0.052526474 0.10948008 0.10505295
2 0.4857676 0.26894793 0.028464794 0.24440372
2 0.173829 0.3555184 0.347658 0.2889632
2 0.17256103 0.34063536 0.34512207 0.31872928
2 0.15480414 0.38391095 0.30960828 0.23217809
2 0.13093595 0.42011973 0.2618719 0.13639903
2 0.75 0.16055003 0.5 0.32110006
2 0.97541404 0.094686784 0.049171925 0.18937357
2 0.9529188 0.15781595 0.094162345 0.3156319
2 0.91729903 0.22930881 0.16540194 0.3641526
2 0.75 0.2633999 0.5 0.38659775
2 0.7085803 0.339343 0.41716063 0.23819691
2 0.648707 0.4030063 0.29741395 0.1126343
2 0.4674946 0.85074365 0.065010786 0.2985127
2 0.41308182 0.81601155 0.17383635 0.3679769
2 0.3669652 0.7939159 0.2660696 0.41216815
2 0.3043421 0.76463777 0.31022775 0.47072446
2 0.22094703 0.7765862 0.25815284 0.44682765
2 0.14144248 0.77304804 0.2457943 0.4539038
2 0.67906904 0.69901204 0.105994225 0.108502865
2 0.6878528 0.7135232 0.1361829 0.12868464
2 0.85649705 0.6232423 0.14940429 0.08603549
2 0.56192976 0.70816255 0.123859525 0.116436005
2 0.50911665 0.8235292 0.018233329 0.14308119
2 0.531787 0.7858753 0.06357396 0.14039314
2 0.60020465 0.8077548 0.15437639 0.09811902
2 0.6156849 0.834142 0.15606833 0.0981859
2 0.6299268 0.8544493 0.14762163 0.08951151
2 0.7531903 0.8848151 0.17822874 0.09167135
2 0.856524 0.83033305 0.15557754 0.079977274
2 0.8949525 0.78295416 0.13101578 0.07378423
2 0.8794361 0.6813381 0.13591695 0.09930599
2 0.9577811 0.67308366 0.08443785 0.09713578
2 0.96311665 0.6971547 0.07376671 0.092458606
2 0.9589044 0.74849576 0.08219111 0.093607545
2 0.9750218 0.8692089 0.04995644 0.11641765
2 0.966611 0.88141286 0.066778004 0.1216141
2 0.9588536 0.8902073 0.082292795 0.11993408
2 0.9521325 0.8976495 0.08848894 0.109556794
2 0.93792367 0.9052798 0.08402586 0.09403241
2 0.9197992 0.9121727 0.06685412 0.07981789
2 0.8893444 0.9174 0.08938897 0.0690552
2 0.87100554 0.9284908 0.092672825 0.046605468
2 0.5630425 0.91253126 0.12608504 0.07384908
2 0.5699625 0.9236015 0.139925 0.051930666
2 0.6837967 0.8816289 0.10933566 0.09865928
2 0.8517848 0.6554513 0.122992754 0.06819415
