2 0.36005235 0.18957545 0.2323953 0.20368126
2 0.36139575 0.26380056 0.2297085 0.19740021
2 0.36094293 0.3212511 0.23061413 0.19845706
2 0.3551769 0.35481676 0.2421462 0.14286649
2 0.3556146 0.39218602 0.24127078 0.06812799
2 0.11291179 0.40686193 0.17832357 0.0387761
2 0.1169118 0.3717273 0.18632358 0.10904539
2 0.123583496 0.3339353 0.19966698 0.18462938
2 0.12136462 0.28208512 0.19522923 0.18589498
2 0.11824009 0.22336628 0.18898016 0.19836655
2 0.926471 0.105477415 0.077797174 0.03345482
2 0.76257247 0.10028935 0.07782602 0.02307871
2 0.6920362 0.11844753 0.042550683 0.059395052
2 0.5717174 0.12104156 0.05913043 0.06458311
2 0.5229167 0.16115862 0.025833368 0.065212935
2 0.25830096 0.8409567 0.4214943 0.1705867
2 0.24851981 0.8836558 0.2489962 0.08518851
2 0.25033963 0.78814065 0.45182073 0.22506106
2 0.10411981 0.6454046 0.1607396 0.14580917
2 0.26679245 0.6760631 0.4189151 0.20371139
2 0.26279244 0.65029657 0.4269151 0.15559316
2 0.25 0.6022677 0.4525 0.059535384
2 0.06455753 0.58759177 0.081615075 0.030183434
2 0.8997065 0.5283732 0.20058703 0.056746364
2 0.90771043 0.55313957 0.18457913 0.106279165
2 0.9052416 0.5899734 0.18951678 0.17994678
2 0.9107555 0.6146576 0.17848897 0.22931516
