2 0.563394 0.13749261 0.19464341 0.19017258
2 0.36337772 0.15234119 0.18126321 0.20402455
2 0.33526218 0.25936478 0.17079067 0.17359817
2 0.17556174 0.24301183 0.14627227 0.15581405
2 0.44640782 0.44669428 0.19392473 0.17404169
2 0.34185952 0.5448892 0.1640954 0.14406371
2 0.35175994 0.38390583 0.17252278 0.16364413
2 0.63266516 0.6972363 0.16524982 0.17698598
2 0.573675 0.64208364 0.15349486 0.13806653
2 0.57609695 0.7809449 0.15558276 0.16925943
2 0.93290365 0.704766 0.1341927 0.22355008
2 0.8571897 0.9282378 0.16372418 0.14352441
2 0.79395723 0.8505912 0.13053203 0.1632278
2 0.7060654 0.91814023 0.15875721 0.16371953
2 0.3646142 0.71715164 0.08639151 0.19025683
2 0.31058794 0.61762244 0.14909005 0.15616667
2 0.1748549 0.70806825 0.0969193 0.12259674
2 0.22675334 0.7654066 0.1608338 0.14252675
2 0.19558676 0.8483913 0.14795807 0.12051952
2 0.11760848 0.84999174 0.14782484 0.12612951
2 0.10348168 0.9655991 0.11275571 0.06880176
2 0.41350293 0.9431584 0.14328837 0.11368322
2 0.0812167 0.73755 0.085118935 0.124351144
2 0.12835048 0.79990035 0.13802066 0.118590355
2 0.17747393 0.5304036 0.16224688 0.1528137
2 0.25018573 0.48299375 0.15860331 0.1501568
2 0.38728133 0.6589101 0.14720362 0.14966142
2 0.25400636 0.34599724 0.15814602 0.16040188
2 0.45696273 0.08990755 0.18710333 0.1798151
2 0.26804274 0.115658164 0.15579714 0.18258315
2 0.72395366 0.6920405 0.16085315 0.22073221
2 0.52681446 0.5217694 0.18354535 0.15614152
2 0.64729244 0.4303368 0.20158005 0.17151994
2 0.74708015 0.3257261 0.2051878 0.18473066
2 0.5466374 0.36081064 0.19521257 0.16758561
2 0.77978486 0.24925518 0.22543132 0.20965844
2 0.57760644 0.2648747 0.20302197 0.18861109
2 0.7645257 0.12716715 0.22891486 0.21318895
2 0.09496178 0.26361823 0.13705271 0.17205584
2 0.18136844 0.16072793 0.16593838 0.19609442
2 0.67900157 0.0682479 0.21045351 0.1364958
2 0.96410376 0.2817899 0.07179248 0.28303802
2 0.90836084 0.3974518 0.18327832 0.25572115
2 0.85472447 0.44962716 0.15554571 0.2404888
2 0.8417237 0.36427388 0.15117717 0.24290347
2 0.62463105 0.49392813 0.20197666 0.16124237
