2 0.29952568 0.17965594 0.40094864 0.35931188
2 0.05335488 0.09080616 0.10670976 0.18161231
2 0.12050458 0.4186407 0.24100916 0.054136395
2 0.11849789 0.3712741 0.23699579 0.1450811
2 0.24542415 0.40477312 0.36904514 0.12310237
2 0.24154118 0.4388713 0.36646545 0.057043135
2 0.13945797 0.31382254 0.27891594 0.2656529
2 0.006821108 0.31419617 0.013642216 0.20788087
2 0.04274024 0.26209196 0.08548048 0.30038446
2 0.02449813 0.13771659 0.04899626 0.27543318
2 0.18975198 0.13533738 0.37950397 0.27067477
2 0.27993795 0.29400322 0.40609485 0.3004629
2 0.27964175 0.35263085 0.36602664 0.229524
2 0.87338346 0.32153544 0.10536647 0.052275002
2 0.88070863 0.35013577 0.11358273 0.049797893
2 0.8753906 0.37474027 0.11097503 0.03801942
2 0.75514853 0.37232015 0.110206366 0.042859733
2 0.7495116 0.32314408 0.10052669 0.05549234
2 0.8118461 0.30786875 0.10938084 0.057115316
2 0.8122589 0.34048367 0.11180067 0.057827115
2 0.8194902 0.3670955 0.110206366 0.053309023
2 0.819903 0.38238508 0.10778642 0.022729874
2 0.68477136 0.315542 0.104569435 0.051563144
2 0.5926677 0.3183323 0.060335398 0.053897917
2 0.63570374 0.37597883 0.09810674 0.03554237
2 0.6361023 0.3521146 0.10214949 0.052275002
2 0.6916041 0.3828264 0.10052669 0.021847248
2 0.6944226 0.36669686 0.10297513 0.054106236
2 0.5915147 0.3472743 0.058029413 0.052275002
2 0.6340952 0.3275858 0.093295336 0.04826039
2 0.25 0.84214246 0.5 0.31571507
2 0.25 0.7940929 0.5 0.3694408
2 0.25 0.72602326 0.5 0.34337318
2 0.25 0.6737915 0.5 0.2804978
2 0.25 0.62995714 0.5 0.18283057
2 0.71649694 0.51650167 0.2737962 0.03300333
2 0.70968235 0.54871356 0.27150798 0.09742713
2 0.69889545 0.5818151 0.26003563 0.16363028
2 0.90417063 0.59793705 0.19165874 0.1958741
2 0.98771185 0.62918043 0.024576306 0.18266928
2 0.9938867 0.58671623 0.012226582 0.17343247
2 0.91080606 0.5704571 0.17838788 0.1409142
2 0.9158879 0.5415124 0.16822422 0.08302486
2 0.9219649 0.5154962 0.15607023 0.030992389
