2 0.10057266 0.20207544 0.19614533 0.20368126
2 0.09922925 0.27630055 0.1934585 0.19740021
2 0.09968207 0.33375108 0.19436415 0.19845706
2 0.105448104 0.37356675 0.20589621 0.15536648
2 0.10501039 0.410936 0.20502079 0.08062798
2 0.3689632 0.42561194 0.25707358 0.051276147
2 0.3649632 0.3904773 0.2650736 0.121545434
2 0.3582915 0.34974056 0.278417 0.19123995
2 0.36051038 0.2945851 0.27397925 0.18589498
2 0.3636349 0.23586626 0.26773018 0.19836655
2 0.87806064 0.1929681 0.103105664 0.15947537
2 0.973086 0.1443488 0.05382806 0.16784757
2 0.95973897 0.28461295 0.08052206 0.12733257
2 0.9801841 0.38283482 0.039631844 0.10037309
2 0.9466629 0.42834064 0.09799898 0.10721266
2 0.9389203 0.48209083 0.12215936 0.03581834
2 0.8610054 0.34310362 0.080783725 0.114228785
2 0.78069353 0.34770724 0.07336283 0.08213359
2 0.7478576 0.26530614 0.119158745 0.09018232
2 0.7110715 0.20347816 0.1157428 0.10433781
2 0.5225871 0.27473626 0.04517424 0.10179198
2 0.54295856 0.4181348 0.085917145 0.07757336
2 0.63764477 0.372933 0.102133155 0.079381645
2 0.6397887 0.40118688 0.09473431 0.06847823
2 0.74468946 0.46094522 0.087206125 0.07657009
2 0.72850174 0.46997476 0.082651734 0.060050488
2 0.6418702 0.47396073 0.10307193 0.052078545
2 0.58875644 0.46261507 0.08862519 0.0637508
2 0.52792686 0.35182762 0.055853724 0.06236106
2 0.35284075 0.69154197 0.11681849 0.06415379
2 0.20693518 0.6935806 0.148563 0.060076475
2 0.10448425 0.69866604 0.03396851 0.062122583
2 0.14925463 0.8931586 0.123509265 0.062122583
2 0.14212869 0.8743217 0.10925737 0.06109953
2 0.13907686 0.8570119 0.103153706 0.059068322
2 0.13398798 0.83257055 0.09297595 0.06109965
2 0.1304324 0.8132221 0.08586478 0.06109965
2 0.12381759 0.7954008 0.072635174 0.05599928
2 0.119239815 0.7775869 0.06347962 0.054976225
2 0.115676865 0.7572229 0.056353725 0.052945018
2 0.10957313 0.7399056 0.044146255 0.054991126
2 0.10448425 0.7180145 0.03396851 0.060076475
2 0.21507591 0.71802187 0.1566963 0.058045387
2 0.22321668 0.7358358 0.16077042 0.061084747
2 0.23592778 0.75772697 0.16177776 0.0621078
2 0.24406853 0.77860254 0.1577037 0.05905354
2 0.2547574 0.7984625 0.15872592 0.060076475
2 0.26594996 0.8198421 0.16075553 0.06413901
2 0.27560925 0.84020615 0.16380739 0.0621078
2 0.28528333 0.8610817 0.15669632 0.06720805
2 0.29850554 0.88144577 0.16077042 0.061084747
2 0.3076685 0.90384847 0.16075553 0.06313074
2 0.39812222 0.8656705 0.026255548 0.060076475
2 0.39150742 0.8422448 0.039485157 0.06413901
2 0.38387778 0.82289636 0.054744422 0.062122583
2 0.3803148 0.7999822 0.061870396 0.06109965
2 0.37573704 0.77860993 0.07102591 0.057022333
2 0.37167037 0.75671136 0.07915926 0.060076475
2 0.36607036 0.73328567 0.09035927 0.060076475
2 0.36047778 0.7108904 0.10154444 0.05599928
2 0.51972544 0.5248553 0.039450914 0.04971063
2 0.540318 0.57195354 0.080636024 0.07396114
2 0.5557854 0.5354464 0.080881596 0.07089281
2 0.5751731 0.5425159 0.08687878 0.08503178
2 0.59909856 0.5270994 0.09360111 0.054198742
2 0.66890955 0.5241877 0.12648046 0.048375398
2 0.6844278 0.5334624 0.13163483 0.06692481
2 0.6980447 0.53974134 0.12720227 0.07626343
2 0.80592865 0.55131507 0.17480898 0.08696699
2 0.85246897 0.5171253 0.10161066 0.034250617
2 0.91807956 0.6016621 0.096853614 0.091258645
2 0.916823 0.6163696 0.11473036 0.09212458
2 0.9221525 0.64507496 0.12461138 0.120756626
2 0.9080264 0.6504533 0.12500632 0.12175381
2 0.84986234 0.62929446 0.1352613 0.068920255
2 0.8618158 0.71533096 0.119977 0.12036359
2 0.9428441 0.79480755 0.114311814 0.08052063
2 0.9578303 0.81011 0.08433938 0.06205821
2 0.64762074 0.7884948 0.08331859 0.094025254
2 0.5900084 0.7885375 0.09815049 0.089912415
2 0.56562734 0.77692604 0.06870544 0.053213358
2 0.5177906 0.58025455 0.03558123 0.044100165
2 0.56640303 0.68231124 0.12016344 0.07448971
2 0.57859886 0.6628053 0.1170032 0.06901693
2 0.5800591 0.63120264 0.10945618 0.07676089
2 0.65916324 0.59799373 0.112234235 0.0805738
2 0.6669713 0.6138951 0.1334455 0.08194387
2 0.69419265 0.6935164 0.13586009 0.08453703
2 0.70679563 0.7113999 0.13927019 0.085243344
2 0.7257602 0.7464621 0.13705277 0.07739627
2 0.7544852 0.70903844 0.14284432 0.083081484
2 0.77369463 0.72109264 0.14578843 0.08635032
2 0.7925072 0.73275787 0.15175664 0.0884881
2 0.80828154 0.7486349 0.15278852 0.085294366
2 0.68477786 0.7519172 0.116256475 0.08652735
2 0.74433655 0.5558893 0.107308745 0.083345175
2 0.96706474 0.7656928 0.06587052 0.07162726
2 0.9687661 0.76168513 0.062467813 0.09382284
2 0.9738616 0.74484205 0.05227691 0.08979726
