2 0.43318862 0.121380776 0.09239507 0.06526155
2 0.2737584 0.16905905 0.18169259 0.092870444
2 0.25555888 0.15180053 0.180992 0.07764289
2 0.11947206 0.2524411 0.1665057 0.104008436
2 0.10199709 0.2175081 0.14754048 0.09684293
2 0.07882138 0.18723908 0.11211608 0.072475135
2 0.071519025 0.18307354 0.09730892 0.058918983
2 0.93179667 0.10108087 0.13640666 0.20216174
2 0.96947825 0.25214598 0.05717945 0.23676336
2 0.84538925 0.36566937 0.2844547 0.26866126
2 0.6854947 0.41085142 0.37098944 0.17829716
2 0.7881973 0.18352 0.34290838 0.29786006
2 0.6580291 0.3198582 0.31605816 0.3224604
2 0.7014327 0.0865004 0.33455563 0.1730008
2 0.6021136 0.1906936 0.20422724 0.33834693
2 0.80337286 0.022464838 0.09783828 0.044929676
2 0.6428745 0.015731262 0.21306741 0.031462524
2 0.40931964 0.60948753 0.18136072 0.07902074
2 0.21667463 0.59197754 0.17714418 0.07239604
2 0.063532464 0.57522523 0.11276744 0.06816411
2 0.07293145 0.5472752 0.119101316 0.038102984
2 0.06548419 0.5586487 0.11092354 0.060850024
2 0.22675553 0.570493 0.1841561 0.066257
2 0.23646465 0.56318843 0.18725175 0.050599217
2 0.25126225 0.5539862 0.18625683 0.030096173
2 0.43048957 0.5679052 0.13902086 0.027342796
2 0.424073 0.5788698 0.15185398 0.051215887
2 0.4177863 0.59086925 0.1644274 0.06804514
2 0.5871241 0.5745875 0.094248295 0.056675076
2 0.5991803 0.55611134 0.11836052 0.01972258
2 0.6072364 0.5645504 0.13447285 0.03660083
2 0.6052154 0.5822275 0.1304307 0.071955085
2 0.63344824 0.5688044 0.12224555 0.044185877
2 0.65716755 0.58526194 0.09894729 0.048223138
2 0.66320264 0.60533625 0.08204913 0.064260244
2 0.68491495 0.59489256 0.082021 0.030532002
2 0.7014061 0.61297625 0.055494666 0.04741013
