2 0.6840243 0.16289726 0.19236338 0.25294262
2 0.92100054 0.11942561 0.15799892 0.23885122
2 0.46448222 0.3641727 0.17399162 0.2130863
2 0.09224433 0.7897537 0.10642919 0.11757219
2 0.17224202 0.6546659 0.13025755 0.23023355
2 0.2205644 0.64654666 0.12871683 0.26185548
2 0.27092138 0.65933746 0.1294499 0.26412404
2 0.28108454 0.84171504 0.13352734 0.16122139
2 0.3021115 0.76107323 0.15296327 0.19888186
2 0.33357298 0.67398375 0.15740764 0.19995332
2 0.34948027 0.62306726 0.15743726 0.19963789
2 0.5188742 0.48350936 0.17012799 0.21029767
2 0.5166124 0.5315405 0.15505365 0.18132126
2 0.49451867 0.5770943 0.15972179 0.19629928
2 0.4635337 0.667475 0.15178141 0.15451694
2 0.43760267 0.7136044 0.14507908 0.17639077
2 0.4368969 0.77193487 0.14296943 0.18224955
2 0.3941394 0.8647488 0.16172498 0.20485246
2 0.5886396 0.65035325 0.14086604 0.15182245
