2 0.8403784 0.59528214 0.3192432 0.5758922
2 0.3500895 0.34844422 0.700179 0.69688845
2 0.6703902 0.96017784 0.56363356 0.0762732
2 0.39144504 0.9647124 0.32560742 0.07057524
2 0.37194633 0.8977797 0.48732308 0.2044406
2 0.62399447 0.8849652 0.6448269 0.22681499
2 0.85854906 0.9188194 0.28290188 0.12857544
2 0.86035335 0.9585999 0.26151323 0.049390316
2 0.6155162 0.7624188 0.74888396 0.46653903
2 0.330101 0.7925461 0.660202 0.4149078
2 0.37349308 0.61622834 0.74698615 0.72336674
2 0.32415128 0.4097376 0.64830256 0.8194752
2 0.5486079 0.4223855 0.9027842 0.80940783
2 0.8433449 0.75663686 0.31331015 0.3947066
2 0.8763667 0.8496472 0.24726665 0.261801
