2 0.26587558 0.6005719 0.53175116 0.52755976
2 0.32505843 0.35640603 0.65011686 0.44970906
2 0.76095927 0.23011282 0.47808146 0.41417772
2 0.28855038 0.71656543 0.57710075 0.56686914
2 0.32697177 0.76462084 0.6419637 0.47075832
2 0.35243773 0.81641674 0.6467905 0.36716652
2 0.4607692 0.88980615 0.59451264 0.2203877
2 0.62816185 0.8184388 0.7436763 0.36312234
2 0.85418916 0.8885408 0.29162169 0.22291839
2 0.4088482 0.638471 0.5754114 0.3463857
2 0.8312176 0.5156605 0.33756483 0.35468972
2 0.7933194 0.3827542 0.4133612 0.37717557
2 0.876072 0.69104695 0.24785602 0.5121472
2 0.4743486 0.7446791 0.61877394 0.45000553
2 0.5667846 0.77007324 0.7154207 0.45985353
2 0.81256217 0.8323992 0.37487566 0.33520162
2 0.82756644 0.5681735 0.3448671 0.486544
