2 0.4919745 0.3856338 0.20362622 0.11625123
2 0.4720499 0.4376792 0.22098422 0.11331904
2 0.47724456 0.50106275 0.21454242 0.123251915
2 0.4686131 0.5602542 0.21329221 0.10957909
2 0.45612788 0.61290187 0.21518305 0.12943065
2 0.4562936 0.66595095 0.21307737 0.12316489
2 0.45201504 0.7186566 0.19622311 0.115545034
2 0.4432238 0.7717373 0.21299809 0.12178624
2 0.42398444 0.81686646 0.2037732 0.11779463
2 0.40707245 0.8528574 0.21771163 0.10954809
2 0.69828403 0.56919473 0.21459508 0.12325704
2 0.6797063 0.677463 0.20643985 0.115201235
2 0.67949104 0.73506737 0.20851994 0.1212008
2 0.67628056 0.792413 0.17975223 0.11249721
2 0.6626234 0.8570861 0.2190578 0.12368274
2 0.6536164 0.8885144 0.20056129 0.084074736
2 0.69985634 0.5131966 0.21312988 0.12317002
2 0.72013485 0.4104341 0.1952734 0.12141371
2 0.6078962 0.37091428 0.21189117 0.12600517
2 0.60132784 0.4318062 0.21648073 0.12776136
2 0.5832012 0.48082775 0.21284094 0.12013635
2 0.57713985 0.5363976 0.20808911 0.116677016
2 0.5825374 0.5976524 0.21308744 0.123271346
2 0.5651432 0.6467706 0.21146035 0.1214813
2 0.56401455 0.70589906 0.21173406 0.1243552
2 0.5616912 0.7617181 0.2150259 0.1277808
2 0.54965216 0.8174696 0.21578112 0.12041688
2 0.5486508 0.8671961 0.21009877 0.10718703
2 0.8408835 0.4076142 0.20202947 0.114780426
2 0.89565104 0.53877604 0.14184034 0.10281563
2 0.8976408 0.48212242 0.14471841 0.11085191
2 0.81353056 0.56128496 0.19482732 0.11673033
2 0.8139241 0.5020864 0.19964671 0.120354205
2 0.8014734 0.7899364 0.20543778 0.119430184
2 0.7808212 0.8418319 0.2040571 0.120774984
2 0.7796855 0.8929689 0.2064538 0.09950864
2 0.8931392 0.5885084 0.13686717 0.096487164
2 0.8112959 0.6239598 0.19622815 0.11559832
2 0.87942815 0.7010272 0.14337301 0.10306728
2 0.9059361 0.43683857 0.12812781 0.10221577
