2 0.3440711 0.12391168 0.19904004 0.07532334
2 0.33162665 0.100818336 0.20259553 0.029136673
2 0.39925778 0.14870223 0.10148442 0.11818666
2 0.39774668 0.12334278 0.10450661 0.07418558
2 0.62372637 0.48635852 0.08061504 0.027282953
2 0.7271244 0.48898345 0.23721969 0.022033095
2 0.27353093 0.6828441 0.30840355 0.1831882
2 0.341284 0.7607268 0.19579428 0.076048136
2 0.33128586 0.61790323 0.23828101 0.05330646
2 0.1222309 0.6539049 0.17446181 0.0847466
2 0.073980436 0.7161783 0.07796088 0.18778586
2 0.06255375 0.7852452 0.05510749 0.15921998
2 0.95418715 0.9683072 0.09162569 0.063385606
2 0.7076243 0.87097925 0.32203078 0.19425714
2 0.67937005 0.8874477 0.30570602 0.17183995
2 0.5407867 0.7094058 0.08157337 0.16893554
2 0.52399623 0.75445974 0.047992498 0.14715874
