2 0.16885641 0.3308892 0.059384644 0.059398055
2 0.1419795 0.23683652 0.033959 0.051484242
2 0.14495043 0.25119016 0.03990087 0.046538964
2 0.1513812 0.26851574 0.05276239 0.051477432
2 0.18568376 0.24524963 0.049483776 0.06435703
2 0.18865131 0.19822164 0.067302614 0.041586846
2 0.20052822 0.18089603 0.067302614 0.044555396
2 0.2732735 0.14824556 0.056417093 0.046491116
2 0.22972476 0.3091074 0.042564094 0.06534201
2 0.2757487 0.31603968 0.041565776 0.047523916
2 0.356053 0.31603968 0.03789401 0.047523916
2 0.30395386 0.23831737 0.05443418 0.052476034
2 0.3158308 0.22594392 0.052451313 0.055444613
2 0.34948203 0.17990425 0.03265637 0.068317354
2 0.6519936 0.19181353 0.20648718 0.2883026
2 0.82231134 0.19660649 0.19136631 0.28031462
2 0.3524008 0.5134486 0.1148985 0.026734352
2 0.35156336 0.9517786 0.29687327 0.09644282
2 0.23749308 0.93218625 0.29185382 0.13562751
2 0.23918784 0.8529428 0.25102746 0.14620566
2 0.3418005 0.8038371 0.24637061 0.12993193
2 0.44090998 0.7767039 0.11818004 0.12130082
2 0.35915804 0.8857301 0.28168392 0.1730038
2 0.04639142 0.7955618 0.09278284 0.13536549
2 0.085552216 0.91116464 0.17110443 0.1776706
2 0.48263988 0.8201482 0.034720242 0.12606454
2 0.22893633 0.9833258 0.284763 0.03334844
2 0.47214416 0.6921838 0.055711687 0.09021294
2 0.46586597 0.596125 0.06826806 0.06331217
2 0.4330618 0.728606 0.13387638 0.11179364
2 0.25299865 0.7181367 0.1917845 0.093271494
2 0.12270425 0.5365639 0.17225626 0.06597853
2 0.3294728 0.5890605 0.18131821 0.074552774
2 0.27085766 0.51885486 0.12932998 0.037709713
2 0.048019182 0.7990271 0.096038364 0.13846576
2 0.0701256 0.5543803 0.1402512 0.068609595
2 0.10238085 0.6532931 0.2047617 0.10700023
2 0.10022139 0.7277741 0.20044278 0.13270664
2 0.24608263 0.7739912 0.23880903 0.13457179
2 0.3374182 0.6633872 0.20833457 0.101035714
2 0.25686884 0.6060913 0.18833053 0.08085573
2 0.1154593 0.56992966 0.20008428 0.08387327
2 0.10525597 0.61651176 0.21051194 0.092262626
2 0.4277514 0.57482386 0.14449722 0.071826935
2 0.42739958 0.5498128 0.14520085 0.06879377
2 0.47446662 0.5292228 0.051066756 0.039297342
2 0.036196858 0.94870913 0.072393715 0.1025818
2 0.8091384 0.779017 0.14475131 0.16194177
2 0.7637848 0.77269745 0.24122131 0.20574391
2 0.6797799 0.782441 0.3068905 0.22516203
