2 0.13626172 0.14833428 0.09441046 0.14888611
2 0.12312413 0.154401 0.11683969 0.161302
2 0.05116613 0.17753306 0.09983226 0.14199558
2 0.08014999 0.14345126 0.07151976 0.13940254
2 0.016943078 0.23211566 0.03138616 0.08229105
2 0.60521 0.209432 0.08542001 0.05285597
2 0.780738 0.228634 0.17980409 0.06505203
2 0.79542 0.20830399 0.18296802 0.048791975
2 0.908814 0.283974 0.057371974 0.07996398
2 0.918526 0.24625199 0.037948012 0.075895995
2 0.405923 0.72749394 0.15565395 0.110005856
2 0.24149199 0.709157 0.28207198 0.11892998
2 0.17914 0.7185738 0.24842405 0.10604048
2 0.19200402 0.7349241 0.23851997 0.099102974
2 0.25832 0.75920916 0.27019197 0.09811771
2 0.205368 0.78546894 0.23753604 0.095137596
2 0.22763601 0.8092573 0.220712 0.081270695
2 0.23406802 0.8781352 0.21180001 0.070359826
2 0.23010798 0.8647529 0.21773598 0.07730532
2 0.21872798 0.852368 0.22268802 0.076311946
2 0.430663 0.89002943 0.10617399 0.06244123
2 0.429179 0.8825953 0.109142005 0.07730949
2 0.422251 0.8518714 0.122998 0.08324933
2 0.417799 0.82709765 0.13190198 0.081270695
2 0.417799 0.8038059 0.13190198 0.09217358
2 0.412851 0.77456605 0.14179802 0.09712434
2 0.40592298 0.7463236 0.15565401 0.11001384
2 0.28751197 0.83254504 0.24148798 0.08027732
2 0.67103887 0.73525774 0.042488933 0.075484514
2 0.66551 0.5781183 0.10382223 0.043736696
