2 0.16278128 0.18521203 0.05639258 0.043370813
2 0.23155317 0.19001688 0.061323106 0.049317926
2 0.23733224 0.21620038 0.061137706 0.046235293
2 0.30074954 0.21399392 0.05940181 0.04271698
2 0.18590057 0.26359618 0.067124784 0.05298978
2 0.22130698 0.2948645 0.063868836 0.049541473
2 0.2254076 0.24854612 0.06329 0.048365995
2 0.12372517 0.31496066 0.050049886 0.0475989
2 0.1153965 0.35369486 0.042465605 0.049237013
2 0.20123509 0.34914327 0.03255126 0.068816245
2 0.23062749 0.31892982 0.060752183 0.056720674
2 0.28747913 0.35607746 0.04662472 0.049648523
2 0.26169783 0.37427115 0.07480897 0.06275451
2 0.27335897 0.39971644 0.07250373 0.043067157
2 0.31225288 0.40213925 0.07697904 0.038221538
2 0.3486818 0.3775058 0.077818215 0.062100828
2 0.38916346 0.40347323 0.06667304 0.035553515
2 0.38737708 0.39280528 0.07024586 0.056889415
2 0.30779377 0.39337832 0.07037288 0.055743337
2 0.3574471 0.40193284 0.07189298 0.0386343
2 0.29262137 0.2967427 0.0722785 0.054472625
2 0.2624116 0.2794834 0.06541981 0.04998529
2 0.37447077 0.3154683 0.072101474 0.051392257
2 0.1959075 0.32856813 0.0565854 0.055023372
2 0.26582158 0.24027576 0.06219423 0.04704258
2 0.34389853 0.2519158 0.05985695 0.04183735
2 0.20155527 0.1736064 0.057912678 0.043300807
2 0.26802793 0.18166463 0.05642301 0.04387635
2 0.15066016 0.2819577 0.06083706 0.04968381
2 0.15458715 0.23845565 0.06112936 0.046232894
2 0.15025088 0.21451421 0.060188092 0.047478408
2 0.372561 0.19886452 0.06996566 0.049673498
2 0.37319994 0.27200887 0.066135526 0.046761394
2 0.40527266 0.3681663 0.034454644 0.04848051
2 0.40121886 0.2345209 0.042562246 0.0463486
2 0.33704305 0.22177017 0.065959334 0.050644547
2 0.30068016 0.19335972 0.06541979 0.04998529
2 0.13294612 0.16232365 0.053767174 0.04311639
2 0.12391146 0.27325842 0.049338922 0.04538381
2 0.77353096 0.18284409 0.3084035 0.18318817
2 0.84128404 0.26072684 0.19579422 0.07604809
2 0.83128583 0.11790322 0.23828101 0.05330643
2 0.6222309 0.15390491 0.17446184 0.0847466
2 0.57398045 0.21617827 0.07796085 0.18778592
2 0.56255376 0.2852452 0.055107474 0.15921992
2 0.040665995 0.8308975 0.08133199 0.15704525
2 0.18046376 0.82692087 0.115226984 0.108674765
2 0.17244262 0.79606164 0.11133509 0.100450516
2 0.16056141 0.76048434 0.10579479 0.10316086
2 0.14594811 0.72760284 0.10447943 0.093933344
2 0.1265679 0.70007503 0.084641814 0.089793205
2 0.16805962 0.5998089 0.07000631 0.108150005
2 0.20943005 0.5976425 0.058624744 0.10797775
2 0.25654265 0.5959913 0.05966586 0.1102165
2 0.34058478 0.7172171 0.10655671 0.093070865
2 0.31686947 0.6864923 0.1025008 0.088983536
2 0.31148642 0.63240534 0.10549235 0.09075546
2 0.31448528 0.5846067 0.10274637 0.08955014
2 0.31448746 0.57006705 0.09822571 0.06779671
2 0.42372155 0.56341976 0.10684538 0.06731689
2 0.416028 0.5885257 0.09924048 0.07847428
2 0.43412808 0.6171732 0.10018462 0.082451105
2 0.42691875 0.674941 0.12257719 0.09968138
2 0.41276062 0.71029216 0.090994 0.07475877
2 0.7658285 0.6544155 0.295843 0.21326172
2 0.76707584 0.6275407 0.2933483 0.16662693
2 0.76832265 0.60214674 0.2908547 0.115839005
2 0.725392 0.57384807 0.2000978 0.059241533
