2 0.39797926 0.06728153 0.19943094 0.082356796
2 0.3974057 0.10678296 0.2005781 0.16135964
2 0.39013693 0.15314898 0.2151156 0.25409168
2 0.38912532 0.2356101 0.20915401 0.26889604
2 0.1254198 0.24531916 0.2508396 0.2217142
2 0.12889938 0.15706642 0.25779876 0.22088578
2 0.13598566 0.113068104 0.27197132 0.166565
2 0.13269976 0.07647417 0.26539952 0.09319936
2 0.12822916 0.043082327 0.2564583 0.026166335
2 0.9511363 0.28221384 0.09772742 0.11261046
2 0.7546402 0.32919237 0.27882767 0.15785903
2 0.5583464 0.39162487 0.11669278 0.17596048
2 0.5721705 0.47962752 0.14434099 0.04074496
2 0.568286 0.4590714 0.136572 0.081857204
2 0.55909 0.4423033 0.11818004 0.1153934
2 0.5539469 0.42024285 0.107893854 0.15951431
2 0.76598525 0.37189177 0.3057704 0.17682797
2 0.7794094 0.4026758 0.3232069 0.19464839
2 0.8038732 0.41783106 0.3342148 0.16433787
2 0.8216181 0.43631423 0.330858 0.12737155
2 0.8408694 0.45221126 0.3182612 0.09557748
2 0.8533024 0.46886912 0.29339516 0.06226176
2 0.9864313 0.38124496 0.027137399 0.12307596
2 0.9747411 0.34237805 0.050517797 0.116065204
2 0.96420765 0.30775535 0.0715847 0.10344601
2 0.46362528 0.7249128 0.072749436 0.10068655
2 0.38190052 0.7186872 0.13299733 0.08414328
2 0.2930125 0.80037665 0.13314568 0.07986176
2 0.29347962 0.8198653 0.12925154 0.07329154
2 0.19090113 0.82505906 0.09583467 0.08191991
2 0.16073084 0.8334236 0.096102774 0.07659209
2 0.071943 0.9009979 0.09207806 0.06979501
2 0.03663082 0.9311701 0.07326164 0.09542763
2 0.377413 0.81040585 0.11697757 0.07651627
2 0.22930504 0.86669904 0.07559994 0.07017386
2 0.14426748 0.92607224 0.1032494 0.08186197
2 0.13129067 0.97661173 0.11001223 0.028291702
2 0.24005932 0.94729275 0.10260816 0.061080813
2 0.27753976 0.92651343 0.11085291 0.064136386
2 0.29703712 0.90934664 0.099585876 0.05828595
2 0.3203814 0.8883584 0.108635426 0.06488371
2 0.36668998 0.91784513 0.10165459 0.08034825
2 0.35242903 0.97283936 0.11589205 0.047836185
2 0.45701903 0.83894086 0.08596194 0.0840472
2 0.8453506 0.7314604 0.30929875 0.46292078
2 0.8409754 0.7706716 0.3180492 0.4586568
2 0.8357928 0.85311806 0.32841444 0.29376388
2 0.8305657 0.94668245 0.33886862 0.10663509
2 0.563051 0.9532192 0.12610197 0.09356165
