2 0.6820108 0.8692625 0.63597834 0.26147497
2 0.6715791 0.7918529 0.65684175 0.41629422
2 0.66252446 0.68280375 0.6749511 0.6343925
2 0.6601814 0.6012546 0.6796372 0.79749084
2 0.31273407 0.31724593 0.4917623 0.63449186
2 0.27038512 0.1932471 0.37359864 0.3864942
2 0.22137877 0.11662777 0.25484604 0.23325554
2 0.61232406 0.25054282 0.7753519 0.50108564
2 0.65348357 0.44476616 0.69303286 0.788195
2 0.8453413 0.2266994 0.30931735 0.40296838
2 0.17498253 0.60345626 0.2456291 0.32614186
2 0.18838076 0.042785548 0.16702417 0.07861124
