2 0.03722676 0.11271058 0.03208819 0.062446885
2 0.08367069 0.07478378 0.12482522 0.107529566
2 0.14418834 0.057783686 0.24573326 0.11556737
2 0.20225015 0.03267065 0.36136442 0.0653413
2 0.9595895 0.24623254 0.06832111 0.15779416
2 0.880051 0.3346332 0.22739804 0.12840897
2 0.80055326 0.2862835 0.27354085 0.24493301
2 0.6864567 0.37967145 0.26040602 0.058157086
2 0.8563186 0.20878674 0.10612333 0.20401308
2 0.6860885 0.2758021 0.2760545 0.26589578
2 0.6206227 0.3053419 0.2312454 0.20632929
2 0.4447251 0.94428855 0.08804977 0.0439229
2 0.44633362 0.91986424 0.08483273 0.049797893
2 0.44432652 0.88652325 0.08884698 0.055492282
2 0.44512364 0.8547056 0.08725268 0.048174977
2 0.44713077 0.82616216 0.08323842 0.058795214
2 0.44593507 0.7980459 0.08562988 0.055520773
2 0.44794217 0.7698868 0.08161569 0.052274942
2 0.44673222 0.7413007 0.084035575 0.054780602
2 0.45195642 0.7164017 0.07358718 0.053100705
2 0.45356494 0.6938375 0.07037014 0.05318618
2 0.33312723 0.86158156 0.11100358 0.0554924
2 0.3375685 0.803242 0.10696089 0.051563144
2 0.33473575 0.77269137 0.10778648 0.05469513
2 0.33352578 0.74212635 0.09249818 0.05147779
2 0.3375543 0.70714825 0.11342347 0.0554924
2 0.3407856 0.6817795 0.10536653 0.051563144
2 0.33514854 0.8913493 0.110206425 0.055520892
2 0.32951158 0.9426799 0.10052669 0.04714024
2 0.39184606 0.94991183 0.10938084 0.03267646
2 0.3922589 0.9295163 0.11180067 0.057827115
2 0.3994902 0.90261006 0.110206425 0.053897977
2 0.39990303 0.8728424 0.10778648 0.052274942
2 0.39386743 0.8406403 0.110177875 0.055577755
2 0.40070018 0.8137198 0.10938084 0.05469513
2 0.39828026 0.7823149 0.10938084 0.05623269
2 0.3966717 0.7526041 0.11100358 0.057912588
2 0.40028736 0.7224378 0.11180067 0.053897977
2 0.39828026 0.6921861 0.10938084 0.05472362
2 0.26477134 0.9474632 0.104569435 0.037573576
2 0.15136209 0.9454844 0.10294661 0.041531205
2 0.05051735 0.91708815 0.081034705 0.052274942
2 0.048111655 0.6846267 0.0762233 0.0554924
2 0.10310588 0.67096007 0.09810676 0.049057722
2 0.025990658 0.89408267 0.03198132 0.05791247
2 0.101895906 0.88001734 0.0989324 0.052274942
2 0.21570373 0.8876906 0.09810676 0.04820347
2 0.21610232 0.9178854 0.10214946 0.052274942
2 0.051328737 0.85873437 0.08265748 0.051392317
2 0.15779626 0.8667778 0.09491816 0.051420808
2 0.2716041 0.87160385 0.100526705 0.05298686
2 0.27442262 0.9030087 0.10297507 0.05469513
2 0.04851023 0.7433507 0.07702045 0.05068052
2 0.15176068 0.74732256 0.10374379 0.05076599
2 0.2663799 0.7497712 0.10619217 0.053897977
2 0.15820907 0.7155903 0.098932356 0.049883366
2 0.27482116 0.7212135 0.10536653 0.05469513
2 0.27281407 0.6870326 0.10778648 0.057115316
2 0.15457919 0.68579406 0.101352304 0.051392317
2 0.15980338 0.77793026 0.098932356 0.052303553
2 0.04690169 0.80045176 0.07380339 0.049057603
2 0.047698844 0.8309455 0.07539769 0.052303553
2 0.09305605 0.82136464 0.08928115 0.052274942
2 0.15618773 0.80685794 0.09488968 0.050595164
2 0.13608809 0.8354014 0.122220665 0.051363826
2 0.21530515 0.86119723 0.094120964 0.04504299
2 0.269597 0.83826286 0.10135232 0.052303553
2 0.21651512 0.8008504 0.09813523 0.04826045
2 0.0990774 0.71033716 0.099729545 0.050595164
2 0.09707029 0.9082333 0.087686814 0.04424584
2 0.14981051 0.9227257 0.10143772 0.052274942
2 0.21409519 0.942267 0.093295366 0.047966003
2 0.9610466 0.7333545 0.07790685 0.46670902
2 0.7544156 0.75 0.4097674 0.5
2 0.5872734 0.7624908 0.17454684 0.47501838
