2 0.18510087 0.8545742 0.08908033 0.100851536
2 0.34147695 0.541775 0.0851146 0.16039678
2 0.30288547 0.4487107 0.12668715 0.097031415
2 0.32663247 0.42296514 0.12273502 0.10890561
2 0.36647522 0.3746888 0.1222291 0.11437762
2 0.46420515 0.41208276 0.06929225 0.1386047
2 0.6116718 0.48533857 0.12668729 0.09504774
2 0.6562119 0.4071307 0.15242386 0.08117658
2 0.7937777 0.4744562 0.08709741 0.097031385
2 0.83634186 0.43187758 0.08511448 0.122763276
2 0.87790775 0.6487038 0.06532645 0.14850879
2 0.34444445 0.86744016 0.11085129 0.075119734
2 0.3474188 0.78929204 0.14450598 0.08911085
2 0.37809914 0.7289021 0.16232479 0.10296857
2 0.3949265 0.6922606 0.15241021 0.085143685
2 0.36721367 0.5803933 0.104916275 0.13068414
2 0.49092647 0.61702126 0.0910632 0.14454174
2 0.48499143 0.8605113 0.11480343 0.088977456
2 0.52655727 0.87734437 0.122721404 0.055311203
2 0.6473026 0.82394326 0.13460517 0.08317375
2 0.67105645 0.78929204 0.13460517 0.08911085
2 0.5324991 0.7437517 0.11876929 0.085143685
2 0.668082 0.6546409 0.13262212 0.08117652
2 0.816547 0.7199898 0.112834215 0.10098493
2 0.8076376 0.6378146 0.06730938 0.15047872
2 0.83435893 0.6378146 0.06531274 0.1425718
2 0.6304752 0.5794015 0.1365881 0.097017646
2 0.6284991 0.518013 0.1286701 0.09306431
2 0.9016616 0.8644716 0.104902625 0.08105683
2 0.9375269 0.62988716 0.04994619 0.13068414
