2 0.07554299 0.65331036 0.15108597 0.19229794
2 0.18281141 0.4875411 0.20025015 0.16931635
2 0.18063976 0.44741333 0.1925461 0.15130496
2 0.34156767 0.44182366 0.14151561 0.17132834
2 0.38949582 0.42567483 0.14281929 0.16022831
2 0.520244 0.29134542 0.13450587 0.1366173
2 0.5820073 0.23375273 0.117836595 0.18195373
2 0.070210874 0.46204445 0.14042175 0.15486616
2 0.27421328 0.35625172 0.10794151 0.13688111
2 0.39688382 0.24444745 0.14635211 0.15154478
2 0.4105449 0.12806493 0.16945606 0.0915156
2 0.38446423 0.084529765 0.1820252 0.06720336
2 0.2483798 0.20676568 0.14422566 0.106426895
2 0.19565687 0.24455541 0.15620534 0.1138864
2 0.16862123 0.2753659 0.14085314 0.10546446
2 0.13595434 0.31402364 0.1544126 0.1201359
2 0.069480546 0.26127338 0.13896109 0.14123839
2 0.08908711 0.1619805 0.15847884 0.08435562
2 0.07657396 0.12743065 0.15314792 0.087626845
2 0.22349074 0.08813914 0.13634413 0.07160647
