2 0.3000045 0.73145217 0.13466412 0.17485142
2 0.29059696 0.7536949 0.1738767 0.20626163
2 0.4837103 0.7408349 0.18398091 0.19877958
2 0.7852815 0.56238914 0.24056017 0.26962435
2 0.8953723 0.78919274 0.15708303 0.21153867
2 0.8660579 0.85727686 0.19441843 0.19893634
2 0.8198502 0.97399014 0.23157728 0.052019715
2 0.7177615 0.900144 0.1699351 0.19971204
2 0.67258984 0.90811425 0.16467083 0.18377149
2 0.59329677 0.87504953 0.17903161 0.24641109
2 0.43925738 0.90997183 0.22470629 0.16396761
2 0.41990823 0.9364865 0.22518134 0.12702703
2 0.4019019 0.9570855 0.21001068 0.08582902
2 0.22909075 0.97665304 0.22909373 0.04669392
2 0.13205235 0.93490684 0.08557054 0.11863482
2 0.32556102 0.97334653 0.1394543 0.053306937
