2 0.46914166 0.754499 0.11488506 0.13094819
2 0.33530653 0.77212375 0.1467256 0.10075247
2 0.25112364 0.6811784 0.13753927 0.12631774
2 0.25212538 0.65308386 0.14456838 0.11829531
2 0.35632575 0.6559497 0.13151151 0.120351315
2 0.21684492 0.46743315 0.113045156 0.10068047
2 0.25602677 0.49558425 0.13395703 0.10653511
2 0.27782062 0.51933724 0.11900489 0.09607029
2 0.30317703 0.54811394 0.12796324 0.105856985
2 0.37358862 0.49786347 0.11248648 0.12706527
2 0.3704011 0.41245964 0.14402372 0.090034544
2 0.39100248 0.37857643 0.1446032 0.095383465
2 0.24666153 0.35309184 0.12822703 0.09003276
2 0.3757575 0.26590863 0.14002609 0.07139301
2 0.5311349 0.2998179 0.1237807 0.10363884
2 0.47498697 0.6030448 0.09870568 0.1272875
2 0.56927747 0.6052094 0.09321165 0.09495771
2 0.6145561 0.7057935 0.14782035 0.08869088
2 0.65959287 0.7667403 0.14171386 0.06871295
2 0.7631327 0.5836698 0.14918673 0.101177216
2 0.76097965 0.54509306 0.1402117 0.09136438
2 0.6110613 0.45883608 0.1201638 0.10676801
2 0.63262933 0.43387598 0.116739154 0.11167216
2 0.76159716 0.42948085 0.15897584 0.10049939
2 0.83195615 0.45627177 0.116087675 0.098735124
2 0.8415495 0.36462462 0.09050369 0.12461054
2 0.69159514 0.34336847 0.07927954 0.13042557
2 0.77647847 0.24005897 0.12499595 0.096723825
