2 0.6004888 0.70587707 0.22663882 0.0964483
2 0.25474715 0.68685347 0.12717438 0.08279455
2 0.27960956 0.6785208 0.13304037 0.10281098
2 0.30852753 0.67497396 0.12510312 0.11301458
2 0.3312619 0.6692186 0.115756154 0.1266805
2 0.35389662 0.6643547 0.113514125 0.13904178
2 0.38248158 0.65563416 0.09243506 0.14534009
2 0.42704567 0.6522066 0.12352419 0.13129866
2 0.45868123 0.62438005 0.13287163 0.1336956
2 0.4847519 0.60525227 0.13632447 0.13215208
2 0.5147635 0.5673506 0.107851475 0.16956663
2 0.5383112 0.5625465 0.10988057 0.17149922
2 0.6012804 0.6001918 0.16518283 0.09831715
2 0.6557823 0.4832539 0.10947645 0.16788837
2 0.5682754 0.36879465 0.1954248 0.10923666
2 0.55668515 0.3490111 0.16905144 0.08429265
2 0.76584285 0.5031787 0.096559286 0.11699426
2 0.75779766 0.48452532 0.11709046 0.12199843
2 0.7487557 0.46669716 0.13920248 0.12520137
2 0.7448804 0.44379675 0.1513803 0.12062988
2 0.6937781 0.71108186 0.12818062 0.09178412
2 0.5157307 0.40250364 0.12680233 0.09580326
2 0.49593598 0.40664798 0.13915482 0.12518346
2 0.46977147 0.4266829 0.13876766 0.12158859
2 0.44339222 0.44034955 0.13674012 0.11967093
2 0.4140783 0.4638003 0.1312617 0.11931208
2 0.3417256 0.48533767 0.12049049 0.12039146
2 0.30543622 0.5463878 0.15216798 0.111742735
2 0.18053538 0.41263 0.11107075 0.07445067
2 0.29634535 0.36457434 0.16722518 0.08417302
2 0.17320216 0.36765325 0.096404314 0.08263117
