2 0.06527827 0.098668575 0.0658247 0.058335714
2 0.065070555 0.11474887 0.06568277 0.060532287
2 0.31182647 0.28697002 0.37634706 0.33674973
2 0.29588905 0.08984671 0.38757354 0.17969342
2 0.27750918 0.066370696 0.34200042 0.13274139
2 0.29340056 0.14709157 0.4131989 0.29418314
2 0.31339747 0.21534851 0.37320507 0.28358948
2 0.62372637 0.48635852 0.08061504 0.027282953
2 0.7271244 0.48898345 0.23721969 0.022033095
2 0.15667225 0.7665657 0.11131176 0.15185642
2 0.14549693 0.72392243 0.10349387 0.15044641
2 0.14189674 0.6859212 0.09629348 0.121842384
2 0.1295666 0.64773107 0.07163319 0.04546225
2 0.23658776 0.78191674 0.26595676 0.15536594
2 0.23486388 0.7458164 0.2748559 0.15207326
2 0.22417744 0.6456646 0.26085487 0.041329145
2 0.2286092 0.66424704 0.2697184 0.07849407
2 0.22902632 0.684888 0.27055264 0.11977589
2 0.23297836 0.70691055 0.27845672 0.1638211
2 0.8473543 0.6107401 0.3052914 0.21351361
2 0.800989 0.6264268 0.39802206 0.18903756
2 0.82144594 0.6556101 0.35710812 0.16454148
2 0.8709879 0.6959251 0.25802422 0.14750588
2 0.8383173 0.73442364 0.32336545 0.13495183
2 0.86621904 0.7681507 0.2675619 0.10646355
2 0.87515855 0.8485168 0.24968296 0.08248913
2 0.86989915 0.8341792 0.26020175 0.09176171
2 0.8587905 0.82089996 0.28241897 0.09271431
2 0.9030317 0.7966479 0.19393647 0.09753907
