3 0.9777986 0.21845998 0.044402838 0.19877478
3 0.9438746 0.23026355 0.112250805 0.22238192
3 0.9607894 0.42591262 0.078421235 0.33973718
3 0.9443961 0.43936348 0.11120784 0.35159943
3 0.9503328 0.66570354 0.09933436 0.2663442
3 0.92821234 0.66509813 0.14357531 0.26929092
3 0.5522344 0.7357902 0.607705 0.15182626
3 0.4995175 0.7512042 0.6114948 0.123114824
3 0.53370404 0.5958709 0.635345 0.414693
3 0.58755475 0.56112033 0.61585546 0.4039755
3 0.5369414 0.3141368 0.63954747 0.35675442
3 0.58056426 0.30121014 0.6125666 0.33626288
