3 0.7583696 0.5064791 0.16101778 0.16007486
3 0.75251794 0.49489057 0.17589056 0.17003405
3 0.7826893 0.37409046 0.14098895 0.19441313
3 0.7766257 0.36568046 0.15516591 0.19902474
3 0.54622 0.30944538 0.40169358 0.26501215
3 0.53259134 0.29468402 0.39738822 0.26149565
3 0.50794655 0.43923885 0.3771 0.23208037
3 0.5213694 0.45505825 0.35114035 0.21052963
3 0.29852778 0.4063957 0.16512972 0.17289436
3 0.29144514 0.41459334 0.14668316 0.1498341
3 0.39478502 0.6598445 0.26918167 0.15531099
3 0.40537107 0.6619903 0.27454498 0.155972
3 0.4322007 0.5622626 0.28829223 0.15712395
3 0.6662629 0.6756677 0.31577373 0.19047892
3 0.678935 0.66096705 0.29196107 0.17709029
3 0.6287817 0.78354096 0.28221202 0.15540898
3 0.6154005 0.7900175 0.3027319 0.16437888
3 0.5812255 0.8854804 0.2539427 0.1254375
3 0.5733134 0.88573605 0.2710743 0.13427699
3 0.5397416 0.9500725 0.24753165 0.089494824
3 0.5509052 0.9484792 0.23088732 0.09047818
3 0.3148569 0.9806758 0.21285273 0.038648367
3 0.3053812 0.97791314 0.19549139 0.044173717
3 0.33479077 0.8155803 0.28691298 0.14523351
3 0.32471308 0.81673694 0.28478116 0.15544796
3 0.32485253 0.88839823 0.25625634 0.11612201
3 0.31361926 0.89825076 0.23373717 0.10829139
