3 0.73099273 0.20166457 0.2172718 0.2282322
3 0.74500245 0.19170357 0.18601775 0.2081841
3 0.7673512 0.3513768 0.19608808 0.22827482
3 0.7549198 0.35258526 0.22199714 0.2469626
3 0.7672007 0.51242286 0.21689999 0.2297779
3 0.78050023 0.5098607 0.18930149 0.21576539
3 0.56666845 0.58753514 0.2733227 0.22554901
3 0.5496791 0.5990491 0.27008164 0.2315749
3 0.5159299 0.4464007 0.28131378 0.25657463
3 0.5411361 0.43991363 0.27710998 0.2501564
3 0.5228676 0.28575256 0.289176 0.26781636
3 0.49752128 0.299919 0.28632 0.26545465
3 0.4838822 0.1977558 0.2748544 0.17436919
3 0.5059224 0.1912092 0.278448 0.16653788
3 0.2401028 0.29789174 0.24336785 0.18677364
3 0.2367445 0.30380857 0.2745852 0.20920585
3 0.25668722 0.41449183 0.27009845 0.24370992
3 0.26874217 0.40061802 0.26872367 0.24737954
3 0.27592206 0.5597354 0.2646172 0.22876617
3 0.29331502 0.5435132 0.2659784 0.23300147
3 0.31739742 0.68374413 0.24817556 0.2192018
3 0.3346305 0.67795587 0.2483775 0.21314836
