3 0.23725535 0.30999738 0.091450065 0.06750524
3 0.15508723 0.30859908 0.060174465 0.059360385
3 0.15967213 0.18858515 0.06934425 0.064670295
3 0.17792982 0.20715909 0.10585964 0.101818174
3 0.15008779 0.27480224 0.050175577 0.113734916
3 0.97419095 0.33887368 0.0516181 0.16587126
3 0.85734206 0.24356183 0.18586588 0.17625761
3 0.8875413 0.3419449 0.18141627 0.16033787
3 0.9250196 0.36385247 0.14996076 0.13386703
3 0.72897905 0.23901667 0.15350997 0.15418044
3 0.78560877 0.2632739 0.1484611 0.14511639
3 0.6575465 0.16998631 0.13104808 0.113536425
3 0.60490036 0.15834798 0.13290119 0.12567648
3 0.8843492 0.3862406 0.1775918 0.07102507
3 0.7719847 0.32645708 0.151263 0.12137687
3 0.631514 0.25620893 0.13855255 0.12823623
3 0.60125375 0.24111971 0.13675499 0.13583247
3 0.6394198 0.31096548 0.14041162 0.08081448
3 0.65623915 0.31772512 0.13514018 0.07520175
3 0.2569017 0.63604033 0.26582336 0.20564926
3 0.19717556 0.6529515 0.20367026 0.24091291
3 0.1048412 0.6604239 0.019188076 0.2558577
3 0.29647422 0.5996877 0.12807727 0.12742186
3 0.73902416 0.52132976 0.24909663 0.020093799
3 0.8524104 0.77470756 0.118834496 0.26211238
3 0.8792759 0.81248415 0.06939232 0.26260698
3 0.87997055 0.5879164 0.036980152 0.15542817
3 0.84338236 0.5773111 0.10712004 0.13421762
