3 0.10437407 0.39748 0.20874815 0.20503998
3 0.09555371 0.40960357 0.19110742 0.18079287
3 0.29156163 0.33080122 0.41687673 0.33839756
3 0.34452856 0.32847062 0.3109429 0.34305876
3 0.48284808 0.23485947 0.034303844 0.17958534
3 0.46456614 0.06416077 0.07086772 0.08756238
3 0.4579548 0.06437486 0.08409041 0.09140687
3 0.3176232 0.08747777 0.25203067 0.14112961
3 0.28434598 0.09427874 0.28259236 0.15001187
3 0.12113742 0.1073087 0.23101087 0.14970425
3 0.10645074 0.10376192 0.19808292 0.1449878
3 0.15284108 0.017897245 0.14769349 0.03579449
3 0.16477256 0.016097551 0.16845533 0.032195102
3 0.30087823 0.007101023 0.19236507 0.014202046
3 0.45151782 0.010066629 0.07816756 0.020133259
3 0.44697475 0.013220234 0.09068209 0.026440468
3 0.96230894 0.18708359 0.0278821 0.12081921
3 0.6813572 0.27577275 0.11804569 0.15617728
3 0.7359965 0.34011063 0.172521 0.13309902
3 0.7779697 0.35387367 0.15204418 0.1322527
3 0.79036593 0.2747883 0.15595078 0.15859346
3 0.92362505 0.27391782 0.095483184 0.13065355
3 0.9033041 0.2407319 0.084849 0.12329592
3 0.8358695 0.17107491 0.15778697 0.1522291
3 0.84617114 0.13313694 0.1362238 0.10627389
3 0.76053476 0.11359525 0.13697553 0.06249389
3 0.73734903 0.13500407 0.15329564 0.090286106
3 0.76991224 0.20844057 0.11981511 0.13661754
3 0.9296541 0.14461754 0.09319174 0.12517494
3 0.9399437 0.12022641 0.07241607 0.08045283
3 0.9133011 0.0953331 0.08075631 0.030666202
3 0.9096987 0.111708775 0.10893369 0.063417554
3 0.8245865 0.37128752 0.13436627 0.097424984
3 0.8964771 0.31311914 0.11814332 0.1229381
3 0.9645606 0.26412398 0.02337873 0.07905029
3 0.94120055 0.1861655 0.07009888 0.10016838
3 0.071600735 0.9073264 0.12583718 0.038617373
3 0.08474912 0.90833247 0.14857164 0.037783146
3 0.21953571 0.9012276 0.18129848 0.048493147
3 0.38101965 0.87124753 0.18105197 0.062304974
3 0.3544657 0.8606791 0.19742465 0.073049664
3 0.1980953 0.87131023 0.20879832 0.07095313
3 0.14337397 0.8639035 0.19409001 0.057669163
3 0.67589253 0.67860997 0.18668747 0.10824859
3 0.68995446 0.6758907 0.21481133 0.106056094
