3 0.4613143 0.636586 0.23067135 0.12743974
3 0.49558353 0.6397964 0.23187956 0.12246382
3 0.6820545 0.66448885 0.22019291 0.080498815
3 0.7145945 0.6700443 0.2139107 0.07057905
3 0.7241786 0.59399045 0.20671904 0.15093315
3 0.69889295 0.58716357 0.21419942 0.14369798
3 0.51643604 0.54055905 0.2189691 0.14179552
3 0.48040444 0.5318327 0.21877992 0.14742443
3 0.5035121 0.42106047 0.20769319 0.13369614
3 0.53387475 0.42851868 0.21014142 0.13926506
3 0.70443535 0.47313756 0.202883 0.13795492
3 0.73435223 0.48126817 0.19262254 0.13990095
3 0.7398877 0.37421057 0.1875987 0.13388515
3 0.7222076 0.36626035 0.19581199 0.13223517
3 0.55147916 0.32394513 0.19588351 0.1293456
3 0.5236519 0.31543428 0.20429814 0.1363427
