3 0.2147812 0.112277225 0.1805979 0.1387671
3 0.18577972 0.10292427 0.16987658 0.109099865
3 0.10076965 0.11262933 0.044551536 0.08000536
3 0.20338903 0.216559 0.1695703 0.13140106
3 0.17615351 0.2030336 0.16926508 0.13930303
3 0.09442689 0.20418371 0.039021894 0.08809498
3 0.19468534 0.3357334 0.1714217 0.12719089
3 0.17000929 0.31259927 0.16379233 0.1283102
3 0.094099045 0.3012381 0.03460647 0.076500714
3 0.16871235 0.3972457 0.15413693 0.07169449
3 0.15273072 0.38569748 0.1463339 0.089224696
3 0.8691633 0.10418363 0.13167131 0.10159683
3 0.8637535 0.05897917 0.12448859 0.026725948
3 0.8561448 0.05852923 0.13929892 0.025826074
3 0.1894471 0.53705496 0.25930655 0.07410991
3 0.23411807 0.537197 0.2672506 0.07439399
3 0.19170782 0.82135797 0.29692167 0.20851803
3 0.22816196 0.83408004 0.29393762 0.21346188
3 0.35716933 0.79239315 0.037152946 0.12142956
3 0.18673041 0.70316494 0.29033166 0.19131887
3 0.23119694 0.7140447 0.29353535 0.1918714
3 0.35395843 0.6579678 0.049889088 0.11771095
3 0.18614212 0.59762335 0.28127402 0.17411518
3 0.23347294 0.59964013 0.2831831 0.1628871
3 0.3541561 0.5584649 0.05392492 0.10317552
3 0.7141118 0.944913 0.23896825 0.09205079
3 0.6982744 0.94787776 0.23479772 0.080043435
3 0.77624863 0.6827171 0.25655794 0.2099812
3 0.7473227 0.8661802 0.2785542 0.24329436
3 0.72693175 0.8697674 0.2749915 0.24569905
3 0.5598148 0.85610294 0.11962962 0.18216479
3 0.55128324 0.8609784 0.10256648 0.16692138
