3 0.4099528 0.18801321 0.36706072 0.12602642
3 0.4688891 0.18535611 0.36947495 0.12071222
3 0.75084215 0.25680268 0.31331575 0.18849064
3 0.781528 0.24067262 0.25194407 0.19115454
3 0.22052073 0.22833025 0.1050622 0.13029931
3 0.39060718 0.2884582 0.35233197 0.18280685
3 0.45272726 0.28189248 0.34996605 0.1626401
3 0.7411152 0.37105116 0.3327695 0.1694752
3 0.777784 0.36689705 0.25943208 0.16626567
3 0.1966982 0.3555513 0.10468951 0.12041092
3 0.36201584 0.41379794 0.34783375 0.16771913
3 0.42509207 0.40667453 0.346978 0.1633066
3 0.71227896 0.5165282 0.34627008 0.17573103
3 0.7509769 0.50888604 0.31304622 0.17712975
3 0.16206026 0.5032475 0.09408117 0.12203944
3 0.18969359 0.4845242 0.13795254 0.12279925
3 0.3618378 0.54286534 0.33139873 0.15537557
3 0.4261331 0.5383581 0.3232666 0.16180658
3 0.70625395 0.6403715 0.33935773 0.16426873
3 0.751043 0.63221544 0.3129139 0.16311789
