3 0.053529114 0.28479886 0.059941486 0.07306929
3 0.38772464 0.26303005 0.16892123 0.096489966
3 0.35855868 0.26795694 0.16738403 0.08904886
3 0.22262427 0.22004426 0.17113918 0.0898013
3 0.195135 0.22444701 0.1721252 0.08761656
3 0.09231347 0.19048664 0.09512573 0.07097328
3 0.076043725 0.20230408 0.0697681 0.07187119
3 0.39432228 0.20269987 0.15313482 0.051414818
3 0.36727414 0.20115459 0.16068298 0.060060382
3 0.23078132 0.17297755 0.1558662 0.0359551
3 0.20352565 0.17323853 0.15780523 0.03647706
3 0.37527102 0.31824628 0.17082703 0.053507447
3 0.3492978 0.32215336 0.17431015 0.04569328
3 0.20769227 0.30241382 0.17516185 0.085172355
3 0.17517295 0.30601913 0.17465144 0.07796174
3 0.07457694 0.27565712 0.09827404 0.08788329
3 0.8612238 0.3783821 0.26521647 0.24323583
3 0.8767427 0.38933045 0.23417878 0.2213391
3 0.83184177 0.22723183 0.32202995 0.35271764
3 0.85078716 0.24095453 0.28439105 0.34492084
3 0.69431937 0.22352356 0.16855073 0.3448243
3 0.74539965 0.42006734 0.09547794 0.15986532
3 0.29695594 0.636351 0.15753317 0.12786698
3 0.2736376 0.63539445 0.16510922 0.13065946
3 0.13797876 0.62658244 0.2170662 0.14467418
3 0.11469011 0.6245768 0.22395167 0.14498007
3 0.15353726 0.698949 0.20984253 0.14439297
3 0.14477177 0.6978579 0.21688285 0.15045714
3 0.30016887 0.70576954 0.15311414 0.1239866
3 0.31497347 0.70881534 0.14747757 0.119214416
3 0.40316343 0.71246165 0.08807504 0.09107101
3 0.22276017 0.8184859 0.16810119 0.09905648
3 0.23922801 0.82281995 0.16475405 0.097593665
3 0.34446603 0.8117811 0.12611288 0.0869571
3 0.35730284 0.81411684 0.12186134 0.08836532
3 0.37793973 0.86734086 0.11095762 0.073459744
3 0.36246938 0.8671105 0.11438906 0.07422364
3 0.26771793 0.8791349 0.14575279 0.078253746
3 0.25266218 0.8788141 0.15063679 0.081036806
3 0.27366844 0.9289535 0.13754638 0.06830788
3 0.2892283 0.929003 0.13263899 0.06648362
3 0.3764798 0.9133441 0.10637617 0.064210534
3 0.39011264 0.9135035 0.10100877 0.059320092
3 0.40136594 0.95238495 0.090765834 0.056103587
3 0.39062223 0.95483977 0.097994626 0.05684161
3 0.30915987 0.97081053 0.12002635 0.056432486
3 0.2947126 0.97096395 0.1252436 0.05807209
3 0.31074873 0.9923009 0.11461729 0.015398145
3 0.32752496 0.99100226 0.11182809 0.017995477
3 0.40108234 0.9834234 0.09041828 0.033153176
3 0.40761834 0.9822323 0.07741308 0.035535455
3 0.79820776 0.72976756 0.2422756 0.15045583
3 0.77476966 0.7274477 0.24596536 0.14738822
3 0.66152143 0.7250164 0.07124138 0.12471211
3 0.63984567 0.5510309 0.08398104 0.074619055
3 0.7680237 0.5643672 0.23239541 0.07752836
3 0.78076017 0.5656682 0.20583487 0.06867528
