3 0.027820058 0.8612496 0.055640116 0.16055882
3 0.11566808 0.88148296 0.23133616 0.14144719
3 0.3006317 0.8700006 0.5283226 0.13516355
3 0.4583832 0.87466305 0.5073483 0.11101246
3 0.7293139 0.88147455 0.38789463 0.06825054
3 0.8021315 0.87897474 0.24897134 0.06071186
3 0.852653 0.7994768 0.29469395 0.11902535
3 0.78490806 0.7640304 0.4301839 0.12666392
3 0.5061773 0.7707817 0.4835763 0.12749815
3 0.37154305 0.72936785 0.49892855 0.13876963
3 0.15045813 0.73825145 0.30091625 0.14362288
3 0.056309134 0.707054 0.11261827 0.14285553
3 0.9359108 0.30398083 0.12817836 0.14387332
3 0.7933441 0.26337793 0.40289664 0.15566427
3 0.68750507 0.21642737 0.43858755 0.17826214
3 0.3504341 0.17084952 0.49502176 0.2092168
3 0.2413986 0.10940127 0.4827972 0.21880254
3 0.045401983 0.085083894 0.090803966 0.17016779
3 0.19306362 0.26963907 0.38612723 0.15849434
3 0.26482457 0.3155133 0.52964914 0.17700642
3 0.5978547 0.3488438 0.42067719 0.15539038
3 0.7236266 0.38479772 0.4343505 0.13690859
3 0.9044302 0.41636533 0.19113958 0.10891616
3 0.95485705 0.45740587 0.0902859 0.10541177
3 0.92170215 0.5643226 0.1565957 0.108017564
3 0.85486156 0.52646846 0.29027689 0.11139119
3 0.64329565 0.5189226 0.4409916 0.14116058
3 0.53030103 0.47344944 0.45263624 0.14672536
3 0.2128442 0.45394117 0.4256884 0.16615942
3 0.13919474 0.4243191 0.27838948 0.15994206
3 0.1290175 0.5533267 0.258035 0.15563679
3 0.19852155 0.585549 0.3970431 0.15219986
3 0.48084283 0.618141 0.4494983 0.11012316
3 0.8461106 0.65900296 0.30777884 0.107462406
3 0.8958764 0.6745244 0.20824718 0.08771646
