3 0.0887222 0.14698152 0.13244438 0.06896305
3 0.116444424 0.2387571 0.18788883 0.21839577
3 0.3491111 0.33631277 0.25233334 0.20944871
3 0.29630554 0.19891301 0.23983325 0.17282599
3 0.2193611 0.18188038 0.24694443 0.13876075
3 0.5334444 0.29424518 0.20222223 0.18977648
3 0.4484445 0.2781295 0.19688895 0.17188245
3 0.65424997 0.3730177 0.17894447 0.14326316
3 0.7356944 0.37212858 0.1771667 0.16649199
3 0.29811114 0.13267188 0.23977774 0.04034376
3 0.4573889 0.17740688 0.2004444 0.12981376
3 0.6694722 0.23069926 0.18072224 0.15215454
3 0.7169167 0.24231368 0.17538881 0.16827033
3 0.6453056 0.14967676 0.19327772 0.074353494
3 0.62025 0.14609237 0.18616664 0.067184724
