3 0.22351944 0.57277465 0.21331774 0.21517634
3 0.23892885 0.5814823 0.24495977 0.21472037
3 0.26292908 0.45321423 0.26435435 0.22959426
3 0.28631452 0.45694292 0.2596467 0.22432521
3 0.45411545 0.5269048 0.24818388 0.21951869
3 0.48005277 0.536495 0.24926195 0.22198036
3 0.633877 0.6037085 0.23139536 0.21319416
3 0.65939873 0.610429 0.23415089 0.21805418
3 0.4406696 0.6346159 0.22670603 0.16412914
3 0.3069725 0.32419166 0.2575494 0.22973353
3 0.33102387 0.32625088 0.26023483 0.22393882
3 0.49204704 0.4005891 0.24240857 0.22062373
3 0.5147458 0.4108525 0.24293804 0.21742022
3 0.6605554 0.47625655 0.22747922 0.21228337
3 0.6871269 0.4878601 0.23187232 0.21554893
3 0.7120353 0.35669625 0.22496736 0.21070707
3 0.6889788 0.35785705 0.22014284 0.19862658
3 0.55517125 0.27777985 0.23988411 0.21753915
3 0.53636116 0.2731314 0.24162993 0.21491365
3 0.3498038 0.24103984 0.2526765 0.1360461
3 0.3320977 0.23510854 0.25474226 0.12076673
