3 0.26383874 0.3695352 0.07773419 0.038429618
3 0.26778972 0.36917275 0.078574166 0.03915447
3 0.18645442 0.3655243 0.07190323 0.042750478
3 0.17844534 0.36342812 0.071689606 0.041055143
3 0.12727457 0.35941264 0.04421615 0.03706038
3 0.26085886 0.29982945 0.07793172 0.04219216
3 0.252444 0.29566392 0.07897836 0.042262018
3 0.18387552 0.29589334 0.0716891 0.03889376
3 0.17587222 0.29307675 0.07023534 0.0414384
3 0.17476776 0.25010476 0.07064736 0.040272906
3 0.18579386 0.25204185 0.0706473 0.040272906
3 0.25269228 0.2525419 0.077931225 0.04003848
3 0.26205152 0.2542477 0.07793014 0.041719496
3 0.26573282 0.2109944 0.077515736 0.042164415
3 0.25533485 0.20885889 0.07710326 0.04117632
3 0.18832517 0.21051376 0.0708577 0.04099968
3 0.17823504 0.20863912 0.06980488 0.037086904
3 0.12755837 0.21138394 0.04379347 0.037032157
3 0.17899361 0.16843428 0.06857708 0.043016613
3 0.18971457 0.16830881 0.06961784 0.04332623
3 0.256518 0.16711685 0.07543425 0.041545272
3 0.26701823 0.16877863 0.07606621 0.043988943
3 0.27017683 0.12995958 0.07544488 0.037419163
3 0.25686514 0.1296286 0.07502973 0.036757194
3 0.19276427 0.13014178 0.06837067 0.037783563
3 0.18149194 0.13000926 0.069258034 0.03751851
3 0.1303494 0.132342 0.048858047 0.04109636
3 0.86417496 0.29839998 0.13415003 0.15570003
3 0.8777056 0.27273887 0.10708892 0.19715558
3 0.8139194 0.18054722 0.2346611 0.11609444
3 0.771975 0.20180833 0.2641611 0.15861666
3 0.63524723 0.16959167 0.13299441 0.09418333
3 0.23923431 0.6519487 0.29096863 0.05389738
3 0.2419787 0.8502732 0.2964574 0.049453616
3 0.24192478 0.75 0.29634956 0.25
3 0.69279635 0.7974434 0.1355927 0.10261309
3 0.699499 0.7943262 0.14899802 0.1088475
3 0.8498354 0.7689449 0.04782915 0.14394689
3 0.8422215 0.7750983 0.063056946 0.14730334
3 0.8511636 0.68779093 0.04517281 0.07558179
3 0.84043 0.6909236 0.06664002 0.08184707
