3 0.1213659 0.7293709 0.10822947 0.07455373
3 0.10808636 0.65084213 0.09144738 0.111736774
3 0.11915006 0.65775096 0.113290764 0.11991191
3 0.23892811 0.7087634 0.17465222 0.1280551
3 0.26566443 0.7144213 0.17689711 0.1361574
3 0.42614314 0.7347017 0.18928534 0.09559667
3 0.45776367 0.7407375 0.1902492 0.08352494
3 0.45898986 0.67522925 0.19251302 0.1479305
3 0.44585896 0.6678439 0.19070312 0.14818525
3 0.26432446 0.6156607 0.17557792 0.12863123
3 0.24584353 0.6062446 0.16956252 0.1265223
3 0.119200155 0.56821465 0.121961676 0.1111145
3 0.1101874 0.5613131 0.104551494 0.10953665
3 0.1966988 0.46744362 0.17364964 0.126535
3 0.22382697 0.47226647 0.17334193 0.1204223
3 0.3853239 0.51111877 0.1902613 0.1303562
3 0.40529084 0.51837236 0.18785125 0.1370844
3 0.4027338 0.417779 0.18221718 0.124736905
3 0.38065675 0.4093427 0.18802541 0.12214732
3 0.22281826 0.37512702 0.17075719 0.11404216
3 0.19777346 0.36657578 0.17436212 0.113530874
3 0.09369439 0.33775562 0.09358239 0.09983444
3 0.090377524 0.25780123 0.095756054 0.08060247
3 0.19624755 0.2728888 0.17055221 0.1102636
3 0.22164425 0.279378 0.16875714 0.110520184
3 0.37773597 0.3105764 0.18363953 0.116490304
3 0.3993428 0.31872374 0.18427253 0.12030417
3 0.39853284 0.24893573 0.18053311 0.062871456
3 0.37704432 0.24440576 0.18067491 0.05381152
