3 0.26291722 0.35381186 0.11540754 0.044876277
3 0.66944325 0.2671434 0.12888646 0.12243004
3 0.7560922 0.33239314 0.2026217 0.14771372
3 0.6771643 0.26661852 0.14432871 0.13523483
3 0.81326175 0.2655051 0.11713815 0.13827765
3 0.81977206 0.26576197 0.10293138 0.12290238
3 0.27919772 0.73249507 0.09888412 0.099614024
3 0.27974463 0.8296972 0.10085696 0.10529721
3 0.8013551 0.6824983 0.1304828 0.061903477
3 0.8254379 0.838781 0.12479997 0.034937978
3 0.78814137 0.83929133 0.12066209 0.033917308
3 0.6835345 0.8457742 0.13412416 0.020951748
3 0.63123107 0.8447397 0.12066209 0.023020744
3 0.58231986 0.79591894 0.09213972 0.03417933
3 0.5724853 0.7537259 0.072470665 0.03779304
3 0.5667888 0.7405121 0.061077595 0.04557252
3 0.7115069 0.76718795 0.11028969 0.033655167
3 0.8062655 0.7589121 0.10720003 0.0305655
3 0.83681726 0.76538104 0.11031723 0.03417933
3 0.76251376 0.8029258 0.10355866 0.035724163
3 0.7816724 0.8034362 0.11390352 0.029517293
3 0.6509138 0.8065535 0.10513103 0.034703493
