3 0.15677586 0.15441033 0.06605172 0.03132069
3 0.23562239 0.1523414 0.10719994 0.027182788
3 0.3319638 0.16877411 0.08857238 0.03779307
3 0.3231638 0.18198794 0.10617238 0.04557246
3 0.23122244 0.18561552 0.1149517 0.043503463
3 0.20014657 0.19881552 0.1046069 0.03056556
3 0.6442012 0.23859683 0.28840244 0.2727787
3 0.6207994 0.2402969 0.24159887 0.27383256
3 0.8532384 0.17490022 0.2935232 0.14227241
3 0.8744905 0.1695521 0.251019 0.124212
3 0.6352463 0.16211168 0.27049255 0.17544967
3 0.610709 0.15710922 0.22141802 0.16544473
3 0.6294112 0.32651162 0.25882244 0.19580823
3 0.6009369 0.34172928 0.20187378 0.16463518
3 0.79911804 0.23610857 0.27901304 0.19341898
3 0.96727085 0.17181644 0.06545818 0.09659091
3 0.9782233 0.16959482 0.043553352 0.0883525
3 0.6257606 0.37812078 0.25152123 0.09249532
3 0.59826416 0.39148468 0.19652832 0.06505507
3 0.81008124 0.31855106 0.25648773 0.18050231
3 0.9649819 0.2432011 0.07003617 0.123051286
3 0.9642875 0.2878921 0.07142496 0.09423709
3 0.8255223 0.3560667 0.22532332 0.09724009
3 0.9429285 0.29823798 0.114143014 0.10255109
3 0.117824376 0.57196665 0.23564875 0.1439333
3 0.11283182 0.5616458 0.22566365 0.12329164
3 0.13403417 0.73935854 0.26806834 0.26044405
3 0.121954195 0.73044693 0.24390839 0.24952984
3 0.38638827 0.79491735 0.22722346 0.26571715
3 0.41150877 0.6214716 0.17698246 0.21754801
3 0.39769068 0.812767 0.20461863 0.26139164
3 0.66840976 0.885334 0.10220921 0.05763042
3 0.67515624 0.8890151 0.101959705 0.05508244
3 0.56058544 0.86593765 0.098225474 0.056544185
3 0.56700957 0.8652242 0.10524535 0.05801463
3 0.7009028 0.84853077 0.10924804 0.06351161
3 0.6932511 0.850188 0.1047498 0.06232059
3 0.6989524 0.7995399 0.109043 0.06273544
3 0.70506966 0.80426717 0.11035025 0.06292713
3 0.712127 0.7525493 0.114714384 0.0680989
3 0.7011699 0.75468576 0.11257386 0.06648016
3 0.7083469 0.7012251 0.116045594 0.07046497
3 0.6949935 0.6999316 0.11847532 0.072281
3 0.7059543 0.64823717 0.12160659 0.06965101
3 0.6912331 0.646187 0.12249696 0.07155073
3 0.55815005 0.6168624 0.116300106 0.06302118
3 0.5647985 0.6197123 0.12127864 0.06700575
3 0.5744834 0.6739849 0.118596315 0.071737766
3 0.5656477 0.668827 0.120286345 0.069402695
3 0.58649725 0.72613347 0.114858985 0.067501545
3 0.574711 0.72641253 0.11511314 0.066357255
3 0.58860934 0.77649975 0.10919666 0.061867356
3 0.5821261 0.7789444 0.11012018 0.063553214
3 0.5900205 0.8249717 0.104103684 0.056938052
3 0.58286655 0.82704765 0.10449016 0.057678938
