3 0.14854547 0.34310648 0.112090945 0.092702985
3 0.15720525 0.334636 0.1294105 0.0975644
3 0.16183086 0.23227328 0.13866171 0.09212911
3 0.17014816 0.23156929 0.15529633 0.10173237
3 0.17009616 0.15251759 0.15519232 0.055035174
3 0.16287987 0.15525256 0.14075974 0.060505122
3 0.5416172 0.33753073 0.17745852 0.08403295
3 0.5506492 0.332402 0.17532039 0.08466709
3 0.5217101 0.24442622 0.17965451 0.08744235
3 0.5346986 0.23862119 0.17387855 0.0866538
3 0.539978 0.15566069 0.17317858 0.061321378
3 0.5187011 0.15744483 0.18108809 0.06488967
3 0.74136823 0.3337814 0.16884995 0.0846225
3 0.7356283 0.34223175 0.17168057 0.081297696
3 0.71964747 0.24508196 0.1745621 0.075277925
3 0.7301261 0.24266352 0.17242515 0.07725981
3 0.73543185 0.15632409 0.16739857 0.06264818
3 0.7152552 0.16247328 0.17601275 0.07494655
