3 0.1615799 0.3103545 0.14460033 0.09485209
3 0.1767362 0.32024026 0.15542631 0.1013366
3 0.05324857 0.27651152 0.07399714 0.079895556
3 0.058481943 0.28443494 0.08446389 0.08807649
3 0.27433512 0.41521752 0.15385862 0.059565008
3 0.13629802 0.38933092 0.1259146 0.08135313
3 0.046955585 0.3539821 0.061411172 0.07328886
3 0.04155818 0.38990653 0.05061636 0.03341919
3 0.21220899 0.09471832 0.15684372 0.07943663
3 0.07481524 0.08218316 0.11713049 0.05436633
3 0.21344243 0.16057993 0.1608276 0.10159084
3 0.19177705 0.15420347 0.15590411 0.09917932
3 0.06511999 0.13332419 0.09773998 0.08368948
3 0.07559135 0.1421709 0.1186827 0.08335041
3 0.06883038 0.21636382 0.10516076 0.08119118
3 0.19827189 0.2451301 0.15626696 0.09625563
3 0.17433074 0.2316592 0.1512016 0.09303236
3 0.05781066 0.20704298 0.08312132 0.07452324
3 0.8206576 0.13532943 0.08708012 0.06472022
3 0.8060478 0.13515903 0.08558142 0.062148757
3 0.81227005 0.18959343 0.08686304 0.06258249
3 0.80229586 0.18937656 0.085808754 0.060868263
3 0.7240013 0.1710562 0.08322477 0.059794247
3 0.71199095 0.16869646 0.08365893 0.060651302
3 0.6389522 0.15047939 0.078294516 0.058937043
3 0.62737083 0.14919877 0.079152465 0.060651332
3 0.6283372 0.09861642 0.078935385 0.06021761
3 0.6435672 0.099473566 0.079359174 0.0585033
3 0.71434754 0.11661664 0.081943154 0.06021759
3 0.8130194 0.24231869 0.08408272 0.06515397
3 0.8029367 0.24285051 0.08665633 0.061942205
3 0.72636306 0.222599 0.080651164 0.06258249
3 0.715531 0.21981065 0.081726074 0.060868174
3 0.6457119 0.20202729 0.076785564 0.06043452
3 0.6329471 0.1989137 0.078728676 0.061085135
3 0.64099354 0.25238767 0.076361775 0.06129159
3 0.65053356 0.25056493 0.075721025 0.056365594
3 0.7177842 0.27478725 0.080651164 0.06279935
3 0.7262545 0.27553594 0.08171582 0.061301887
3 0.8133398 0.29503876 0.08472347 0.06428653
3 0.82238376 0.29998547 0.08583975 0.06515396
3 0.6306628 0.3515283 0.074925065 0.05988711
3 0.6380323 0.35551974 0.07566929 0.06138456
3 0.72381526 0.37161458 0.07840824 0.044169247
3 0.73492634 0.37149584 0.07966924 0.04341525
3 0.11804828 0.6763725 0.13261995 0.06974828
3 0.10221615 0.6786196 0.13793953 0.07304275
3 0.09972091 0.7324089 0.13475695 0.07488477
3 0.115113124 0.72812176 0.13500395 0.07680476
3 0.113020375 0.7821593 0.13377392 0.07499409
3 0.09900455 0.78561914 0.13146052 0.07227278
3 0.0963884 0.83725196 0.12442113 0.06868875
3 0.109770685 0.83446866 0.13104272 0.070774436
3 0.105766736 0.8859813 0.12815617 0.06775141
3 0.11203964 0.885098 0.12948433 0.07056153
3 0.68329376 0.65528655 0.21159554 0.15930259
3 0.6675403 0.79656696 0.1749177 0.13608682
3 0.68462026 0.76719224 0.21312451 0.15126324
3 0.6763642 0.87522256 0.16712737 0.09898257
3 0.6997599 0.8602549 0.20817411 0.12862885
3 0.6515679 0.6020804 0.14839435 0.08481133
3 0.6820024 0.5941471 0.20926356 0.08934784
3 0.6623193 0.6813109 0.16942906 0.1538856
