3 0.22636455 0.37858382 0.34205794 0.086521804
3 0.25805345 0.34748107 0.3762796 0.15111649
3 0.124941856 0.24173242 0.24988371 0.26205558
3 0.10151697 0.29855585 0.20303394 0.23706263
3 0.6196438 0.36987233 0.042615294 0.09656358
3 0.6195259 0.27228516 0.06309128 0.112543166
3 0.31074008 0.83888924 0.214234 0.092683434
3 0.23566136 0.8506731 0.22588365 0.1036818
3 0.7959367 0.662107 0.09562659 0.049214005
3 0.81293666 0.6943558 0.061626673 0.11371148
3 0.7575167 0.7382239 0.14227998 0.1012311
3 0.72796166 0.7050742 0.14592338 0.09406328
3 0.73067 0.6518024 0.08501339 0.028604746
