3 0.17700666 0.3855445 0.119906664 0.041410983
3 0.26201335 0.34164298 0.12527998 0.12921405
3 0.28975335 0.28286237 0.11276001 0.14064778
3 0.20876667 0.22552606 0.14228003 0.10123116
3 0.17858666 0.2586758 0.14717335 0.09406328
3 0.18191999 0.3519476 0.08501333 0.10860479
3 0.36456835 0.3474694 0.05836332 0.11756122
3 0.38291502 0.30929136 0.021669984 0.1146726
3 0.36636165 0.24165712 0.05477673 0.11555353
3 0.35651502 0.2716634 0.07446998 0.11824983
3 0.365915 0.37837663 0.055670023 0.055746734
3 0.6516289 0.20826916 0.123257756 0.1390383
3 0.84964454 0.20633665 0.12071097 0.13517328
3 0.84191406 0.20440415 0.13617182 0.13130827
3 0.66709375 0.31181213 0.15418744 0.09637576
3 0.67911327 0.3156733 0.15849221 0.088653445
3 0.31037775 0.76610005 0.12924449 0.14432216
3 0.23176667 0.75450003 0.21353334 0.12627769
3 0.54865503 0.6717361 0.06570244 0.103207946
3 0.94200176 0.8426368 0.11242306 0.06651151
3 0.9143256 0.87068796 0.14756131 0.07009566
3 0.79424804 0.8581141 0.15049148 0.055669665
3 0.823908 0.8002036 0.14882016 0.06335437
3 0.84475887 0.7824389 0.15802503 0.07582319
3 0.946565 0.7848344 0.106870055 0.06865442
3 0.6091342 0.80585754 0.15655124 0.05913031
3 0.56098723 0.8552197 0.09715891 0.056696415
3 0.5511688 0.85555524 0.077364326 0.046738863
3 0.68916136 0.8672495 0.14433622 0.056324124
