3 0.7250912 0.53987724 0.48659587 0.2912531
3 0.7838609 0.75214404 0.43227816 0.22298801
3 0.76001394 0.5314528 0.47997212 0.29872525
3 0.7573089 0.73959506 0.44210863 0.22723722
3 0.77855444 0.9868519 0.3599788 0.026296258
3 0.79256576 0.9082956 0.39525902 0.18340886
3 0.7608435 0.9040274 0.39880788 0.19111705
3 0.290438 0.87169677 0.514169 0.22766662
3 0.2605525 0.8589572 0.521105 0.23163867
3 0.2466951 0.64498883 0.4933902 0.30794322
3 0.26431373 0.6680154 0.52862746 0.2979139
3 0.21996155 0.38480198 0.4399231 0.39013717
3 0.24487396 0.39417034 0.4897479 0.4029082
