3 0.05709076 0.44554147 0.11418152 0.24440175
3 0.04418296 0.43059087 0.08836592 0.2455487
3 0.28321666 0.3597641 0.5664333 0.3201888
3 0.32230946 0.344642 0.5696443 0.30657786
3 0.71638435 0.22748087 0.5672313 0.33258584
3 0.7978274 0.56073374 0.40434515 0.26352227
3 0.78034425 0.57459843 0.4393115 0.26186797
3 0.44316575 0.7079472 0.53322417 0.24740088
3 0.3941192 0.72215354 0.54982233 0.24614465
3 0.14965607 0.81946903 0.29931214 0.19931209
3 0.12620783 0.834148 0.25241566 0.19300282
3 0.23691535 0.9294623 0.2675743 0.046839118
3 0.49842232 0.890356 0.44142222 0.11678386
3 0.5543435 0.8871334 0.46339607 0.12125409
3 0.8535907 0.87674826 0.29281855 0.12542188
3 0.8683159 0.8650035 0.26336825 0.1475296
3 0.841361 0.75046027 0.31727803 0.2049805
3 0.82195973 0.75191665 0.35608053 0.21490073
