3 0.030720567 0.8297993 0.061441135 0.3404014
3 0.07613549 0.81340134 0.15227097 0.37319732
3 0.089040756 0.5986409 0.17808151 0.6335573
3 0.107480176 0.59098196 0.21496035 0.656322
3 0.12755339 0.21196267 0.25510678 0.41465908
3 0.14501254 0.23347378 0.2900251 0.4019065
3 0.64572674 0.22418436 0.7085465 0.44836873
3 0.67295915 0.20940202 0.6540817 0.41880405
3 0.63440293 0.57052183 0.73119414 0.85895634
3 0.6020868 0.58791196 0.79582644 0.8241761
3 0.59226346 0.78169376 0.8154731 0.4366125
3 0.5666896 0.7941758 0.8666208 0.4116484
