3 0.26495808 0.3189409 0.16867198 0.032599688
3 0.28425157 0.31476304 0.13489515 0.040955424
3 0.1709396 0.28985593 0.09185034 0.05237001
3 0.1561151 0.28979504 0.06220135 0.044439316
3 0.18540819 0.20931457 0.09778038 0.085380405
3 0.16557969 0.22599286 0.068142444 0.09865977
3 0.2749473 0.25063825 0.19177836 0.13706946
3 0.29320437 0.24746153 0.15706754 0.1311546
3 0.269034 0.17490724 0.209432 0.049814463
3 0.2863499 0.16682085 0.17480022 0.033641726
3 0.76913303 0.27089578 0.33774924 0.29904318
3 0.749705 0.26254645 0.3804108 0.33234316
3 0.73596424 0.0928178 0.28811896 0.14928398
3 0.72658014 0.086337745 0.30170333 0.13962927
3 0.76934266 0.36832702 0.39498198 0.26334596
3 0.75998753 0.3711487 0.41369224 0.2577026
3 0.42420828 0.54144907 0.15158343 0.08289817
3 0.41740093 0.6054188 0.15154743 0.108392954
3 0.4064389 0.683824 0.16211718 0.11989653
3 0.40560532 0.7688645 0.16748154 0.13920248
3 0.40316144 0.8592613 0.17507374 0.14990163
3 0.48930764 0.7142 0.021384716 0.09783149
3 0.488073 0.6347766 0.023854017 0.094454885
3 0.5952855 0.8575165 0.057533383 0.054136753
3 0.60000086 0.85530293 0.059626102 0.05349207
3 0.6415708 0.8448388 0.056533456 0.053403735
3 0.6447393 0.8412978 0.05663538 0.054197073
3 0.61957365 0.8925313 0.052864194 0.032437325
3 0.6240928 0.8900958 0.057029724 0.037308455
3 0.66054153 0.8845576 0.05629313 0.048384786
3 0.6667766 0.88316834 0.054887533 0.051163316
