3 0.9110725 0.2925384 0.17785501 0.197631
3 0.90926206 0.29086456 0.18147588 0.19812411
3 0.7494087 0.2123854 0.22189283 0.18125942
3 0.7186606 0.19839281 0.22220564 0.17573762
3 0.5276229 0.11977978 0.24980739 0.1670613
3 0.5033357 0.11018886 0.2476958 0.16471866
3 0.48098695 0.20233172 0.26301166 0.23513299
3 0.5067872 0.21943316 0.26757443 0.23127311
3 0.6950384 0.30493808 0.2313968 0.2059623
3 0.72286016 0.32199392 0.23359263 0.20466131
3 0.87782663 0.39606118 0.21060061 0.18765897
3 0.902726 0.40948018 0.19454801 0.18457323
3 0.88274133 0.52165496 0.20203221 0.17410159
3 0.8559086 0.5104563 0.2099024 0.18286273
3 0.69750667 0.4457394 0.23274529 0.19873723
3 0.66801643 0.43158937 0.2326653 0.20010817
3 0.4769406 0.35312828 0.26605397 0.22121763
3 0.45094213 0.33661819 0.26984435 0.22862649
3 0.41898304 0.4709101 0.2719201 0.21944445
3 0.445947 0.48520106 0.26881158 0.21078646
3 0.63899815 0.553347 0.23523653 0.19319674
3 0.66567516 0.56350154 0.23073614 0.18112743
3 0.8290519 0.62392515 0.20369852 0.16333604
3 0.85894114 0.63443124 0.19908774 0.16667306
3 0.83101374 0.74885565 0.19657385 0.1506015
3 0.8043926 0.7407724 0.20465255 0.15929425
3 0.64473313 0.68916714 0.22698247 0.17179966
3 0.6102217 0.67785984 0.23247778 0.17954135
3 0.41980746 0.618834 0.26603657 0.19749844
3 0.38941652 0.605926 0.26978722 0.20285702
3 0.36095464 0.7434789 0.2676524 0.18929636
3 0.34894833 0.7397311 0.27293843 0.19829416
3 0.5879746 0.8058038 0.23235297 0.16951
3 0.60983545 0.815859 0.22907007 0.16319776
3 0.77861685 0.85848814 0.19884765 0.1465193
3 0.8035723 0.8665647 0.2031951 0.15262675
3 0.32439944 0.94114 0.27378708 0.11772001
3 0.34830308 0.949628 0.27500457 0.10074401
3 0.5589981 0.9687314 0.23484543 0.06253719
3 0.580855 0.9728662 0.23065844 0.054267645
