3 0.38185367 0.38452503 0.14344221 0.08332944
3 0.39129776 0.37932387 0.14357078 0.078903675
3 0.4292764 0.45968837 0.14767388 0.08746818
3 0.4186804 0.45499003 0.14195925 0.08668506
3 0.4280794 0.54306614 0.14230067 0.08035576
3 0.43608975 0.53655195 0.14434668 0.08086455
3 0.44620937 0.62028205 0.14406762 0.08241975
3 0.4321505 0.6149153 0.14198071 0.08067286
3 0.3047101 0.63558745 0.104420185 0.07866287
3 0.29692313 0.6322406 0.088846266 0.07580328
3 0.30223742 0.55646324 0.09947485 0.07570195
3 0.29791096 0.55061805 0.09082192 0.077839136
3 0.29935345 0.47434783 0.093706906 0.07298243
