3 0.73631525 0.55184114 0.17416024 0.12944043
3 0.7070956 0.55218196 0.17116284 0.1242975
3 0.71954006 0.44331312 0.17372608 0.12516496
3 0.69959176 0.44374686 0.17161751 0.12173653
3 0.5430026 0.48038757 0.16644955 0.119588464
3 0.51898193 0.48510706 0.16731775 0.121302605
3 0.37290442 0.52154124 0.15658915 0.117874116
3 0.3497416 0.52410245 0.15830487 0.121302634
3 0.35167444 0.62526715 0.15787077 0.12043524
3 0.38213435 0.62355286 0.15871829 0.11700654
3 0.5236951 0.5892667 0.16388628 0.12043524
3 0.72103876 0.3378626 0.16816545 0.13030797
3 0.7008734 0.33679897 0.17331254 0.12388438
3 0.5477261 0.377302 0.16130236 0.12516499
3 0.526062 0.3828787 0.16345215 0.12173635
3 0.3864238 0.4184454 0.15357113 0.12086904
3 0.3608941 0.42467263 0.15745735 0.12217027
3 0.3769871 0.31772462 0.15272349 0.12258321
3 0.39606717 0.32137015 0.15144199 0.11273116
3 0.5305684 0.29036242 0.16130236 0.09072484
3 0.547509 0.288865 0.16343153 0.087730035
3 0.7216796 0.2708545 0.16944695 0.051708996
3 0.7397675 0.2663415 0.1716795 0.04268302
