3 0.26274735 0.22449523 0.086385 0.060749352
3 0.27727035 0.21703595 0.08431172 0.060215294
3 0.30909488 0.23900223 0.09357715 0.06407748
3 0.33687645 0.24169114 0.09512305 0.037585795
3 0.35597253 0.3028139 0.068054914 0.048413932
3 0.25437686 0.31640956 0.12546939 0.028466523
3 0.99650145 0.18366316 0.0069971085 0.23174293
3 0.8377796 0.15676479 0.112658024 0.17314062
3 0.63195574 0.14453234 0.13572931 0.12128725
3 0.5176368 0.13462855 0.035273552 0.078268945
3 0.30354682 0.88608396 0.1411236 0.03841293
3 0.29274532 0.88608396 0.1419925 0.040152192
3 0.4060454 0.8377154 0.035409153 0.056584835
3 0.30720225 0.8249711 0.14411981 0.06306207
3 0.29728463 0.8243114 0.14411981 0.06522107
3 0.31389886 0.76147425 0.13677901 0.055295467
3 0.30678278 0.75931513 0.1354906 0.05181706
3 0.3248951 0.7014408 0.12946814 0.049238205
3 0.31626594 0.70208555 0.13204497 0.050527573
3 0.32165915 0.64746475 0.12557304 0.04749894
3 0.33009365 0.65242755 0.124284625 0.04447031
3 0.4073338 0.7616991 0.032832384 0.052266836
3 0.35587642 0.6057083 0.12137824 0.042611122
3 0.8372117 0.9381817 0.11417186 0.039221644
3 0.89006186 0.8957446 0.06382477 0.12432039
3 0.8482813 0.88645506 0.14914584 0.14241302
3 0.6838479 0.79798496 0.23946118 0.22101605
3 0.7620337 0.5873547 0.30803227 0.17470944
3 0.94818866 0.6625055 0.089453936 0.1912452
3 0.93207884 0.6482977 0.12509012 0.18608081
