3 0.6500667 0.7841888 0.22226667 0.13893342
3 0.6904148 0.45726296 0.23682964 0.12570375
3 0.6914815 0.57064813 0.23087406 0.13164449
3 0.6683259 0.57395923 0.23220742 0.13296294
3 0.6713037 0.67384815 0.22888887 0.13031113
3 0.6550963 0.67781854 0.22690368 0.13031113
3 0.63434815 0.7797444 0.22623706 0.13653338
3 0.40771112 0.6035148 0.2651407 0.15082955
3 0.38865185 0.6122482 0.27466667 0.14447415
3 0.40374073 0.7186185 0.25719994 0.14607406
3 0.3811111 0.7329074 0.2706963 0.15082955
3 0.39143705 0.8134185 0.25481483 0.11816299
3 0.36484447 0.8197741 0.26355553 0.10545182
