3 0.34143057 0.34114534 0.11534041 0.06066972
3 0.35496002 0.34194127 0.11892742 0.059483767
3 0.42953917 0.31340763 0.039139986 0.07169634
3 0.42357618 0.31245178 0.05079162 0.070139825
3 0.33871374 0.28926975 0.11500478 0.07363027
3 0.32656845 0.28357205 0.11610234 0.07439737
3 0.41102508 0.20693097 0.05736047 0.04697302
3 0.6196438 0.36987233 0.042615294 0.09656358
3 0.6195259 0.27228516 0.06309128 0.112543166
3 0.21323222 0.7148462 0.16896445 0.15331113
3 0.23826775 0.80710936 0.19788134 0.1307813
3 0.25230095 0.80607665 0.22372694 0.13284683
3 0.26729763 0.8655937 0.17523044 0.013812542
3 0.2744028 0.86592495 0.18724388 0.013150096
3 0.3600086 0.8180907 0.019982815 0.10881853
3 0.3523297 0.8135451 0.035340607 0.11790979
3 0.95730734 0.7358416 0.08538538 0.13384521
3 0.9634127 0.73074085 0.073174596 0.12364364
3 0.80067396 0.7314692 0.25902796 0.12303805
3 0.7664655 0.7278111 0.23103094 0.11492908
3 0.5846415 0.7148168 0.16928303 0.08544266
3 0.5834037 0.8653506 0.16680744 0.10767102
3 0.59476334 0.8703542 0.17804134 0.10957646
3 0.78311986 0.9230726 0.23254192 0.12292254
3 0.811618 0.9298563 0.25060153 0.12474048
3 0.9487475 0.96092045 0.10250497 0.078159094
3 0.9655906 0.965822 0.06881869 0.06835604
