3 0.6338163 0.36930707 0.24236417 0.14736336
3 0.36943805 0.6697395 0.18067509 0.0730803
3 0.39950627 0.67640716 0.23527977 0.059744954
3 0.6167359 0.6304593 0.28152832 0.09542096
3 0.65024006 0.63663775 0.21451986 0.06476998
3 0.35126895 0.5311566 0.19011831 0.15165797
3 0.3873977 0.5533914 0.25545943 0.16096148
3 0.60795116 0.5042929 0.29909766 0.1456205
3 0.6526601 0.51213616 0.20967984 0.15829909
3 0.3329945 0.39788297 0.18098897 0.1375199
3 0.36635563 0.4149926 0.24678998 0.14213967
3 0.59178853 0.36508536 0.322191 0.14517069
