3 0.15844458 0.34122536 0.059389174 0.06254929
3 0.19747987 0.33403963 0.13745975 0.07692075
3 0.2551611 0.20730034 0.17009735 0.15670307
3 0.982552 0.13631748 0.034896016 0.07176575
3 0.6364481 0.069352165 0.21571815 0.021186698
3 0.61592215 0.40322965 0.22408068 0.16599691
3 0.63845414 0.41951847 0.27312362 0.16096306
3 0.8646568 0.3802774 0.2706864 0.15001673
3 0.88837016 0.39738116 0.22325969 0.15441561
3 0.9915046 0.35425073 0.01699078 0.12047684
3 0.6167177 0.24497348 0.20394576 0.12023455
3 0.6382843 0.26607493 0.24977827 0.12304072
3 0.83940136 0.22534102 0.23986804 0.10659383
3 0.8818039 0.24448568 0.23639226 0.10969144
3 0.9765123 0.2237632 0.046975374 0.0769518
3 0.6181697 0.12604687 0.19096625 0.09323546
3 0.6370515 0.13693404 0.22931528 0.08122206
3 0.8235682 0.1261877 0.21304727 0.07854158
3 0.86278975 0.1412264 0.2100004 0.0759342
3 0.9605179 0.12194908 0.07896423 0.07986662
3 0.079544835 0.68480957 0.03408967 0.049381495
3 0.086784184 0.68144155 0.048568368 0.05652249
3 0.14134714 0.6564766 0.09521359 0.06647551
3 0.15302017 0.65157557 0.095271416 0.06575167
3 0.16064091 0.6884537 0.09382096 0.06703031
3 0.16502097 0.68656015 0.09517032 0.0694114
3 0.09020185 0.71914804 0.055403695 0.054021478
3 0.08572259 0.7222013 0.046445176 0.049129963
3 0.16973773 0.75131065 0.09350968 0.06448686
3 0.160936 0.75795424 0.094680846 0.06493473
3 0.0962753 0.7783123 0.06026558 0.049535394
3 0.10463323 0.81511205 0.06191439 0.05129099
3 0.16856566 0.7942677 0.09314194 0.06267381
3 0.17885403 0.7893499 0.09342733 0.064088345
3 0.1903865 0.82449853 0.09304422 0.06430888
3 0.17899726 0.83016515 0.09241888 0.063323736
3 0.113291815 0.8497211 0.064831346 0.05296004
3 0.11457377 0.8777796 0.053332493 0.031940818
3 0.12100773 0.8756788 0.065949336 0.03614247
3 0.18744847 0.86360466 0.09063321 0.060290694
3 0.19903402 0.8596616 0.09174982 0.06530583
3 0.7616676 0.86182505 0.07087064 0.026349902
