3 0.39877275 0.17251204 0.20733887 0.120024085
3 0.38978103 0.29962146 0.19834709 0.11925469
3 0.37711984 0.42637917 0.20581818 0.11932087
3 0.38012812 0.56133413 0.20284289 0.13274038
3 0.38085538 0.69625604 0.20733893 0.12824512
3 0.60310334 0.66194713 0.18942142 0.12824512
3 0.7473574 0.6172597 0.07528508 0.09545672
3 0.59262395 0.5359826 0.18644631 0.12672484
3 0.7563161 0.5009134 0.0573678 0.12824515
3 0.59414464 0.4024819 0.19834709 0.12824517
3 0.7465971 0.3771304 0.07680583 0.12527049
3 0.60234296 0.2779717 0.19385123 0.11482562
3 0.751093 0.2533804 0.06781399 0.116279975
3 0.6127893 0.15981974 0.19385123 0.09463948
