3 0.13114198 0.4040686 0.03478393 0.04686278
3 0.16643146 0.36927307 0.10536292 0.116453886
3 0.17729834 0.32439658 0.124340326 0.17593217
3 0.21665612 0.38168064 0.12200992 0.091638744
3 0.34576514 0.35741904 0.061437607 0.14016193
3 0.33747754 0.3809967 0.051679194 0.09300655
3 0.21979198 0.28299767 0.12213941 0.13584238
3 0.30782598 0.33204237 0.09279466 0.13116711
3 0.7532283 0.33558333 0.24354339 0.14133334
3 0.7570861 0.39892554 0.2358278 0.014648914
3 0.7681972 0.4005789 0.21360552 0.011342227
3 0.3313549 0.56721413 0.12946814 0.02192831
3 0.33998406 0.56721413 0.13204497 0.02192831
3 0.33459085 0.60753524 0.12557304 0.04749894
3 0.32615635 0.60257244 0.124284625 0.04447031
3 0.19908522 0.60365194 0.12038955 0.0414716
3 0.19174439 0.5995588 0.12038952 0.042761087
3 0.19605899 0.56613463 0.13249439 0.019769192
3 0.18722004 0.56462026 0.12859927 0.01674056
3 0.06298035 0.5665694 0.103460684 0.020638824
3 0.0655721 0.59889907 0.1086442 0.04749894
3 0.06751967 0.60365194 0.112539336 0.04231119
3 0.053706937 0.6928324 0.084913865 0.037573338
3 0.056718163 0.6930573 0.09093632 0.03712356
3 0.05499533 0.64986145 0.08749065 0.03109622
3 0.16434363 0.68160236 0.12689143 0.04881835
3 0.17145973 0.6740607 0.12817979 0.044050455
3 0.16865824 0.7317102 0.114786536 0.041921377
3 0.16629122 0.73580337 0.12731084 0.044050455
3 0.17814139 0.78331727 0.12602243 0.033704996
3 0.16886798 0.78418696 0.12125841 0.03628385
3 0.17059083 0.82564354 0.115235955 0.03109622
3 0.1783661 0.8219701 0.115206 0.029806852
3 0.17966948 0.85501546 0.10055432 0.020750761
3 0.17427622 0.85673976 0.10528836 0.022460103
3 0.18635112 0.9014499 0.094082415 0.01772213
3 0.18137735 0.9005803 0.096239656 0.01772213
3 0.17749721 0.8779103 0.10226217 0.016402721
3 0.18548222 0.8789898 0.09839702 0.015982866
3 0.06939233 0.87141824 0.10358052 0.027647734
3 0.061632015 0.87293255 0.09836702 0.035834074
3 0.05779682 0.76799405 0.09309363 0.036703825
3 0.054785594 0.7697033 0.08707118 0.042761087
3 0.06017883 0.8044879 0.09785767 0.027647734
3 0.05586423 0.8103203 0.089228466 0.027197957
3 0.30456838 0.6947366 0.1165843 0.03868282
3 0.29872563 0.6980351 0.1132884 0.040482044
3 0.30037358 0.6492917 0.12137824 0.042611122
3 0.30456838 0.74106604 0.112389565 0.040182114
3 0.2978268 0.74211556 0.11149062 0.037483454
3 0.30441853 0.7856113 0.11208993 0.035114408
3 0.29857585 0.7878603 0.10699624 0.034814596
3 0.30202153 0.819961 0.10489893 0.025788546
3 0.29662827 0.8240093 0.105498135 0.024888992
3 0.30173692 0.84754884 0.10367042 0.020390987
3 0.29408148 0.84979784 0.098606765 0.01829195
3 0.3020365 0.88473237 0.09767789 0.027587652
3 0.29598412 0.88545203 0.092883885 0.026688099
3 0.57954484 0.68480957 0.034089684 0.049381495
3 0.5867842 0.68144155 0.048568368 0.05652249
3 0.64134717 0.6564766 0.09521365 0.06647551
3 0.65302014 0.65157557 0.09527147 0.06575167
3 0.6606409 0.6884537 0.09382093 0.06703031
3 0.66502094 0.68656015 0.09517026 0.0694114
3 0.59020185 0.71914804 0.05540371 0.054021478
3 0.58572257 0.7222013 0.04644513 0.049129963
3 0.6697377 0.75131065 0.093509674 0.06448686
3 0.660936 0.75795424 0.094680786 0.06493473
3 0.59627527 0.7783123 0.06026554 0.049535394
3 0.6046332 0.81511205 0.061914444 0.05129099
3 0.66856563 0.7942677 0.09314191 0.06267381
3 0.67885405 0.7893499 0.0934273 0.064088345
3 0.69038653 0.82449853 0.09304428 0.06430888
3 0.6789973 0.83016515 0.09241891 0.063323736
3 0.6132918 0.8497211 0.064831376 0.05296004
3 0.6145738 0.8777796 0.053332448 0.031940818
3 0.62100774 0.8756788 0.06594932 0.03614247
3 0.6874485 0.86360466 0.090633154 0.060290694
3 0.69903404 0.8596616 0.09174979 0.06530583
