3 0.30533376 0.28720257 0.14583087 0.115594864
3 0.35677457 0.28946033 0.14161277 0.111079335
3 0.6754465 0.3197428 0.21425569 0.23408717
3 0.7326579 0.34655467 0.3119949 0.20019877
3 0.86744696 0.33643365 0.26510608 0.26772678
3 0.7668443 0.41516456 0.3180232 0.071150005
3 0.04865505 0.6717361 0.065702476 0.103207946
3 0.44200176 0.8426368 0.11242306 0.06651151
3 0.4143256 0.87068796 0.14756125 0.07009566
3 0.29424804 0.8581141 0.15049148 0.055669665
3 0.32390794 0.8002036 0.14882016 0.06335437
3 0.34475884 0.7824389 0.15802497 0.07582319
3 0.44656497 0.7848344 0.106870055 0.06865442
3 0.1091342 0.80585754 0.15655121 0.05913031
3 0.060987204 0.8552197 0.09715897 0.056696415
3 0.05116882 0.85555524 0.07736434 0.046738863
3 0.18916136 0.8672495 0.14433622 0.056324124
3 0.78898907 0.6663145 0.17505574 0.116684556
3 0.71802 0.6767193 0.13104141 0.09522438
3 0.812862 0.74651366 0.16397548 0.09767854
3 0.9244409 0.8110368 0.07472324 0.06684327
3 0.90075123 0.8440782 0.09661329 0.043541074
3 0.8941425 0.83292246 0.11823356 0.06641781
3 0.78207695 0.79435486 0.15695894 0.09570849
3 0.74686354 0.7570748 0.16935241 0.10431898
3 0.68572074 0.7891309 0.056743503 0.068478465
3 0.6969663 0.80789316 0.07839 0.084096074
3 0.7760333 0.82684004 0.16600919 0.06590414
3 0.8144957 0.8466773 0.14024234 0.02967143
