3 0.28025734 0.25805667 0.24351011 0.087685466
3 0.25572744 0.25881356 0.25214374 0.08623594
3 0.27553686 0.19670221 0.2509026 0.11464812
3 0.2909816 0.19633211 0.24988519 0.11450186
3 0.31000775 0.1257031 0.23625386 0.066860855
3 0.29487857 0.12688771 0.23148209 0.07208845
3 0.6655543 0.3227815 0.3199923 0.20833778
3 0.6441609 0.3285495 0.27722907 0.19687152
3 0.8638061 0.30930167 0.24365187 0.19263612
3 0.882969 0.30423534 0.20354676 0.17923188
3 0.700999 0.3981184 0.27726948 0.054956794
3 0.68035847 0.40950018 0.22683966 0.03203839
3 0.6208478 0.23769176 0.24169567 0.20137918
3 0.59130573 0.23963222 0.1826115 0.17890914
3 0.8029311 0.21902853 0.30191076 0.18964899
3 0.595719 0.18509606 0.19143796 0.09150258
3 0.56685466 0.18286623 0.13370931 0.08027306
3 0.7697629 0.17436518 0.27544498 0.095767975
3 0.100259155 0.9305817 0.15452689 0.059580088
3 0.09243874 0.9310735 0.15730777 0.061597466
3 0.24358886 0.907352 0.12580532 0.054662228
3 0.25742435 0.9046874 0.12386976 0.05516839
3 0.35838354 0.88931316 0.10234797 0.049517035
3 0.37314534 0.88589334 0.103465796 0.05172932
3 0.112488374 0.8291774 0.15337038 0.07439852
3 0.12890957 0.8218043 0.15305299 0.07354128
3 0.25251725 0.8149388 0.1241021 0.063596606
3 0.26629838 0.81012523 0.12015861 0.06643915
3 0.37679935 0.7999383 0.101412654 0.05915141
3 0.3801902 0.8024982 0.100444555 0.058476806
3 0.38223904 0.74329334 0.09751809 0.055122375
3 0.36767146 0.7452152 0.10210091 0.055219293
3 0.2710442 0.7481603 0.11958493 0.06060171
3 0.25241566 0.7514502 0.121750176 0.061328888
3 0.13263522 0.7556639 0.14957312 0.064934015
3 0.11471662 0.75883615 0.15214413 0.068241835
3 0.11197733 0.6929848 0.15093677 0.06402874
3 0.13184777 0.6897089 0.14740545 0.06176424
3 0.25106165 0.69196665 0.12166631 0.05851853
3 0.26813102 0.6891927 0.11772214 0.05236137
3 0.3662666 0.69189644 0.10174 0.052137494
3 0.38182476 0.6909596 0.098032594 0.05285597
3 0.73097646 0.8788885 0.13642788 0.054723144
3 0.81986046 0.88312626 0.047014832 0.046247482
