3 0.30442587 0.4639389 0.24517769 0.16226712
3 0.2824978 0.862569 0.23311274 0.049862027
3 0.27844563 0.8080103 0.23205978 0.10921621
3 0.34648004 0.7990612 0.22421592 0.102776885
3 0.5395071 0.81558377 0.25007853 0.13020945
3 0.6339555 0.7849265 0.22397709 0.09827483
3 0.82062 0.7803808 0.22222972 0.11906886
3 0.9294601 0.70198363 0.09107971 0.09868169
3 0.9184805 0.5956657 0.11303902 0.10842049
3 0.8894043 0.6461019 0.17119133 0.12031925
3 0.7355518 0.65596294 0.20899355 0.098665
3 0.764273 0.5612293 0.20467293 0.105841875
3 0.7892229 0.5295952 0.21688652 0.123942494
3 0.91651666 0.5060705 0.11664057 0.10717714
3 0.4780439 0.6255926 0.20510766 0.09706807
3 0.30417135 0.6291287 0.19911718 0.089738965
3 0.24915309 0.6498894 0.20521769 0.098199725
3 0.38903093 0.713803 0.19305962 0.0999974
3 0.35412556 0.71920687 0.21123123 0.08899522
3 0.5931086 0.6964987 0.19581294 0.098159194
