3 0.2322111 0.7128222 0.089422196 0.0743556
3 0.24438891 0.7144296 0.11377782 0.071140766
3 0.37477407 0.7197111 0.17917031 0.06057775
3 0.39613703 0.72154814 0.17961484 0.05690372
3 0.39912224 0.6476148 0.17823708 0.09188151
3 0.37775925 0.6434815 0.17871112 0.08728886
3 0.24714445 0.6354444 0.11928889 0.08499265
3 0.23611483 0.6338296 0.09722966 0.07808888
3 0.23450741 0.54723704 0.09401482 0.07397044
3 0.24875185 0.5486148 0.1225037 0.07764447
3 0.37707037 0.5538963 0.17457783 0.0808593
3 0.4002704 0.5568815 0.17502224 0.08315551
3 0.40027034 0.46776295 0.17134821 0.07671109
3 0.40899628 0.46822223 0.17318517 0.081303775
3 0.24806295 0.4634 0.12112591 0.072577775
3 0.23909996 0.46041483 0.10319993 0.06936294
3 0.39315185 0.32833335 0.17180747 0.0707407
3 0.3745444 0.3214444 0.17411852 0.0707407
3 0.24484815 0.33062962 0.114696294 0.065229595
3 0.23519629 0.32626665 0.095392585 0.07028139
