3 0.2463266 0.30967274 0.11194496 0.068154514
3 0.2639585 0.250905 0.115999445 0.072807714
3 0.27395222 0.1903985 0.11476135 0.068297
3 0.1757126 0.18795006 0.081977785 0.06340012
3 0.16608962 0.2490218 0.08217925 0.07262875
3 0.15758699 0.30392903 0.06517398 0.054665506
3 0.8314233 0.12523636 0.05887091 0.032972723
3 0.8280771 0.12543075 0.05813408 0.033361487
3 0.47505328 0.6638291 0.04989344 0.089630604
3 0.38838592 0.6485323 0.22322816 0.123560786
3 0.31294164 0.6421619 0.2335887 0.09180176
3 0.15756261 0.6503227 0.20678471 0.06690252
3 0.09315093 0.64798707 0.18630186 0.044754863
3 0.035353098 0.6836325 0.070706196 0.07960975
3 0.1003745 0.67933196 0.200749 0.10849714
3 0.17057608 0.70147616 0.20042285 0.11421931
3 0.31665185 0.70284724 0.22309761 0.11791301
3 0.3951553 0.7225933 0.20968938 0.112959266
3 0.47920087 0.7388798 0.04159826 0.09894276
3 0.15019797 0.925879 0.15119562 0.060825467
3 0.20017156 0.9411206 0.1564551 0.058490038
3 0.32431597 0.9601644 0.16234982 0.07135916
3 0.3764258 0.9732721 0.16114718 0.05345583
3 0.4642831 0.9816935 0.07143378 0.036612988
3 0.47740957 0.9528662 0.045180857 0.05734861
3 0.3659656 0.9227419 0.14594162 0.059429526
3 0.32206106 0.90299267 0.18379492 0.072015405
3 0.1968749 0.8890512 0.15474889 0.0672009
3 0.13958053 0.87283474 0.16974217 0.064540386
3 0.05426037 0.8121898 0.09604194 0.05273688
3 0.1280092 0.8097317 0.17391083 0.08353555
3 0.18617836 0.8325329 0.17206721 0.078825474
3 0.32811138 0.8427986 0.18847592 0.083379626
3 0.3729319 0.85748804 0.15152639 0.07371855
3 0.47872552 0.89174974 0.042548954 0.080536485
3 0.4705485 0.8163934 0.05890298 0.09736347
3 0.37636173 0.79756755 0.20991635 0.09409082
3 0.30957618 0.78039825 0.20052105 0.09775472
3 0.16157396 0.7613882 0.1811066 0.082549095
3 0.71288204 0.5450559 0.17968154 0.051867962
3 0.68222785 0.607733 0.19044018 0.14028943
3 0.69850075 0.544883 0.18212616 0.04978013
3 0.6941431 0.5997401 0.19030976 0.13989902
3 0.67780334 0.8086829 0.18497574 0.13585985
3 0.6743221 0.7062713 0.19010425 0.1422615
3 0.6879439 0.70100385 0.1915797 0.14484465
3 0.8475101 0.6584211 0.11514032 0.14415586
3 0.8537228 0.6497211 0.1027379 0.14239025
3 0.85681075 0.56304854 0.096757054 0.101451516
3 0.84941995 0.56885076 0.11153853 0.113055944
