3 0.39991456 0.5296645 0.22693983 0.10915625
3 0.38507682 0.5228773 0.22621977 0.102427155
3 0.6735014 0.5335829 0.2549454 0.114239335
3 0.64875036 0.538975 0.2571665 0.11478189
3 0.3255355 0.63408434 0.22136669 0.1133225
3 0.3413589 0.6276213 0.21449769 0.11281848
3 0.32706764 0.7414431 0.20816183 0.104875326
3 0.31542027 0.7330672 0.21052837 0.10517442
3 0.3011354 0.835174 0.20378216 0.10726583
3 0.32106033 0.8295886 0.20283443 0.105609655
3 0.54270524 0.86611325 0.2239525 0.11177766
3 0.5683963 0.86395246 0.22745657 0.11056137
3 0.55497354 0.76488894 0.22775328 0.10811043
3 0.5708077 0.758054 0.23163903 0.112440825
3 0.56989884 0.6540626 0.23284137 0.10453868
3 0.5884857 0.64648867 0.23614267 0.10712981
