3 0.15937284 0.38684264 0.0899525 0.08851969
3 0.15482914 0.3865683 0.080865115 0.08797103
3 0.15280706 0.31351706 0.08137351 0.07799363
3 0.15785737 0.32101333 0.0909287 0.0766775
3 0.28880152 0.34660384 0.16658203 0.092072845
3 0.29931027 0.3546118 0.169039 0.09543359
3 0.30055124 0.42402267 0.1895203 0.11643052
3 0.31298083 0.4308137 0.18689853 0.11549312
3 0.3066669 0.47264013 0.199768 0.054719746
3 0.31897393 0.47860572 0.19581302 0.042788565
3 0.32635576 0.2456063 0.17906022 0.092256054
3 0.31767642 0.25438505 0.17884792 0.08675045
3 0.31291378 0.17667173 0.15655637 0.071734935
3 0.31635022 0.17191206 0.17369491 0.075832516
3 0.29527795 0.11719439 0.16277558 0.03754358
3 0.30696929 0.118374795 0.1588508 0.0379481
3 0.16289183 0.20481582 0.10828643 0.062223613
3 0.16525245 0.20115949 0.11333868 0.064808995
3 0.16992824 0.26303262 0.11886972 0.074318424
3 0.15882012 0.1482741 0.10379782 0.05842197
3 0.16246581 0.14737451 0.11106634 0.055938542
3 0.15646335 0.10516134 0.10098201 0.028939709
3 0.8098 0.3409861 0.13039994 0.0605278
3 0.8233305 0.34871668 0.10333896 0.045066655
3 0.7228139 0.23985 0.19562781 0.14432219
3 0.64614165 0.22824998 0.042283297 0.12627771
3 0.07494195 0.614533 0.045077085 0.10063863
3 0.32251608 0.7614371 0.35496783 0.23229265
3 0.3135781 0.74609387 0.3728438 0.237319
3 0.08205643 0.72159505 0.047310892 0.19556797
3 0.07425443 0.7162742 0.03202738 0.1839844
3 0.31696007 0.88430667 0.35655302 0.054112673
3 0.28874528 0.87661284 0.33913505 0.06739712
3 0.79608715 0.69466114 0.4078257 0.26639426
3 0.8313054 0.70846504 0.33738923 0.29400206
