3 0.27068514 0.4291549 0.23520194 0.071579754
3 0.37194598 0.27498302 0.032680273 0.27564114
3 0.794605 0.25116488 0.20242846 0.18180567
3 0.75917304 0.13058384 0.24342906 0.2030865
3 0.7845809 0.14365126 0.20329213 0.18542084
3 0.06068295 0.8646854 0.054114737 0.037276864
3 0.05404318 0.8254211 0.04572369 0.055868387
3 0.05957503 0.8288755 0.056645382 0.059955955
3 0.119464055 0.8543817 0.08732611 0.06402755
3 0.13283221 0.85721064 0.088448554 0.06807876
3 0.21307157 0.8673508 0.09464267 0.047798276
3 0.22888184 0.8703687 0.0951246 0.04176247
3 0.22949493 0.83761466 0.09625651 0.07396531
3 0.22292948 0.8339219 0.09535156 0.07409263
3 0.13216223 0.80783033 0.08778896 0.06431568
3 0.122921765 0.8031223 0.08478126 0.06326115
3 0.059600078 0.7841073 0.060980838 0.05555725
3 0.0550937 0.7806566 0.052275747 0.054768324
3 0.0983494 0.7337218 0.08682482 0.06326747
3 0.11191349 0.7361332 0.086670965 0.06021118
3 0.19266196 0.7555594 0.09513065 0.06517804
3 0.20264542 0.75918615 0.093925625 0.06854224
3 0.2013669 0.7088895 0.09110859 0.062368393
3 0.19032837 0.7046714 0.09401271 0.06107366
3 0.11140913 0.68756354 0.085378595 0.05702114
3 0.09888673 0.68328786 0.08718106 0.056765437
3 0.046847194 0.66887784 0.046791196 0.04991722
3 0.045188762 0.62890065 0.047878027 0.040301204
3 0.098123774 0.6364444 0.085276105 0.055131793
3 0.110822126 0.63968897 0.08437857 0.055260062
3 0.18886799 0.6552882 0.09181976 0.058245182
3 0.1996714 0.65936184 0.092136264 0.060152054
3 0.19926642 0.62446785 0.090266556 0.031435728
3 0.18852216 0.6222029 0.090337455 0.026905775
3 0.8730879 0.77750313 0.25382423 0.28498054
3 0.973346 0.8192247 0.05330801 0.25966907
3 0.81219715 0.7007729 0.37515676 0.3384266
3 0.6214351 0.7112531 0.24287021 0.28028178
3 0.929964 0.54392505 0.14007199 0.06378257
3 0.785311 0.6222806 0.42937803 0.2445612
