3 0.3089042 0.16750382 0.1905076 0.069489926
3 0.17506449 0.21587005 0.07042131 0.18166214
3 0.31509206 0.23232421 0.22477508 0.20142084
3 0.32315534 0.22868323 0.20554602 0.1904403
3 0.35496625 0.33229786 0.12673795 0.028862
3 0.58793527 0.40005025 0.12587059 0.0723995
3 0.5933 0.40273467 0.13660002 0.06703067
3 0.5828451 0.2525329 0.11569011 0.091521874
3 0.5834019 0.33545983 0.116803885 0.096749425
3 0.5899353 0.33845043 0.12987053 0.098994255
3 0.75378036 0.35862294 0.18141174 0.108695984
3 0.76833725 0.36516133 0.18812549 0.1083349
3 0.7724471 0.4169496 0.18363929 0.038600802
3 0.7562039 0.41284448 0.17728627 0.046811044
3 0.1423378 0.7895505 0.10165179 0.09618187
3 0.15618275 0.8563961 0.11152145 0.08241534
3 0.14294146 0.86344683 0.081935495 0.06831384
3 0.5043825 0.8038528 0.008764982 0.21227336
3 0.7699025 0.95267594 0.29180956 0.09464812
3 0.6978836 0.8024919 0.3119713 0.36147928
3 0.67848706 0.80935156 0.3155582 0.37261236
3 0.69854987 0.65235686 0.3218937 0.30471373
3 0.6740938 0.6547949 0.3296914 0.30958974
3 0.9159931 0.7649845 0.16801381 0.29398584
3 0.9284666 0.8932346 0.14306676 0.21353078
3 0.91924334 0.89431965 0.16151333 0.2113607
