3 0.027975027 0.119154274 0.038957633 0.12276853
3 0.5757269 0.056402303 0.15145385 0.05149745
3 0.63222265 0.06424712 0.14501143 0.04594138
3 0.74995697 0.0650702 0.13773632 0.047750488
3 0.8592278 0.099956125 0.13090014 0.051285617
3 0.9648895 0.13062306 0.062292814 0.050049283
3 0.95635784 0.17756331 0.08444047 0.03426993
3 0.947827 0.16611737 0.100840926 0.047001123
3 0.84773093 0.1549952 0.12106967 0.053889364
3 0.8123154 0.12918031 0.12835813 0.057277314
3 0.7050213 0.12955672 0.13229454 0.044724256
3 0.72908556 0.17862114 0.12869513 0.047574013
3 0.7465179 0.19419913 0.13562107 0.05622402
3 0.8553674 0.20177518 0.12942564 0.0526509
3 0.8903769 0.21762595 0.115798235 0.037291646
3 0.5577093 0.15692455 0.104046226 0.043379188
3 0.6118833 0.11321387 0.12779546 0.04600393
3 0.24789684 0.67737657 0.23335722 0.042253137
3 0.23683031 0.67146826 0.21954879 0.030436397
3 0.22601208 0.7474022 0.19238834 0.14444613
3 0.23648742 0.75551057 0.21168168 0.14330173
3 0.214385 0.8197126 0.14405067 0.026305437
3 0.22362706 0.8238911 0.16103804 0.018983364
3 0.6743349 0.5836725 0.15833163 0.054845095
3 0.6546689 0.5834785 0.14256406 0.05445707
3 0.6373779 0.63265634 0.15226376 0.12132716
3 0.6625775 0.63560617 0.16100359 0.1283257
3 0.64131653 0.71825004 0.16916502 0.14558148
3 0.6031868 0.7203016 0.13693333 0.1434145
