3 0.4481234 0.44853678 0.46624675 0.28786474
3 0.46347538 0.45425653 0.4969508 0.28114593
3 0.7146712 0.4613878 0.14065754 0.18575767
3 0.7669981 0.2692113 0.036003828 0.19659859
3 0.73636156 0.23560214 0.09727681 0.19118382
3 0.52018803 0.20914009 0.4365145 0.19328018
3 0.5333574 0.2490817 0.50328517 0.27316338
3 0.33995914 0.6142187 0.24991828 0.20679593
3 0.6149435 0.6071418 0.33279073 0.20033646
3 0.63172734 0.6136902 0.29568338 0.19242442
3 0.30468187 0.77296704 0.17936377 0.22341383
3 0.55156946 0.7578532 0.36323965 0.22573936
3 0.49419373 0.82280445 0.3495388 0.12939107
3 0.27928266 0.8489546 0.12856531 0.07709086
3 0.41284388 0.82574785 0.33654714 0.12350428
3 0.69918084 0.43412644 0.17163837 0.15988162
