3 0.013910029 0.4306248 0.027820058 0.08027941
3 0.05783404 0.44074148 0.11566808 0.07072359
3 0.15031585 0.4350003 0.2641613 0.06758177
3 0.2291916 0.43733153 0.25367415 0.05550623
3 0.36465696 0.44073728 0.19394732 0.03412527
3 0.40106574 0.43948737 0.12448567 0.03035593
3 0.4263265 0.3997384 0.14734697 0.059512675
3 0.39245403 0.3820152 0.21509194 0.06333196
3 0.25308865 0.38539085 0.24178815 0.063749075
3 0.18577152 0.36468393 0.24946427 0.06938481
3 0.07522906 0.36912572 0.15045813 0.07181144
3 0.028154567 0.353527 0.056309134 0.07142776
3 0.4679554 0.15199041 0.06408918 0.07193666
3 0.39667204 0.13168897 0.20144832 0.07783213
3 0.34375253 0.108213685 0.21929377 0.08913107
3 0.17521705 0.08542476 0.24751088 0.1046084
3 0.1206993 0.054700635 0.2413986 0.10940127
3 0.022700991 0.042541947 0.045401983 0.085083894
3 0.09653181 0.13481954 0.19306362 0.07924717
3 0.13241228 0.15775666 0.26482457 0.08850321
3 0.29892734 0.1744219 0.21033859 0.07769519
3 0.3618133 0.19239886 0.21717525 0.068454295
3 0.4522151 0.20818266 0.09556979 0.05445808
3 0.47742853 0.22870293 0.04514295 0.052705884
3 0.46085107 0.2821613 0.07829785 0.054008782
3 0.42743078 0.26323423 0.14513844 0.055695593
3 0.32164782 0.2594613 0.2204958 0.07058029
3 0.26515052 0.23672472 0.22631812 0.07336268
3 0.1064221 0.22697058 0.2128442 0.08307971
3 0.06959737 0.21215954 0.13919474 0.07997103
3 0.06450875 0.27666336 0.1290175 0.07781839
3 0.09926078 0.2927745 0.19852155 0.07609993
3 0.24042141 0.3090705 0.22474915 0.05506158
3 0.4230553 0.32950148 0.15388942 0.053731203
3 0.4479382 0.3372622 0.10412359 0.04385823
3 0.83328784 0.36861402 0.14087844 0.074825406
3 0.7238293 0.13991529 0.2984594 0.06710392
3 0.75972533 0.14518043 0.22877562 0.07256061
3 0.40930834 0.84767413 0.07638329 0.07144439
3 0.39740092 0.84624076 0.10019815 0.06954074
3 0.2708537 0.8290963 0.18908888 0.073355556
3 0.24537593 0.8248111 0.19623707 0.0762074
3 0.26204628 0.74788517 0.17908889 0.05954075
3 0.28180924 0.7447889 0.17575556 0.060014844
3 0.4024009 0.75122225 0.09019816 0.04239261
3 0.41121203 0.7393148 0.07257593 0.05954075
3 0.41716757 0.6969222 0.060664833 0.050962925
3 0.40930834 0.6993037 0.07638329 0.04048145
3 0.719905 0.81726503 0.18230999 0.15047002
