3 0.23429358 0.8563289 0.31202757 0.21908784
3 0.83855367 0.85301405 0.2492336 0.16530871
3 0.87736344 0.8484536 0.23443472 0.16915226
3 0.96194583 0.41993195 0.07610834 0.21846294
3 0.97194946 0.43374813 0.056101084 0.18488303
3 0.98581475 0.21289277 0.0283705 0.26997232
3 0.19093615 0.024379384 0.3818723 0.048758768
3 0.1988248 0.15431522 0.3976496 0.30863044
3 0.66283095 0.06962219 0.43502676 0.13924438
3 0.6375281 0.07972926 0.44806018 0.15945852
3 0.22318658 0.5181481 0.38245833 0.3153082
3 0.27423155 0.52720773 0.36490172 0.27976918
3 0.60369986 0.38844284 0.3565191 0.33042926
3 0.6473898 0.38436526 0.3525778 0.31327906
3 0.620533 0.57024086 0.3211429 0.2986655
3 0.2885767 0.70349497 0.3321156 0.25719857
3 0.22276235 0.70415604 0.34297484 0.2714305
3 0.5661634 0.583025 0.31776392 0.27235675
3 0.58034414 0.72387123 0.29177177 0.24649692
3 0.2666409 0.8498022 0.31084985 0.22790468
3 0.5404763 0.73505414 0.28394186 0.22291815
3 0.26501152 0.9436811 0.28079337 0.11263776
3 0.55020976 0.8795712 0.25945437 0.20037532
3 0.5707347 0.8649697 0.2643602 0.21289909
3 0.951169 0.6031577 0.09766197 0.18442142
