3 0.071767904 0.054841984 0.072870895 0.10968397
3 0.08299247 0.1654785 0.08108123 0.2861951
3 0.09243415 0.1782838 0.09769979 0.29736438
3 0.114601605 0.31240332 0.071859196 0.118136525
3 0.12477358 0.31558654 0.09267542 0.12751442
3 0.2901888 0.41755143 0.2244901 0.09922242
3 0.28375673 0.31400186 0.25380194 0.30632156
3 0.2708294 0.29838797 0.28188592 0.33754933
3 0.2673264 0.15057568 0.29170465 0.30115137
3 0.25829583 0.14164351 0.30886227 0.28328702
3 0.73625165 0.1862323 0.3518604 0.23183936
3 0.2948266 0.8587105 0.4103468 0.19859278
3 0.23825043 0.6524549 0.3457132 0.23643279
3 0.24159357 0.53164494 0.3587106 0.053393006
3 0.25367385 0.5282544 0.38287115 0.046612024
3 0.28467733 0.86526954 0.3869179 0.18265414
3 0.812073 0.83473134 0.14809167 0.06553733
3 0.79485774 0.8354472 0.15886271 0.06410563
3 0.9121864 0.84212804 0.038127184 0.050744057
3 0.9063583 0.8432007 0.04978335 0.048598647
3 0.7726089 0.6901689 0.16523612 0.093265176
3 0.79614794 0.69108325 0.1601026 0.09109223
3 0.9070079 0.7114238 0.048484206 0.07240713
3 0.8953462 0.715812 0.07180762 0.072585225
3 0.8986422 0.78876233 0.06521571 0.069895625
3 0.7800108 0.77346456 0.16081369 0.0882231
3 0.8066779 0.7685093 0.15561211 0.085262656
3 0.91077304 0.7836875 0.040953994 0.06364238
