3 0.05309225 0.14622931 0.0411845 0.0649586
3 0.06888535 0.13432585 0.0727707 0.041151702
3 0.09543621 0.12473966 0.095310345 0.021979325
3 0.67041945 0.15660001 0.15333891 0.06320003
3 0.686525 0.17979445 0.18554997 0.10958889
3 0.6214528 0.26808888 0.055405617 0.19586664
3 0.59890276 0.22556667 0.010305524 0.19586667
3 0.27555493 0.86194724 0.19389015 0.026105523
3 0.27517778 0.8602558 0.19464445 0.029488444
3 0.24876343 0.7572017 0.21247634 0.14028168
3 0.25663644 0.75175905 0.23172712 0.1451149
3 0.36374977 0.7790272 0.0175004 0.13114071
3 0.33086243 0.66786504 0.08327514 0.08823013
3 0.31093898 0.67068416 0.12312204 0.093868256
3 0.20990327 0.65150315 0.16535372 0.05550635
3 0.18936463 0.6458702 0.12427643 0.044240475
3 0.6828876 0.69435084 0.14801502 0.041021824
3 0.69042325 0.69219184 0.1380974 0.031545997
3 0.8261535 0.6898079 0.11005247 0.028517365
3 0.8343483 0.6848451 0.11607492 0.019431353
3 0.8233521 0.7325689 0.13806736 0.055265546
3 0.81169665 0.73817647 0.14154303 0.05700469
3 0.6768352 0.73991567 0.13507116 0.053526282
3 0.6696882 0.7446536 0.124376416 0.052686572
3 0.6749026 0.81591696 0.13462174 0.057874322
3 0.68158424 0.80987465 0.1385169 0.054425836
3 0.67076683 0.87619025 0.12653375 0.051397204
3 0.6749026 0.87185717 0.13120604 0.04968798
3 0.66774064 0.9219498 0.12048125 0.04360044
3 0.66212267 0.9256232 0.1092453 0.03625369
3 0.8151573 0.80339754 0.12773037 0.048368573
3 0.82469755 0.80210805 0.13560486 0.05184698
3 0.8160112 0.86193156 0.13465166 0.04447031
3 0.8067378 0.8645104 0.12557304 0.046209455
3 0.7898989 0.92022556 0.12557304 0.047048926
3 0.7933595 0.92367405 0.12470412 0.040151954
