3 0.60270554 0.64713144 0.3095889 0.120737076
3 0.5874612 0.6447537 0.34007764 0.12549257
3 0.34330183 0.61534816 0.20160365 0.14288878
3 0.32519814 0.6124814 0.16539627 0.13908136
3 0.31758332 0.42244446 0.15016665 0.08478528
3 0.3409167 0.3986296 0.19683337 0.1190815
3 0.3375833 0.3286537 0.19016661 0.07230735
3 0.31662786 0.32579443 0.1482557 0.06658882
3 0.5574593 0.3505259 0.31245914 0.10097772
3 0.5903259 0.36147407 0.31531847 0.10764444
3 0.5993722 0.49102223 0.31625557 0.117170334
3 0.57889634 0.49626672 0.3324593 0.1257334
