3 0.7261794 0.9066787 0.22892976 0.094696164
3 0.48882562 0.9436155 0.23000494 0.09925687
3 0.23482586 0.96906644 0.24001542 0.061867118
3 0.8596104 0.7382042 0.10216999 0.14826584
3 0.68716574 0.7562961 0.25060856 0.16840863
3 0.42345253 0.79976 0.2536816 0.17332315
3 0.15528437 0.86414385 0.26746303 0.18186033
3 0.87883013 0.5583434 0.103613734 0.14533806
3 0.70207435 0.5846738 0.25892556 0.16909373
3 0.4386027 0.6235136 0.26490617 0.18070424
3 0.16196713 0.6956289 0.27190846 0.16148853
3 0.71213955 0.423602 0.26924586 0.14831716
3 0.43405902 0.4542691 0.27045277 0.17644492
3 0.14031006 0.50191706 0.28037313 0.1867894
