3 0.3066938 0.345056 0.07345736 0.05488801
3 0.29378423 0.34432793 0.07223773 0.05634415
3 0.2303062 0.35326606 0.07016018 0.038467884
3 0.21866278 0.35358104 0.068475455 0.037837923
3 0.15355912 0.33039698 0.049618214 0.055518746
3 0.16043767 0.33050025 0.063375324 0.052812994
3 0.21418734 0.31261876 0.06700775 0.054888844
3 0.22781524 0.3127427 0.069374666 0.058048904
3 0.28773773 0.2942003 0.07196897 0.057005882
3 0.30013567 0.29472184 0.07214469 0.058048904
3 0.30160853 0.24247679 0.0723204 0.05891639
3 0.29623383 0.24628752 0.0712868 0.05753261
3 0.22434753 0.2649177 0.06833075 0.058399975
3 0.21654393 0.26526365 0.06729713 0.057005882
3 0.15443766 0.28311414 0.05137533 0.056313872
3 0.15903199 0.28371823 0.06056395 0.053019643
3 0.16228554 0.1457476 0.06412405 0.038995206
3 0.1561586 0.14709528 0.05481717 0.04169056
3 0.15555911 0.18590468 0.053618222 0.05210048
3 0.15720768 0.18261032 0.056915373 0.05389738
3 0.22147416 0.16464624 0.06442377 0.056881994
3 0.22956201 0.16329855 0.066832006 0.05658245
3 0.29129845 0.14844298 0.069829464 0.04438597
3 0.3002907 0.14889222 0.06922996 0.04528445
3 0.91158605 0.30381423 0.17682791 0.19857854
3 0.934597 0.3087469 0.13080597 0.17050016
3 0.78674054 0.20451628 0.42651892 0.25901148
3 0.63060695 0.24078687 0.2612139 0.21889481
3 0.12102549 0.83045363 0.24205098 0.19642901
3 0.12902325 0.83625615 0.2580465 0.18928146
3 0.3767168 0.8971264 0.17971367 0.1222347
3 0.384327 0.9037274 0.16318643 0.10903263
3 0.42044097 0.73175776 0.118905306 0.21568477
3 0.14743254 0.67618203 0.29486507 0.23846889
3 0.15585183 0.68805087 0.31170365 0.24197543
3 0.414757 0.5913872 0.14172375 0.13881159
3 0.4073951 0.58504236 0.15644759 0.13274086
3 0.7132816 0.8859962 0.105642915 0.114712596
3 0.7202556 0.89067876 0.108533144 0.11702287
3 0.60033345 0.8922925 0.069619894 0.090874195
3 0.62676287 0.8237479 0.07652974 0.09832537
