3 0.29133716 0.68767387 0.16028075 0.074652195
3 0.29851097 0.68563944 0.17484474 0.07872105
3 0.28444606 0.6094248 0.17902172 0.13153279
3 0.27389076 0.6154653 0.15624166 0.12208068
3 0.25572106 0.5244505 0.1486693 0.11767265
3 0.26613286 0.5221902 0.16949278 0.12345889
3 0.24796289 0.43117362 0.16255474 0.1230461
3 0.23974788 0.43321654 0.14612472 0.1189602
3 0.43242383 0.38016543 0.19647601 0.12199026
3 0.43716067 0.3817199 0.22163782 0.1332972
3 0.45611686 0.46606407 0.21165776 0.135207
3 0.4425615 0.4650075 0.20911261 0.13649112
3 0.48448572 0.5559087 0.21187419 0.13657
3 0.4655233 0.5558426 0.21134081 0.13769972
3 0.48829898 0.6477613 0.20035535 0.13744593
3 0.47242212 0.6530758 0.20020974 0.13236022
3 0.78129435 0.30205908 0.12741125 0.054118156
3 0.7979172 0.3638583 0.09416568 0.10757333
3 0.78514636 0.36137092 0.119707346 0.10921866
3 0.7872832 0.44588557 0.11543357 0.10758227
3 0.7975051 0.45105624 0.094989896 0.103417486
3 0.7939759 0.5336407 0.10204828 0.10580656
3 0.8032696 0.5366527 0.08346069 0.102679044
