3 0.15085794 0.32060072 0.27397487 0.2736733
3 0.15937799 0.3014465 0.282444 0.26932514
3 0.3910101 0.30155632 0.20404255 0.23148215
3 0.38243634 0.32323292 0.21809202 0.23648793
3 0.43224674 0.08576352 0.13550651 0.17152704
3 0.4159019 0.09049 0.1681962 0.18098
3 0.39441755 0.19490542 0.20932966 0.19469157
3 0.26488507 0.11632321 0.37306464 0.23264642
3 0.85085267 0.048170395 0.09668958 0.0816565
3 0.84006214 0.13656539 0.1107533 0.09734237
3 0.84889436 0.13149856 0.093616724 0.09852084
3 0.84279156 0.23324011 0.09644151 0.10096297
3 0.85017407 0.23466796 0.08127296 0.09517063
3 0.58112067 0.0712385 0.117363095 0.05838719
3 0.5958466 0.066226 0.12471712 0.05328618
3 0.59879315 0.124966964 0.12567186 0.070559114
3 0.5868594 0.13245681 0.11978018 0.06961915
3 0.5950589 0.20337962 0.12287593 0.06390098
3 0.58418715 0.20839371 0.117195606 0.06453884
3 0.05185625 0.59714997 0.0712125 0.037624955
3 0.050124995 0.5939437 0.06774999 0.03781247
3 0.046306245 0.64016247 0.06011249 0.03867507
3 0.049774997 0.6366062 0.067049995 0.03781247
3 0.045874994 0.6810875 0.05924999 0.037625074
3 0.050556246 0.68005 0.06861249 0.03867507
3 0.045699995 0.7234062 0.05889999 0.039012432
3 0.050381247 0.72253746 0.068262495 0.039725065
3 0.047606245 0.7674563 0.06271249 0.040762544
3 0.050643746 0.76460004 0.06878749 0.03850007
3 0.123887494 0.76927495 0.07145003 0.036774993
3 0.1303 0.7676313 0.071100034 0.037637472
3 0.13177499 0.725925 0.070924945 0.035724998
3 0.1264875 0.7242688 0.07145005 0.036937475
3 0.1257875 0.68195623 0.071800046 0.037637472
3 0.13116875 0.68464375 0.07283754 0.035387516
3 0.123275 0.64180624 0.07232503 0.037462473
3 0.1315125 0.6396375 0.07250004 0.036599994
3 0.127525 0.5985375 0.07145005 0.036249995
3 0.13246875 0.59515625 0.071962446 0.03781247
3 0.213025 0.5952375 0.07250005 0.036249995
3 0.20747499 0.5980125 0.07250002 0.03555
3 0.2145875 0.6407687 0.07387504 0.035037518
3 0.208775 0.63955003 0.07232502 0.035724998
3 0.21519999 0.68316877 0.074750036 0.036587477
3 0.21051249 0.6816125 0.07267505 0.035899997
3 0.20944376 0.72395 0.07313749 0.034150004
3 0.21500626 0.72643125 0.07386245 0.03613746
3 0.20698123 0.7669687 0.07168749 0.035987616
3 0.2102375 0.7682 0.0724 0.03584993
3 0.32780623 0.72332495 0.07341254 0.03974998
3 0.33351874 0.725925 0.07241249 0.039175034
3 0.33135 0.76769376 0.073849976 0.04031253
3 0.33669376 0.7653125 0.07298744 0.04219997
3 0.33540002 0.6822063 0.073849976 0.04103744
3 0.32593125 0.683725 0.07341254 0.039174914
3 0.32701248 0.6424625 0.07327497 0.04017496
3 0.33684373 0.641525 0.07413751 0.040899992
3 0.33684373 0.60170627 0.07298744 0.03901255
3 0.33265 0.59744376 0.074149966 0.039162517
3 0.41574997 0.5970125 0.07212496 0.03772497
3 0.41213125 0.5996125 0.0735625 0.035699964
3 0.41957504 0.640225 0.07457507 0.035699964
3 0.41293126 0.6413812 0.07341254 0.036562562
3 0.41574997 0.6817688 0.073849976 0.036712408
3 0.42384377 0.68473125 0.07386243 0.03541255
3 0.4102625 0.72541875 0.07270002 0.035262465
3 0.41979998 0.72411877 0.07442504 0.036987543
3 0.41191873 0.76790625 0.07341254 0.037287474
3 0.41784376 0.7657438 0.07371253 0.03786254
3 0.5664748 0.81089014 0.09330022 0.15950453
3 0.690778 0.77872 0.14596808 0.11092138
3 0.84126955 0.680326 0.17276263 0.12124145
3 0.9229623 0.7753192 0.1390754 0.11651611
