3 0.088329345 0.31751466 0.12665868 0.072128
3 0.09974935 0.32464534 0.14661331 0.07687467
3 0.20951468 0.410765 0.14899196 0.050970018
3 0.076836005 0.40310934 0.103672005 0.06420267
3 0.10292265 0.090343334 0.14820272 0.055686668
3 0.11441067 0.15702933 0.15217066 0.07608533
3 0.09546533 0.15464534 0.14093065 0.07449599
3 0.11084802 0.24499732 0.1482027 0.07132803
3 0.091086686 0.23589334 0.13217336 0.06890668
3 0.73164004 0.2880749 0.16028643 0.115799725
3 0.2885428 0.84055555 0.20791441 0.13134217
3 0.26755443 0.75364006 0.19950217 0.10961783
3 0.32360056 0.7452489 0.1377989 0.07904005
3 0.32112944 0.8598089 0.1427411 0.086933374
3 0.27447 0.5984028 0.20544004 0.084305525
3 0.299405 0.5909895 0.18619001 0.06947899
3 0.8120117 0.691344 0.16347647 0.15555692
3 0.8666024 0.6971682 0.054295063 0.15724015
