3 0.32638788 0.3665654 0.21172859 0.14686918
3 0.34058815 0.37961918 0.17648208 0.12076163
3 0.12955485 0.33211532 0.19160971 0.19150758
3 0.14869012 0.3443409 0.22988024 0.19131821
3 0.6648535 0.30509377 0.14970708 0.10981244
3 0.6611309 0.3020527 0.14226186 0.1158946
3 0.8109453 0.294431 0.12992418 0.13113803
3 0.8184893 0.29973269 0.11487484 0.120534614
3 0.20181406 0.76496935 0.13963307 0.03959191
3 0.1911806 0.76520467 0.14052036 0.041264296
3 0.34493482 0.76385415 0.13014066 0.032030106
3 0.3582718 0.7656107 0.13560915 0.029700518
3 0.45388234 0.710915 0.039735317 0.051471233
3 0.36070508 0.7167163 0.13315314 0.05671656
3 0.35202736 0.715683 0.13274014 0.056707382
3 0.20653471 0.70679194 0.1430353 0.063090086
3 0.19678351 0.70638084 0.14307494 0.06514263
3 0.21429302 0.64628196 0.1356661 0.05554688
3 0.2073273 0.6443844 0.13433385 0.052212
3 0.22622047 0.58897084 0.12835774 0.049629092
3 0.21771371 0.58977175 0.13091815 0.05091107
3 0.3593834 0.5874633 0.1313132 0.048469186
3 0.3680372 0.5897367 0.12746274 0.04755771
3 0.3587177 0.64329994 0.13817662 0.05272436
3 0.36713246 0.64802915 0.13394272 0.051804423
3 0.45876023 0.64307356 0.029979527 0.056215048
3 0.45636418 0.58671725 0.03477162 0.048434496
3 0.7829561 0.7568319 0.30699408 0.22210407
3 0.8151903 0.7339134 0.24125338 0.2278192
