3 0.36229527 0.100145705 0.20883298 0.08640985
3 0.19989783 0.1158894 0.12347859 0.109455176
3 0.3199818 0.09887643 0.19909929 0.087711774
3 0.20999083 0.40978587 0.2239737 0.16107857
3 0.19361545 0.39694053 0.22374913 0.1405477
3 0.18724546 0.5457685 0.23331714 0.18506762
3 0.5841421 0.5305268 0.22463486 0.24061182
3 0.56663424 0.52765787 0.2590258 0.23312643
3 0.5805319 0.3805506 0.24792302 0.23689169
3 0.60393107 0.37796497 0.20043004 0.21022224
3 0.60083324 0.24963023 0.2201333 0.20298448
3 0.62023884 0.2454622 0.18078256 0.17955962
3 0.6179792 0.12915254 0.19445765 0.11686652
3 0.6075978 0.13758402 0.21522042 0.13567826
3 0.21485816 0.27168658 0.21148738 0.14621305
