3 0.32011876 0.37541252 0.058737457 0.026974976
3 0.31771874 0.37181252 0.058737457 0.028775036
3 0.32340625 0.40328127 0.059937477 0.02936256
3 0.31936872 0.40298122 0.060837448 0.03116244
3 0.6508634 0.050651554 0.15843558 0.10130311
3 0.6621611 0.05030111 0.1808734 0.10060222
3 0.8001497 0.0567021 0.16845906 0.1134042
3 0.14161497 0.90550834 0.18072996 0.061483383
3 0.20211333 0.9026617 0.23039998 0.0671767
3 0.33191335 0.71547997 0.23117334 0.26737332
3 0.09894833 0.646725 0.09539667 0.16594994
3 0.13805501 0.65027833 0.17361 0.1730566
3 0.69755614 0.7876223 0.09261227 0.11667681
3 0.68179446 0.79494905 0.06108892 0.09888959
3 0.7568072 0.68974954 0.18138564 0.10449898
3 0.83752656 0.678932 0.019946814 0.082864046
