3 0.7286072 0.4167143 0.1909287 0.062571526
3 0.78660715 0.43564284 0.1817857 0.054285645
3 0.57471436 0.4290357 0.19914281 0.057642937
3 0.50707144 0.41425002 0.20271423 0.06421435
3 0.34507143 0.43478566 0.19428569 0.072428524
3 0.28089288 0.4150714 0.19092853 0.06914294
3 0.2940357 0.51792854 0.16792862 0.054285645
3 0.34753573 0.5360358 0.21564282 0.060928583
3 0.5055714 0.5162857 0.19257143 0.06414282
3 0.58214283 0.52453566 0.22057131 0.051071376
3 0.7360357 0.5113571 0.19592857 0.044428617
3 0.79646426 0.5311072 0.16207147 0.051071405
3 0.80142856 0.62825006 0.15214288 0.06421435
3 0.7385 0.6092858 0.22057128 0.052714348
3 0.5878929 0.6348214 0.21564293 0.07078576
3 0.5138214 0.61339283 0.20907143 0.067499876
3 0.33932146 0.63892853 0.21235712 0.06914294
3 0.28664288 0.6290715 0.1662857 0.06914294
3 0.16628572 0.7385357 0.08757144 0.077357054
3 0.28500003 0.7236786 0.22557145 0.067499876
3 0.35989287 0.7336071 0.22064286 0.07407153
3 0.53764284 0.727 0.21728575 0.054285765
3 0.77671427 0.7228571 0.20157146 0.06585717
3 0.80964285 0.7311072 0.13571429 0.059214234
