3 0.318946 0.14871605 0.35198998 0.21778062
3 0.30444217 0.14537674 0.37131757 0.21643257
3 0.26083246 0.10226937 0.28906268 0.11158904
3 0.2895102 0.10201092 0.29410422 0.11983937
3 0.7148367 0.29379562 0.10754156 0.16240878
3 0.7211821 0.29821455 0.11918092 0.15357089
3 0.7300414 0.19547662 0.14400959 0.1394227
3 0.72429526 0.19242027 0.13251734 0.1258914
3 0.8486178 0.29682803 0.052764416 0.15634392
3 0.8416258 0.29091442 0.0667485 0.16817117
3 0.8427444 0.35688183 0.06451118 0.036236346
3 0.2264594 0.75125426 0.15791878 0.12454355
3 0.24170588 0.7592627 0.18841174 0.13346839
3 0.31315672 0.71888757 0.055909514 0.07911134
3 0.20988856 0.6636427 0.12477711 0.12399435
3 0.22563574 0.6699191 0.15627146 0.12733245
3 0.27526674 0.62996376 0.053377196 0.06242752
3 0.19542228 0.62218046 0.09584454 0.046860933
3 0.2090017 0.61996925 0.12300339 0.042438507
3 0.89703614 0.8521289 0.20592773 0.21547902
3 0.88729393 0.8397951 0.22541201 0.21913815
3 0.8899647 0.68792886 0.2200706 0.23481631
3 0.90108925 0.70502794 0.1978215 0.23233223
3 0.88977087 0.57414913 0.22045827 0.1482983
3 0.9029666 0.58082604 0.19406676 0.16165209
