3 0.3186947 0.36079568 0.1501106 0.09090865
3 0.3260958 0.3595822 0.13530838 0.09333563
3 0.33225366 0.20568618 0.122992694 0.06988287
3 0.323752 0.21242832 0.13999605 0.07568839
3 0.32328147 0.2785611 0.14093703 0.082120374
3 0.32994646 0.28028893 0.12760705 0.08460505
3 0.6039293 0.19330984 0.1053586 0.11251441
3 0.5837127 0.18740076 0.06492543 0.13053966
3 0.7446227 0.1572537 0.24072576 0.11002938
3 0.7695032 0.15880829 0.22578895 0.10443515
3 0.91152835 0.1432653 0.0719434 0.07956752
3 0.739956 0.06993941 0.23139238 0.012378827
3 0.78474367 0.08547961 0.24756122 0.04345922
3 0.606416 0.09667088 0.11033189 0.065841764
3 0.5871333 0.09325248 0.071766496 0.059004962
3 0.58495605 0.28313243 0.06741202 0.11935121
3 0.56131893 0.28033534 0.020137906 0.09883523
3 0.6830418 0.24179696 0.21335018 0.0814341
3 0.87451845 0.21817183 0.14596307 0.07646395
3 0.883849 0.22003849 0.12730205 0.07521579
3 0.58091384 0.36176944 0.05932772 0.105053544
3 0.67930907 0.3185645 0.2009114 0.09075594
3 0.8686085 0.2912146 0.15778303 0.087028325
3 0.85689837 0.3437414 0.15053165 0.08143407
3 0.68490684 0.39005268 0.18971586 0.09075594
3 0.8164652 0.35057816 0.14679599 0.078949034
3 0.566295 0.40693584 0.030089974 0.05862832
3 0.9000206 0.13176762 0.0949589 0.06402722
3 0.20181406 0.76496935 0.13963307 0.03959191
3 0.1911806 0.76520467 0.14052036 0.041264296
3 0.34493482 0.76385415 0.13014066 0.032030106
3 0.3582718 0.7656107 0.13560915 0.029700518
3 0.45388234 0.710915 0.039735317 0.051471233
3 0.36070508 0.7167163 0.13315314 0.05671656
3 0.35202736 0.715683 0.13274014 0.056707382
3 0.20653471 0.70679194 0.1430353 0.063090086
3 0.19678351 0.70638084 0.14307494 0.06514263
3 0.21429302 0.64628196 0.1356661 0.05554688
3 0.2073273 0.6443844 0.13433385 0.052212
3 0.22622047 0.58897084 0.12835774 0.049629092
3 0.21771371 0.58977175 0.13091815 0.05091107
3 0.3593834 0.5874633 0.1313132 0.048469186
3 0.3680372 0.5897367 0.12746274 0.04755771
3 0.3587177 0.64329994 0.13817662 0.05272436
3 0.36713246 0.64802915 0.13394272 0.051804423
3 0.45876023 0.64307356 0.029979527 0.056215048
3 0.45636418 0.58671725 0.03477162 0.048434496
3 0.6661242 0.86720705 0.2267605 0.15308583
3 0.7704047 0.8987371 0.22905183 0.0900259
3 0.6266341 0.6728059 0.2090267 0.23311186
3 0.58725834 0.6562212 0.1311624 0.19994247
