3 0.5225561 0.4441196 0.24881887 0.2915284
3 0.29083675 0.34811464 0.14419268 0.14622933
3 0.26726294 0.3876407 0.14185739 0.22528148
3 0.22821282 0.55932343 0.15142563 0.29495847
3 0.23598628 0.63158476 0.16697255 0.18683052
3 0.4075212 0.56083024 0.27711165 0.26844501
3 0.4574418 0.62272614 0.26268458 0.20454776
3 0.3865412 0.69273865 0.251592 0.06452274
3 0.35037693 0.6581987 0.25701457 0.13360262
3 0.7638093 0.35175076 0.16238141 0.11709291
3 0.55964214 0.30329603 0.2106942 0.04647225
3 0.49076307 0.31215757 0.22832465 0.07200366
3 0.5381318 0.37085396 0.25371492 0.18311232
3 0.43283078 0.45862073 0.26094896 0.20894048
3 0.7301081 0.63900506 0.22978377 0.17198992
3 0.7295641 0.61293197 0.2308718 0.22413611
3 0.7834023 0.6286177 0.12319529 0.19276452
3 0.78699267 0.423057 0.11601472 0.1737873
3 0.802972 0.46046275 0.08405602 0.16404876
3 0.6972586 0.37458834 0.2180928 0.1717202
3 0.6341168 0.5875703 0.1274972 0.254712
