3 0.3565718 0.246398 0.2868564 0.4712336
3 0.42360324 0.18679911 0.15279353 0.33889306
3 0.32752413 0.2978107 0.34495175 0.4043786
3 0.1849642 0.33069128 0.3699284 0.33861744
3 0.34443828 0.38395262 0.31112343 0.23209476
3 0.7755549 0.36194724 0.1938901 0.026105523
3 0.7751778 0.36025578 0.19464445 0.029488444
3 0.74876344 0.25720164 0.21247637 0.14028168
3 0.75663644 0.25175902 0.23172712 0.1451149
3 0.86374974 0.27902722 0.0175004 0.13114071
3 0.8308624 0.16786507 0.08327508 0.08823013
3 0.81093895 0.17068414 0.123122096 0.093868285
3 0.70990324 0.15150316 0.16535378 0.05550632
3 0.6893646 0.14587024 0.1242764 0.044240475
3 0.16485353 0.80509377 0.14970705 0.1098125
3 0.16113093 0.80205274 0.14226186 0.115894556
3 0.31094527 0.794431 0.12992424 0.13113809
3 0.31848934 0.7997327 0.1148749 0.12053466
3 0.79430485 0.6445602 0.16851068 0.22698879
3 0.5704026 0.66119874 0.14080524 0.15578222
3 0.5783696 0.65830606 0.15673926 0.1583916
3 0.7650527 0.78654504 0.1955508 0.20025206
3 0.7564413 0.7879813 0.2071842 0.18529153
