3 0.28660452 0.4134864 0.1639548 0.060527265
3 0.38351396 0.38805345 0.017972112 0.10536319
3 0.982552 0.13631748 0.034896016 0.07176575
3 0.6364481 0.069352165 0.21571815 0.021186698
3 0.61592215 0.40322965 0.22408068 0.16599691
3 0.63845414 0.41951847 0.27312362 0.16096306
3 0.8646568 0.3802774 0.2706864 0.15001673
3 0.88837016 0.39738116 0.22325969 0.15441561
3 0.9915046 0.35425073 0.01699078 0.12047684
3 0.6167177 0.24497348 0.20394576 0.12023455
3 0.6382843 0.26607493 0.24977827 0.12304072
3 0.83940136 0.22534102 0.23986804 0.10659383
3 0.8818039 0.24448568 0.23639226 0.10969144
3 0.9765123 0.2237632 0.046975374 0.0769518
3 0.6181697 0.12604687 0.19096625 0.09323546
3 0.6370515 0.13693404 0.22931528 0.08122206
3 0.8235682 0.1261877 0.21304727 0.07854158
3 0.86278975 0.1412264 0.2100004 0.0759342
3 0.9605179 0.12194908 0.07896423 0.07986662
3 0.15532176 0.6129652 0.09773489 0.1340189
3 0.18747379 0.55378866 0.16245958 0.024158955
3 0.2842961 0.5874758 0.16312279 0.10015535
3 0.37538382 0.6642452 0.14701116 0.18046391
3 0.41819167 0.75028086 0.11022323 0.21922827
3 0.36506054 0.8006552 0.22170335 0.14100993
3 0.3319569 0.779007 0.25464457 0.1789552
3 0.30095258 0.6419095 0.14230108 0.16097128
3 0.57224625 0.72071606 0.09518719 0.11397302
3 0.57992005 0.7256239 0.109010816 0.11094272
3 0.5775678 0.7978208 0.091347694 0.09650493
3 0.5867075 0.8067492 0.108224034 0.10058308
3 0.5854475 0.8711692 0.094710946 0.09756744
3 0.5946657 0.8770957 0.11175704 0.094112515
