3 0.33594644 0.34825 0.080607176 0.023499966
3 0.31085715 0.3519643 0.12264286 0.016071439
3 0.2219643 0.3457857 0.12099999 0.028428555
3 0.182125 0.3478393 0.11675 0.024321437
3 0.14342856 0.29207146 0.039357133 0.042785764
3 0.18575 0.30442858 0.11935711 0.039500058
3 0.22896427 0.29248214 0.11357139 0.041964233
3 0.3133393 0.30648214 0.11767858 0.038678527
3 0.33923215 0.30110714 0.074035764 0.036214232
3 0.31498215 0.151625 0.107821405 0.025750011
3 0.23596428 0.14708929 0.09628573 0.016678572
3 0.1976786 0.14751785 0.110285655 0.017535686
3 0.19480355 0.19866072 0.107821465 0.03539285
3 0.23183928 0.18794642 0.10453573 0.033749968
3 0.31908926 0.20071426 0.10617858 0.03457147
3 0.34005356 0.19578572 0.07239288 0.03457147
3 0.33305356 0.2430893 0.08639288 0.033749968
3 0.30880356 0.24805355 0.1103214 0.03703575
3 0.21992858 0.24474998 0.10864285 0.027142912
3 0.8533802 0.131371 0.2932396 0.12505898
3 0.9374472 0.15269382 0.12510568 0.1459871
3 0.7504585 0.10334181 0.28043175 0.081376806
3 0.6057258 0.09537828 0.19611502 0.078086734
3 0.08658333 0.7633504 0.050666664 0.070944905
3 0.34869874 0.7122978 0.13423079 0.08706403
3 0.19353205 0.73539853 0.12025641 0.073100924
3 0.72815764 0.6538448 0.08708012 0.03268957
3 0.7135478 0.6531167 0.08558142 0.03123343
3 0.71977 0.69209343 0.08686304 0.06258249
3 0.7097959 0.69187653 0.085808754 0.060868263
3 0.72051936 0.7448187 0.08408272 0.06515396
3 0.7104367 0.7453505 0.08665633 0.06194222
3 0.7208398 0.79753876 0.08472347 0.06428647
3 0.72988373 0.80248547 0.08583975 0.06515396
