3 0.28197637 0.6970618 0.32593453 0.11194193
3 0.3395909 0.7061091 0.33911273 0.12346196
3 0.6416418 0.6855564 0.33416733 0.11522901
3 0.70008546 0.7085964 0.33579636 0.09218907
3 0.9100264 0.6888291 0.14994729 0.10205102
3 0.94460094 0.71269816 0.08079815 0.09713459
3 0.29102364 0.5431563 0.3374545 0.10370901
3 0.34370726 0.5637381 0.33413824 0.11194193
3 0.63752544 0.54397094 0.33250904 0.098763674
3 0.69678366 0.5678546 0.33250904 0.09381807
3 0.9067391 0.52423275 0.1565218 0.10862541
3 0.9322518 0.54891634 0.10549641 0.1053381
3 0.3362891 0.39665458 0.32593453 0.116858125
3 0.37992543 0.42382544 0.33088002 0.1053381
3 0.66139454 0.4057164 0.31770182 0.08890188
3 0.7223109 0.42711276 0.30781102 0.098763645
3 0.9166155 0.39006546 0.13676906 0.097105384
3 0.94377184 0.41311997 0.08245635 0.09713459
