3 0.299918 0.85438 0.42192158 0.29123998
3 0.34160444 0.8427685 0.40096396 0.2919525
3 0.61104023 0.7515573 0.28129947 0.22819293
3 0.64699316 0.73760986 0.27793765 0.23207796
3 0.16581365 0.59285223 0.30129498 0.19692048
3 0.38509685 0.56110424 0.33244786 0.18843603
3 0.41839856 0.54643625 0.31876358 0.19081339
3 0.664276 0.49603403 0.23433483 0.15659451
3 0.6714336 0.50092536 0.23183477 0.15577435
3 0.6786261 0.37699383 0.20823944 0.12499809
3 0.64964116 0.38339514 0.22104645 0.12729412
3 0.45228428 0.40800798 0.28538477 0.14725018
3 0.41212353 0.41844082 0.2971763 0.1515612
3 0.22039682 0.43906894 0.25858784 0.14727753
3 0.2635818 0.31066406 0.21835147 0.11873311
3 0.4310489 0.30480784 0.27338094 0.12401384
3 0.46573907 0.29670155 0.2566351 0.11084224
3 0.6509304 0.28621274 0.20631719 0.10531126
3 0.6797648 0.28230664 0.19650829 0.10522498
3 0.67611146 0.19901145 0.18376231 0.08840805
3 0.6447329 0.2059237 0.18459737 0.07998401
3 0.48247707 0.20782417 0.23691022 0.09599285
3 0.4500743 0.20957488 0.24741048 0.097494245
