3 0.7111138 0.48999655 0.14777243 0.12380692
3 0.73803794 0.80541724 0.093924165 0.07558608
3 0.70281035 0.8048931 0.16437924 0.07045519
3 0.53206897 0.84154826 0.2682483 0.09190345
3 0.42746207 0.8245896 0.24132425 0.06626201
3 0.27902418 0.8416655 0.12804836 0.08595872
3 0.31838965 0.71683794 0.20677935 0.06835866
3 0.29872072 0.6324518 0.16744143 0.07558608
3 0.2873276 0.60602415 0.14465517 0.09114492
3 0.58801377 0.65937585 0.22057936 0.06731033
3 0.72766554 0.6428241 0.114668965 0.06113112
3 0.6857345 0.7308517 0.19853103 0.071448326
3 0.6997207 0.73187244 0.17055857 0.059034586
3 0.46682757 0.7381069 0.21026209 0.06940687
