3 0.34237555 0.11717059 0.11122453 0.032257102
3 0.33645642 0.11585391 0.10912812 0.029971853
3 0.68156177 0.372497 0.22432423 0.048698246
3 0.2217461 0.859818 0.21519527 0.13536406
3 0.24107032 0.8546684 0.2280781 0.14566314
3 0.24042968 0.7393328 0.20875004 0.14681792
3 0.22689842 0.74384207 0.21004686 0.14037621
3 0.2035039 0.6108607 0.17950779 0.07922137
3 0.37003908 0.60957235 0.032421887 0.07664466
3 0.6432876 0.63717073 0.029075265 0.061841488
3 0.6522449 0.69424915 0.046989918 0.14959979
3 0.7460223 0.64189327 0.1292032 0.07128656
3 0.8338288 0.7249753 0.074842334 0.14285016
