3 0.32005423 0.12314576 0.20367044 0.04770866
3 0.34612954 0.12626174 0.15159273 0.04847998
3 0.31169662 0.25307178 0.2241469 0.166453
3 0.34484598 0.26020464 0.15804625 0.1673793
3 0.29885438 0.38361254 0.25147384 0.082000315
3 0.26727006 0.39208663 0.3146425 0.074133515
3 0.7532283 0.33558333 0.24354339 0.14133334
3 0.7570861 0.39892554 0.2358278 0.014648914
3 0.7681972 0.4005789 0.21360552 0.011342227
3 0.23813888 0.67870134 0.1467777 0.05740273
3 0.1960833 0.68138266 0.14138888 0.06276536
3 0.25918058 0.72529674 0.14586115 0.055515885
3 0.8487567 0.80541927 0.047486663 0.08391929
3 0.72407615 0.80635256 0.19565225 0.08205247
3 0.74985653 0.8257574 0.24528694 0.09848523
3 0.7700703 0.70720243 0.20485938 0.11499953
3 0.75223696 0.6848227 0.24010122 0.113756895
3 0.64725757 0.69912034 0.042015076 0.13738215
