3 0.34724903 0.4498619 0.12673199 0.083122194
3 0.39406663 0.30760518 0.097115636 0.20766681
3 0.2957734 0.38114566 0.19389886 0.19919169
3 0.14785174 0.21239027 0.12912697 0.18524373
3 0.82868356 0.21426988 0.31125605 0.21103978
3 0.6368913 0.121520154 0.25878263 0.025540307
3 0.5727414 0.18342927 0.13048267 0.14935856
3 0.61381304 0.20523024 0.2126261 0.19296049
3 0.8002691 0.28758112 0.32421052 0.20733774
3 0.30083832 0.70088613 0.14082336 0.18927228
3 0.2464267 0.71807724 0.21688892 0.22365439
3 0.69990355 0.6870805 0.2123071 0.124161124
3 0.7069708 0.6826731 0.22644162 0.115346074
3 0.83109164 0.6652372 0.09167278 0.08047438
3 0.8721534 0.7522192 0.0681932 0.09701216
3 0.8582431 0.77126867 0.096013784 0.09982276
3 0.72121793 0.79772776 0.23408747 0.12214208
3 0.7506728 0.7691341 0.2625401 0.14632714
3 0.6263677 0.78275883 0.06523538 0.13318217
3 0.7781358 0.63291395 0.14010382 0.015827894
3 0.82499087 0.6728796 0.1066767 0.080740094
3 0.8025147 0.8402226 0.20747066 0.069554806
3 0.7860097 0.8550127 0.22139156 0.03997457
3 0.6730014 0.8594953 0.077836275 0.031009555
