3 0.18740502 0.19209938 0.100838006 0.060673863
3 0.19406426 0.19426419 0.09770286 0.059832335
3 0.19196877 0.24499826 0.09707993 0.057207316
3 0.18086869 0.2434383 0.10107112 0.055224657
3 0.17239961 0.2911486 0.09479922 0.052739978
3 0.17880185 0.2941684 0.09587458 0.052664936
3 0.16842674 0.34069103 0.086853474 0.051266015
3 0.1716247 0.3425046 0.093082696 0.05157417
3 0.2935952 0.17622162 0.09746812 0.05364284
3 0.2990872 0.17672624 0.096428275 0.054578245
3 0.2969874 0.22764993 0.093734324 0.054203212
3 0.2866906 0.22379082 0.09859885 0.05741878
3 0.2776669 0.27149296 0.09227157 0.051083103
3 0.28136823 0.27442062 0.09299512 0.05445133
3 0.27478024 0.32251278 0.090423346 0.05155486
3 0.26546142 0.32051575 0.09134102 0.05314082
3 0.3507545 0.25861558 0.048491 0.044559002
3 0.34653977 0.307054 0.05175042 0.0439834
3 0.51974547 0.23649661 0.03949094 0.12991437
3 0.527378 0.24847797 0.054756075 0.1143202
3 0.67626154 0.22099295 0.3525231 0.3146376
3 0.6961651 0.22091073 0.36779463 0.32856208
3 0.70101225 0.30710357 0.3298782 0.15308839
3 0.67489743 0.31406102 0.30134678 0.11970234
3 0.26209503 0.72635865 0.13205469 0.098578334
3 0.35212582 0.6972265 0.053248346 0.07220721
3 0.34421128 0.66417354 0.06378895 0.035847068
3 0.33872136 0.66587424 0.07397562 0.039248586
3 0.2453272 0.68319345 0.1313674 0.07388687
3 0.24303772 0.6593445 0.110746115 0.02618897
3 0.7816957 0.8283415 0.1941086 0.050817013
3 0.8019123 0.82678974 0.15367544 0.053920627
3 0.80066895 0.7693676 0.15616202 0.11935115
3 0.8243061 0.7721647 0.10888791 0.09883523
3 0.69306666 0.81070304 0.14363325 0.08143413
3 0.8047111 0.69475365 0.14807773 0.097007275
3 0.82803607 0.69164735 0.10142791 0.09079468
3 0.6918233 0.7339355 0.14114666 0.09075594
3 0.68622553 0.67703766 0.12995112 0.061575294
3 0.81933 0.6605642 0.11883998 0.02862835
3 0.82865775 0.6574578 0.10018456 0.022415638
