3 0.32264084 0.31049016 0.1544835 0.099019706
3 0.982552 0.13631748 0.034896016 0.07176575
3 0.6364481 0.069352165 0.21571815 0.021186698
3 0.61592215 0.40322965 0.22408068 0.16599691
3 0.63845414 0.41951847 0.27312362 0.16096306
3 0.8646568 0.3802774 0.2706864 0.15001673
3 0.88837016 0.39738116 0.22325969 0.15441561
3 0.9915046 0.35425073 0.01699078 0.12047684
3 0.6167177 0.24497348 0.20394576 0.12023455
3 0.6382843 0.26607493 0.24977827 0.12304072
3 0.83940136 0.22534102 0.23986804 0.10659383
3 0.8818039 0.24448568 0.23639226 0.10969144
3 0.9765123 0.2237632 0.046975374 0.0769518
3 0.6181697 0.12604687 0.19096625 0.09323546
3 0.6370515 0.13693404 0.22931528 0.08122206
3 0.8235682 0.1261877 0.21304727 0.07854158
3 0.86278975 0.1412264 0.2100004 0.0759342
3 0.9605179 0.12194908 0.07896423 0.07986662
3 0.31427103 0.6222951 0.20034581 0.18221438
3 0.10447641 0.64858335 0.20258567 0.19154727
3 0.85204446 0.7167611 0.045911193 0.121022224
3 0.8236972 0.6955 0.10260558 0.07850003
3 0.75499725 0.75 0.15849447 0.1875
