3 0.72844744 0.6327115 0.23810506 0.16182029
3 0.6543364 0.674124 0.28615224 0.17099297
3 0.4574268 0.71461797 0.27159095 0.16134644
3 0.3770575 0.7543628 0.27188596 0.16127443
3 0.26228216 0.7723101 0.11151534 0.103509426
3 0.81332844 0.5000003 0.06834304 0.121171
3 0.7216919 0.50995886 0.25161612 0.15897715
3 0.6370841 0.54408586 0.27688268 0.16422674
3 0.45958722 0.58910763 0.25256345 0.12831688
3 0.36550152 0.6227021 0.26178312 0.15994143
3 0.2482191 0.6498316 0.12988162 0.10872197
3 0.20148747 0.5543906 0.079491496 0.10958418
3 0.24430299 0.52912396 0.16738564 0.12206283
3 0.3688048 0.5169085 0.25571525 0.1527054
3 0.4610118 0.46454224 0.263951 0.146712
3 0.63590026 0.43806022 0.2562133 0.13900211
3 0.7196251 0.3919153 0.24530172 0.14004058
3 0.8085956 0.38748047 0.07780886 0.09782106
3 0.604731 0.18120238 0.23296511 0.037404776
3 0.44605738 0.1942943 0.20677638 0.06358862
3 0.36582965 0.21937813 0.2179383 0.104705125
3 0.23217228 0.24293822 0.15934455 0.098117545
3 0.19582514 0.26521072 0.08665028 0.09746225
3 0.20281589 0.35579392 0.10063182 0.11215049
3 0.23206005 0.33433875 0.15912008 0.10241872
3 0.3683286 0.30967358 0.22847718 0.11872405
3 0.4604156 0.2657726 0.23324803 0.11042875
3 0.61787766 0.2450058 0.23135102 0.12505355
3 0.689468 0.21361679 0.22410655 0.10223359
3 0.79780483 0.28396526 0.09939027 0.09539807
3 0.68482035 0.31236094 0.23017943 0.11087644
3 0.4289745 0.3810909 0.24052021 0.123520374
3 0.35507855 0.4097919 0.25614566 0.12238115
3 0.21981336 0.43770725 0.13462672 0.09153634
