3 0.43028224 0.15238388 0.06684446 0.077267766
3 0.31010443 0.16447277 0.05973327 0.101445556
3 0.17854887 0.22633943 0.07253331 0.22517888
3 0.06321334 0.24221778 0.06142668 0.23608886
3 0.72307694 0.45155966 0.36025524 0.07459676
3 0.7893189 0.45293626 0.3762462 0.06857318
3 0.53723586 0.44560945 0.07447171 0.095769584
3 0.7467503 0.39348945 0.33531082 0.18870777
3 0.78799427 0.37443373 0.36957252 0.21264881
3 0.15379913 0.80388814 0.13349351 0.11751914
3 0.3438379 0.67919654 0.092146635 0.10847783
3 0.2934781 0.71774364 0.11528732 0.1536727
3 0.32112247 0.6618025 0.11272216 0.12727702
3 0.15645951 0.7149013 0.14572862 0.1904738
3 0.11697708 0.76577854 0.14984122 0.16073799
3 0.15308936 0.78382707 0.15536982 0.16024911
3 0.10870026 0.83705103 0.129226 0.06081271
3 0.3416415 0.7582244 0.11924982 0.15391564
3 0.35570577 0.7660644 0.090642095 0.115417
3 0.24829859 0.75963986 0.13426028 0.18494439
3 0.25261244 0.6268941 0.115451455 0.11060858
3 0.7830223 0.70962375 0.10836375 0.049817324
3 0.77841604 0.7088946 0.10788381 0.049741387
3 0.79175067 0.6679309 0.10913241 0.04905486
3 0.7846582 0.66822505 0.107595086 0.050579906
3 0.6935285 0.62034833 0.06363332 0.028196692
3 0.6970032 0.621879 0.071394324 0.031257987
3 0.6914426 0.65536547 0.07749152 0.044045925
3 0.68799555 0.6562139 0.07138443 0.043910027
3 0.6836345 0.69744396 0.08091235 0.046792626
3 0.68015856 0.69500256 0.072948456 0.044647694
3 0.671319 0.7326554 0.07167125 0.043113828
3 0.674875 0.7370064 0.08101249 0.047245264
3 0.67140996 0.77482104 0.08531988 0.04970014
3 0.66855115 0.77367604 0.07960236 0.048315406
3 0.76266134 0.79137844 0.10955012 0.053084016
3 0.77010494 0.7951622 0.10917282 0.053471684
3 0.7739083 0.750787 0.10876703 0.05163896
3 0.76693624 0.7482664 0.10973859 0.05179274
3 0.7967752 0.63021326 0.107415795 0.047926545
3 0.7900574 0.6283838 0.11023271 0.044267654
3 0.83722425 0.8088615 0.044628024 0.04193282
