3 0.61536336 0.16404587 0.3532201 0.10426879
3 0.8807908 0.16970247 0.23841834 0.1013861
3 0.55473953 0.30636084 0.3742025 0.16013002
3 0.4729987 0.46061182 0.36248022 0.15792215
3 0.38597474 0.6120111 0.37846595 0.16506791
3 0.31788588 0.7737478 0.38401154 0.18717337
3 0.26033744 0.8980549 0.36332422 0.11376321
3 0.5967409 0.85965556 0.3232342 0.13458407
3 0.8673735 0.81938493 0.26525295 0.13082707
3 0.6399906 0.73586714 0.330922 0.16962063
3 0.9045794 0.6898957 0.1908412 0.16170382
3 0.710465 0.5822232 0.34561062 0.1670531
3 0.92302096 0.5528944 0.15395808 0.15542483
3 0.78577286 0.43916497 0.3288802 0.1457476
3 0.9611182 0.4160113 0.07776356 0.1404584
3 0.85144085 0.2994099 0.2971183 0.12703103
