3 0.38756162 0.90464544 0.5592483 0.19070911
3 0.89070815 0.9719081 0.2185837 0.056183815
3 0.86793756 0.958278 0.26412487 0.083444
3 0.433096 0.7963281 0.58999467 0.40734375
3 0.39269674 0.7877329 0.5679413 0.4245342
3 0.43399894 0.62360454 0.5137551 0.37795532
3 0.40618318 0.60406387 0.49229014 0.3529999
3 0.4521132 0.43989623 0.4590193 0.2764274
3 0.4231609 0.43350637 0.45566246 0.27725565
3 0.42484507 0.2850846 0.407919 0.21025205
3 0.4533299 0.3037707 0.41622657 0.21019585
3 0.8278105 0.42121422 0.34437895 0.27745867
3 0.84297204 0.43922263 0.31405592 0.2820131
3 0.835425 0.6208575 0.32914996 0.3930626
3 0.8588231 0.6374503 0.28235376 0.38237655
3 0.84674466 0.8073924 0.3065107 0.38521516
3 0.8733086 0.82674575 0.2533828 0.3465085
3 0.86406463 0.18418111 0.27187073 0.1928859
3 0.8525287 0.20324987 0.29494262 0.18937708
3 0.8602416 0.07373553 0.27951682 0.08423966
3 0.49325827 0.089849174 0.36733252 0.1299752
3 0.5098901 0.084890634 0.36249828 0.13224167
3 0.5238492 0.20024163 0.41331053 0.175327
