3 0.35046232 0.5641239 0.3139156 0.21645594
3 0.2874545 0.40729898 0.32464993 0.21762148
3 0.3265957 0.5666415 0.31591588 0.22007906
3 0.30866256 0.41981977 0.32643896 0.21781579
3 0.27259165 0.30696702 0.3001833 0.12372726
3 0.28590715 0.3137854 0.3268143 0.13152945
3 0.64572376 0.37668297 0.37190104 0.18401754
3 0.6578182 0.38404632 0.35126936 0.19387758
3 0.6729511 0.527166 0.34190786 0.24686277
3 0.65875506 0.50998396 0.36774528 0.24963832
3 0.69507295 0.6719487 0.31715596 0.2111026
3 0.6784146 0.66506857 0.3496349 0.22486293
