3 0.02918575 0.8154595 0.0583715 0.17271745
3 0.12948824 0.7596811 0.2589765 0.1708566
3 0.3431216 0.74357074 0.489563 0.16307926
3 0.5207224 0.6905645 0.46695888 0.16456461
3 0.8096798 0.67709893 0.3806404 0.16108263
3 0.90604967 0.649664 0.18790066 0.1291008
3 0.16262574 0.3058422 0.3252515 0.11109066
3 0.10590163 0.34179193 0.21180326 0.10563344
3 0.4278609 0.27740303 0.36453348 0.10912131
3 0.55177516 0.24513549 0.37222898 0.11604303
3 0.83267057 0.22191738 0.33465886 0.12284091
3 0.89199144 0.19118275 0.21601713 0.1066595
3 0.8932522 0.2930269 0.21349561 0.09619087
3 0.82147723 0.32376847 0.35704553 0.121335626
3 0.55312645 0.34632912 0.36319077 0.117292106
3 0.40986025 0.37517884 0.41292202 0.11154443
3 0.15440445 0.4024982 0.3088089 0.09737027
3 0.08299188 0.44465092 0.16598377 0.107274234
3 0.06848766 0.55213296 0.13697532 0.12718236
3 0.15998863 0.5063759 0.31997725 0.115903944
3 0.3927505 0.493782 0.41716194 0.13564509
3 0.5361348 0.45042965 0.404508 0.12944168
3 0.8312627 0.4302436 0.33747458 0.13365859
3 0.90343183 0.4083623 0.19313633 0.113885105
3 0.878626 0.5169155 0.24274802 0.12426782
3 0.80782187 0.54148835 0.38435626 0.14624655
3 0.48687553 0.5829147 0.43150485 0.12191045
3 0.10995511 0.6466366 0.21991022 0.13657284
3 0.046053287 0.6760074 0.09210657 0.13351548
