3 0.7852041 0.6141388 0.08512378 0.11801648
3 0.78424937 0.5194795 0.0849663 0.10241294
3 0.7374306 0.50177896 0.17793012 0.07591131
3 0.43089986 0.5967155 0.24799216 0.11345923
3 0.5642501 0.52469754 0.24462807 0.098839074
3 0.3664798 0.46583256 0.24039501 0.09321159
3 0.18965815 0.4209942 0.07431629 0.09621823
3 0.21123645 0.32729596 0.11747289 0.065403104
3 0.2262513 0.34862015 0.1475026 0.08955902
3 0.39347976 0.3576202 0.22032058 0.10045415
3 0.45649856 0.4027573 0.23097828 0.10518283
3 0.6503093 0.38816857 0.2307198 0.07955259
3 0.6117983 0.29841313 0.22549176 0.087185144
3 0.581847 0.2707741 0.23836184 0.10424991
3 0.38357154 0.26818117 0.23617178 0.0997438
3 0.319694 0.24146354 0.2147224 0.07136221
3 0.76457655 0.40804285 0.12179625 0.0778169
