3 0.16381179 0.20230508 0.20512357 0.14394689
3 0.15664573 0.19469726 0.19079146 0.15021218
3 0.17060523 0.3172091 0.21655598 0.14308184
3 0.16202027 0.31271893 0.20154053 0.14663206
3 0.35792086 0.26711825 0.16165835 0.13413233
3 0.3623996 0.18440431 0.15270078 0.088516235
3 0.3561448 0.16728652 0.16521043 0.112073034
3 0.8644494 0.30055952 0.10114372 0.118046775
3 0.8843065 0.30997348 0.06142962 0.09850949
3 0.7277192 0.16490608 0.36190867 0.16087681
3 0.6114958 0.1490685 0.17834723 0.13242853
3 0.34943077 0.71628475 0.22854465 0.23685312
3 0.25197333 0.85465264 0.24493335 0.24350655
3 0.28791037 0.85980684 0.23305863 0.23654926
3 0.41657537 0.7745528 0.12100124 0.18490887
3 0.26042512 0.94575995 0.22311896 0.108480096
3 0.21804567 0.9433328 0.23209026 0.1133343
3 0.39666164 0.90146196 0.14221472 0.19524932
3 0.41069818 0.9662167 0.07099515 0.06756669
3 0.99094284 0.59969896 0.01811421 0.15623605
3 0.8851842 0.54401326 0.20683908 0.08802652
3 0.9763775 0.70818067 0.047245026 0.17201304
3 0.97124636 0.814222 0.057507277 0.12527108
3 0.96586907 0.8961729 0.06826186 0.0990963
3 0.9580313 0.9608413 0.08393741 0.078317404
3 0.84836626 0.9721931 0.11218059 0.055613816
3 0.7217052 0.93705595 0.127918 0.07773173
3 0.5801958 0.88698256 0.16039157 0.11119175
3 0.86133456 0.9228275 0.12131345 0.09576297
3 0.7011453 0.862324 0.14535177 0.12025249
3 0.56547725 0.79147744 0.13095453 0.14539552
3 0.869589 0.8408727 0.14394093 0.1266681
3 0.70447487 0.772684 0.16688478 0.15291202
3 0.56245404 0.68250287 0.12490809 0.18874085
3 0.87378335 0.74396557 0.15770519 0.15240192
3 0.6831381 0.6502626 0.19472325 0.19643962
3 0.5473362 0.5779385 0.09467244 0.155877
3 0.6512679 0.56199366 0.243868 0.12398732
3 0.8767234 0.62069726 0.1789186 0.18958712
