3 0.24255171 0.3770555 0.48510343 0.24588901
3 0.21118759 0.39915088 0.42237517 0.20169824
3 0.65541947 0.2705704 0.25069976 0.22391713
3 0.15085794 0.82060075 0.27397487 0.2736733
3 0.15937799 0.8014465 0.282444 0.26932514
3 0.3910101 0.80155635 0.20404255 0.23148215
3 0.38243634 0.8232329 0.21809202 0.23648798
3 0.43224674 0.5857635 0.13550651 0.17152703
3 0.4159019 0.59049 0.1681962 0.18097997
3 0.39441755 0.6949054 0.20932966 0.19469154
3 0.26488507 0.61632323 0.37306464 0.23264647
3 0.78970957 0.69784284 0.30620325 0.22566128
3 0.90601 0.6730349 0.18798006 0.20171022
3 0.9736924 0.664613 0.052615047 0.18538034
3 0.693848 0.69150364 0.2802149 0.17514443
3 0.5758033 0.7379946 0.15160656 0.120030046
