3 0.38603577 0.17453542 0.21626121 0.07793549
3 0.7600707 0.32126123 0.2763101 0.1026777
3 0.7617463 0.3141722 0.27966118 0.11685574
3 0.32503334 0.8920944 0.11113334 0.06946671
3 0.3452074 0.7286315 0.11841482 0.062851906
3 0.34574074 0.7853241 0.11543703 0.06582224
3 0.33416295 0.7869796 0.11610371 0.06648147
3 0.33565184 0.8369241 0.114444435 0.065155506
3 0.32754815 0.83890927 0.11345184 0.065155506
3 0.31717408 0.8898722 0.11311853 0.06826663
3 0.20385556 0.8017574 0.13257036 0.07541478
3 0.19432592 0.8061241 0.13733333 0.072237015
3 0.20187037 0.85930926 0.12859997 0.07303703
3 0.19055554 0.8664537 0.13534816 0.07541478
3 0.19571853 0.90670925 0.12740742 0.059081554
3 0.18242224 0.9098871 0.13177776 0.05272591
3 0.98883927 0.7712515 0.022321463 0.090652585
3 0.8860302 0.8061619 0.17307317 0.09649384
3 0.8760267 0.8140348 0.17160523 0.09693074
3 0.8862808 0.87218523 0.18674016 0.09837067
3 0.87408674 0.8769707 0.17936277 0.09239769
3 0.6980845 0.9130902 0.1614412 0.08802295
3 0.6901295 0.918084 0.15804195 0.08092058
3 0.6985709 0.85820234 0.16346884 0.09495711
3 0.7067887 0.8505777 0.15534139 0.0877713
3 0.55441034 0.9566725 0.10882068 0.056215405
3 0.55694467 0.95420206 0.11388937 0.061156154
3 0.5628914 0.89387596 0.12578285 0.09041691
3 0.56021106 0.89141387 0.120422155 0.082270265
3 0.54980963 0.79583824 0.09961927 0.08554387
3 0.55237573 0.8509631 0.10475147 0.07627058
3 0.556292 0.84840703 0.112583995 0.08155835
3 0.5491342 0.7452757 0.09826842 0.06880617
3 0.5517448 0.74375623 0.10348964 0.063945174
3 0.5445039 0.692049 0.089007854 0.08030093
3 0.54169255 0.6944934 0.08338511 0.072040915
3 0.5428934 0.6485128 0.08578682 0.06207168
3 0.54812944 0.64392865 0.09625888 0.06091714
3 0.6731363 0.74679816 0.12993824 0.08461094
3 0.6789449 0.7447517 0.13362801 0.08535993
3 0.67867106 0.8006283 0.13553107 0.07391524
3 0.830528 0.71446055 0.18099391 0.11789715
3 0.8413297 0.7220014 0.18323445 0.11141074
3 0.83104575 0.64357954 0.16703343 0.111943364
3 0.8278303 0.6384212 0.18482196 0.12119913
3 0.84013295 0.5640743 0.18741775 0.11555433
3 0.8262626 0.56764656 0.1788745 0.11592996
3 0.66301256 0.6487754 0.15151238 0.099334836
3 0.6562235 0.64854705 0.1496365 0.10641861
3 0.6679258 0.60035205 0.14331543 0.081448436
3 0.6627749 0.59818876 0.12889159 0.0684129
3 0.97264576 0.64033806 0.05470854 0.10185385
3 0.96926296 0.6362104 0.061474085 0.106936455
3 0.96898127 0.7088758 0.062037528 0.103467226
3 0.97279096 0.56848264 0.054418087 0.110429764
3 0.9678418 0.5684975 0.06431639 0.10947049
3 0.971419 0.5261573 0.057162046 0.05231464
3 0.96870303 0.5252109 0.06259394 0.050421834
