3 0.16417576 0.26558322 0.070851535 0.14939465
3 0.15773436 0.25592834 0.057968736 0.15068303
3 0.15322268 0.15887089 0.048945367 0.105241776
3 0.1603125 0.15951508 0.063125014 0.10653016
3 0.28607032 0.21342432 0.17035937 0.13780726
3 0.28929296 0.13890918 0.16391408 0.065318376
3 0.28207034 0.13633247 0.16751565 0.06016493
3 0.74491334 0.10034564 0.27873337 0.08275657
3 0.70787466 0.12397529 0.2968788 0.13286266
3 0.82163286 0.2243236 0.3095119 0.21884291
3 0.8626065 0.1799468 0.27478683 0.21762767
3 0.95383483 0.2875283 0.09233034 0.28355986
3 0.36727855 0.55747885 0.19500959 0.053891778
3 0.12486644 0.78159493 0.16952679 0.11620116
3 0.14092728 0.79820883 0.20146549 0.12037325
3 0.32108748 0.76261693 0.20386714 0.11576593
3 0.35594246 0.77865076 0.20281106 0.12043846
3 0.12678947 0.6365408 0.17512438 0.117029905
3 0.14514658 0.6570774 0.21160299 0.118662596
3 0.3240294 0.63328874 0.19735505 0.09581423
3 0.36931634 0.64166903 0.18868399 0.11408162
3 0.1264369 0.5531012 0.17507216 0.059439898
3 0.14732136 0.56078935 0.20652577 0.07449722
3 0.32551736 0.55147785 0.19944912 0.04462087
3 0.94731325 0.7761404 0.1053735 0.05626452
3 0.9711134 0.7761456 0.057773232 0.056254268
3 0.9540774 0.83079803 0.091845155 0.16555846
3 0.93187153 0.8341242 0.13625693 0.17223263
3 0.91940653 0.9270954 0.16118693 0.14580917
3 0.9520156 0.93004483 0.09596884 0.13991034
