3 0.20774898 0.4231743 0.23673171 0.055485845
3 0.22440198 0.42333865 0.25402778 0.053700805
3 0.41785964 0.28221783 0.15796882 0.109882355
3 0.4070162 0.2794373 0.18146223 0.111338794
3 0.21633893 0.26127183 0.2796471 0.12192769
3 0.20112386 0.2597145 0.24932007 0.1181816
3 0.4265558 0.17846674 0.14688838 0.052971333
3 0.4140902 0.18270533 0.17181963 0.061448514
3 0.6586106 0.027826685 0.18877983 0.05565337
3 0.67264915 0.029448057 0.1924485 0.058896113
3 0.85702336 0.045003485 0.2303909 0.09000697
3 0.86911976 0.04542494 0.21336222 0.09084988
3 0.8700425 0.18400076 0.21976018 0.08742201
3 0.8494487 0.2038744 0.24271464 0.121144384
3 0.83888257 0.27463046 0.22698271 0.12217003
3 0.86617935 0.27294028 0.22521317 0.10374962
3 0.66436875 0.21991758 0.18407989 0.09723255
3 0.6475471 0.20979124 0.18190563 0.09899281
3 0.653648 0.11895618 0.18042552 0.08587552
3 0.6681385 0.11658823 0.18527615 0.0918871
3 0.19092683 0.69226253 0.07172111 0.04166472
3 0.19564888 0.6896619 0.07178539 0.039451838
3 0.2146382 0.7298442 0.07383694 0.043734074
3 0.2093402 0.727495 0.070979625 0.04334259
3 0.2140397 0.7715331 0.07115033 0.04017794
3 0.21804488 0.768276 0.07217334 0.040432334
3 0.22310469 0.810141 0.07203381 0.041209936
3 0.21607526 0.8074577 0.070990354 0.04033649
3 0.15235505 0.8177937 0.052210093 0.039331436
3 0.14846157 0.81612027 0.044423133 0.03790164
3 0.15111871 0.7782316 0.049737424 0.037850976
3 0.14895548 0.775309 0.04541096 0.038919568
3 0.14967673 0.7371739 0.046853453 0.036491156
3 0.7258294 0.79166704 0.21326768 0.12216818
3 0.90501845 0.78378165 0.121189475 0.09280527
3 0.7158897 0.86873317 0.20649242 0.07816589
3 0.74086183 0.8646145 0.20927715 0.079869986
3 0.9106835 0.8464831 0.10818851 0.05506599
3 0.89600146 0.852793 0.13737714 0.050559163
